111 0 0.075 2 1 10.0 20.0 0 20.0 1176 0 
111 0 0.075 2 2 30.0 20.0 1 30.0 463 0 
111 0 0.075 2 3 30.0 20.0 1 30.0 506 0 
111 0 0.075 2 4 30.0 20.0 1 30.0 18 0 
111 0 0.075 2 5 30.0 20.0 1 30.0 371 0 
111 0 0.075 2 6 30.0 20.0 0 20.0 216 0 
111 0 0.075 2 7 30.0 20.0 1 30.0 427 0 
111 0 0.075 2 8 30.0 20.0 1 30.0 530 0 
111 0 0.075 2 9 30.0 20.0 1 30.0 371 0 
111 0 0.075 2 10 30.0 20.0 1 30.0 4 0 
111 0 0.075 2 11 30.0 20.0 0 20.0 1341 0 
111 0 0.075 2 12 30.0 20.0 1 30.0 311 1 
111 0 0.075 2 13 30.0 20.0 1 30.0 282 1 
111 0 0.075 2 14 30.0 20.0 1 30.0 581 1 
111 0 0.075 2 15 30.0 20.0 1 30.0 448 1 
111 0 0.075 2 16 30.0 20.0 1 30.0 1165 1 
111 0 0.075 2 17 30.0 20.0 1 30.0 331 1 
111 0 0.075 2 18 30.0 20.0 1 30.0 324 1 
111 0 0.075 2 19 30.0 20.0 1 30.0 215 1 
111 0 0.075 2 20 30.0 20.0 0 20.0 378 1 
111 0 0.075 2 21 30.0 20.0 0 20.0 27 1 
111 0 0.075 2 22 30.0 20.0 1 30.0 1150 1 
111 0 0.075 2 23 30.0 20.0 1 30.0 609 1 
111 0 0.075 2 24 30.0 20.0 1 30.0 476 1 
111 0 0.075 2 25 30.0 20.0 1 30.0 1072 2 
111 0 0.075 2 26 30.0 40.0 1 30.0 275 2 
111 0 0.075 2 27 30.0 40.0 1 30.0 1214 2 
111 0 0.075 2 28 30.0 40.0 1 30.0 691 2 
111 0 0.075 2 29 50.0 40.0 1 50.0 271 4 
111 0 0.075 2 30 50.0 40.0 1 50.0 361 0 
111 0 0.075 2 31 50.0 40.0 0 40.0 445 0 
111 0 0.075 2 32 50.0 40.0 1 50.0 622 0 
111 0 0.075 2 33 50.0 60.0 1 50.0 69 0 
111 0 0.075 2 34 50.0 60.0 1 50.0 894 0 
111 0 0.075 2 35 50.0 60.0 1 50.0 693 0 
111 0 0.075 2 36 50.0 60.0 1 50.0 516 0 
111 0 0.075 2 37 50.0 60.0 1 50.0 105 0 
111 0 0.075 2 38 50.0 60.0 0 60.0 417 0 
111 0 0.075 2 39 50.0 60.0 0 60.0 104 0 
111 0 0.075 2 40 50.0 60.0 0 60.0 689 1 
111 0 0.075 2 41 50.0 60.0 0 60.0 160 1 
111 0 0.075 2 42 50.0 60.0 0 60.0 1043 1 
111 0 0.075 2 43 50.0 60.0 0 60.0 142 1 
111 0 0.075 2 44 50.0 60.0 0 60.0 188 1 
111 0 0.075 2 45 50.0 60.0 0 60.0 53 1 
111 0 0.075 2 46 50.0 60.0 1 50.0 188 1 
111 0 0.075 2 47 50.0 60.0 0 60.0 285 1 
111 0 0.075 2 48 50.0 60.0 0 60.0 1123 1 
111 0 0.075 2 49 50.0 60.0 0 60.0 390 1 
111 0 0.075 2 50 50.0 60.0 0 60.0 309 1 
111 0 0.075 2 51 50.0 60.0 0 60.0 869 1 
111 0 0.075 2 52 50.0 60.0 0 60.0 515 2 
111 0 0.075 2 53 50.0 60.0 0 60.0 22 2 
111 0 0.075 2 54 50.0 60.0 0 60.0 322 2 
111 0 0.075 2 55 50.0 60.0 0 60.0 283 2 
111 0 0.075 2 56 50.0 60.0 0 60.0 373 2 
111 0 0.075 2 57 50.0 60.0 0 60.0 162 2 
111 0 0.075 2 58 50.0 60.0 0 60.0 0 2 
111 0 0.075 2 59 50.0 60.0 1 50.0 239 2 
111 0 0.075 2 60 50.0 60.0 0 60.0 264 2 
111 0 0.075 2 61 50.0 60.0 0 60.0 351 2 
111 0 0.075 2 62 50.0 60.0 1 50.0 192 2 
111 0 0.075 2 63 50.0 60.0 0 60.0 48 2 
111 0 0.075 2 64 50.0 60.0 0 60.0 54 2 
111 0 0.075 2 65 50.0 60.0 1 50.0 240 2 
111 0 0.075 2 66 70.0 60.0 0 60.0 356 2 
111 0 0.075 2 67 70.0 60.0 0 60.0 448 2 
111 0 0.075 2 68 70.0 60.0 0 60.0 815 2 
111 0 0.075 2 69 70.0 60.0 0 60.0 948 2 
111 0 0.075 2 70 70.0 60.0 0 60.0 59 2 
111 0 0.075 2 71 70.0 60.0 1 70.0 434 2 
111 0 0.075 2 72 70.0 60.0 1 70.0 503 2 
111 0 0.075 2 73 70.0 60.0 1 70.0 439 3 
111 0 0.075 2 74 70.0 60.0 1 70.0 553 3 
111 0 0.075 2 75 70.0 80.0 1 70.0 1450 3 
111 0 0.075 2 76 70.0 80.0 0 80.0 271 3 
111 0 0.075 2 77 70.0 80.0 0 80.0 332 3 
111 0 0.075 2 78 70.0 80.0 0 80.0 479 3 
111 0 0.075 2 79 70.0 80.0 1 70.0 316 3 
111 0 0.075 2 80 70.0 80.0 0 80.0 405 3 
111 0 0.075 2 81 70.0 80.0 0 80.0 630 3 
111 0 0.075 2 82 70.0 80.0 0 80.0 333 3 
111 0 0.075 2 83 70.0 80.0 0 80.0 1480 3 
111 0 0.075 2 84 70.0 80.0 0 80.0 547 3 
111 0 0.075 2 85 70.0 80.0 0 80.0 414 3 
111 0 0.075 2 86 90.0 80.0 1 90.0 29 3 
111 0 0.075 2 87 90.0 80.0 1 90.0 176 3 
111 0 0.075 2 88 90.0 80.0 1 90.0 919 3 
111 0 0.075 2 89 90.0 80.0 1 90.0 347 3 
111 0 0.075 2 90 90.0 80.0 0 80.0 268 3 
111 0 0.075 2 91 90.0 80.0 1 90.0 285 3 
111 0 0.075 2 92 90.0 80.0 1 90.0 384 3 
111 0 0.075 2 93 90.0 80.0 1 90.0 569 3 
111 0 0.075 2 94 90.0 80.0 1 90.0 514 3 
111 0 0.075 2 95 90.0 80.0 1 90.0 396 3 
111 0 0.075 2 96 90.0 80.0 1 90.0 815 3 
111 0 0.075 2 97 90.0 80.0 0 80.0 110 3 
111 0 0.075 2 98 90.0 80.0 1 90.0 1209 3 
111 0 0.075 2 99 90.0 80.0 1 90.0 245 4 
111 0 0.075 2 100 90.0 100.0 1 90.0 252 0 
111 0 0.075 2 101 110.0 100.0 1 110.0 309 0 
111 0 0.075 2 102 110.0 100.0 0 100.0 62 0 
111 0 0.075 2 103 110.0 100.0 1 110.0 1157 0 
111 0 0.075 2 104 110.0 100.0 1 110.0 566 0 
111 0 0.075 2 105 110.0 100.0 1 110.0 535 0 
111 0 0.075 2 106 110.0 100.0 1 110.0 86 0 
111 0 0.075 2 107 110.0 100.0 1 110.0 368 0 
111 0 0.075 2 108 110.0 100.0 1 110.0 1450 0 
111 0 0.075 2 109 110.0 100.0 0 100.0 24 0 
111 0 0.075 2 110 110.0 100.0 1 110.0 281 0 
111 0 0.075 2 111 110.0 100.0 1 110.0 129 0 
111 0 0.075 2 112 110.0 100.0 1 110.0 173 0 
111 0 0.075 2 113 110.0 100.0 0 100.0 388 0 
111 0 0.075 2 114 110.0 100.0 0 100.0 61 0 
111 0 0.075 2 115 110.0 100.0 1 110.0 30 0 
111 0 0.075 2 116 110.0 120.0 1 110.0 405 0 
111 0 0.075 2 117 110.0 120.0 1 110.0 34 0 
111 0 0.075 2 118 130.0 120.0 1 130.0 173 0 
111 0 0.075 2 119 130.0 120.0 1 130.0 154 0 
111 0 0.075 2 120 130.0 120.0 0 120.0 70 0 
111 0 0.075 2 121 130.0 120.0 1 130.0 168 0 
111 0 0.075 2 122 130.0 140.0 1 130.0 331 0 
111 0 0.075 2 123 130.0 140.0 0 140.0 322 0 
111 0 0.075 2 124 130.0 140.0 0 140.0 135 0 
111 0 0.075 2 125 130.0 140.0 0 140.0 262 0 
111 0 0.075 2 126 130.0 140.0 0 140.0 543 0 
111 0 0.075 2 127 130.0 140.0 0 140.0 202 0 
111 0 0.075 2 128 130.0 140.0 1 130.0 223 0 
111 0 0.075 2 129 130.0 140.0 0 140.0 80 0 
111 0 0.075 2 130 130.0 140.0 0 140.0 43 0 
111 0 0.075 2 131 130.0 140.0 1 130.0 368 0 
111 0 0.075 2 132 130.0 140.0 0 140.0 61 0 
111 0 0.075 2 133 130.0 140.0 0 140.0 234 0 
111 0 0.075 2 134 130.0 140.0 0 140.0 509 0 
111 0 0.075 2 135 130.0 140.0 0 140.0 700 0 
111 0 0.075 2 136 130.0 140.0 1 130.0 358 0 
111 0 0.075 2 137 130.0 140.0 0 140.0 737 0 
111 0 0.075 2 138 130.0 140.0 0 140.0 272 0 
111 0 0.075 2 139 130.0 140.0 0 140.0 74 0 
111 0 0.075 2 140 130.0 140.0 1 130.0 151 0 
111 0 0.075 2 141 130.0 140.0 1 130.0 432 0 
111 0 0.075 2 142 130.0 140.0 1 130.0 1213 0 
111 0 0.075 2 143 130.0 140.0 0 140.0 10 0 
111 0 0.075 2 144 130.0 140.0 0 140.0 87 0 
111 0 0.075 2 145 150.0 140.0 0 140.0 1060 0 
111 0 0.075 2 146 150.0 140.0 0 140.0 11 0 
111 0 0.075 2 147 150.0 140.0 0 140.0 16 0 
111 0 0.075 2 148 150.0 140.0 0 140.0 314 0 
111 0 0.075 2 149 150.0 160.0 1 150.0 231 0 
111 0 0.075 2 150 150.0 160.0 1 150.0 194 0 
111 0 0.075 2 151 150.0 160.0 1 150.0 281 0 
111 0 0.075 2 152 150.0 160.0 1 150.0 502 0 
111 0 0.075 2 153 150.0 160.0 1 150.0 225 0 
111 0 0.075 2 154 150.0 160.0 1 150.0 74 0 
111 0 0.075 2 155 150.0 160.0 1 150.0 93 0 
111 0 0.075 2 156 150.0 160.0 0 160.0 160 0 
111 0 0.075 2 157 150.0 160.0 0 160.0 48 0 
111 0 0.075 2 158 150.0 160.0 0 160.0 216 0 
111 0 0.075 2 159 150.0 160.0 0 160.0 57 0 
111 0 0.075 2 160 150.0 160.0 1 150.0 38 0 
111 0 0.075 2 161 150.0 160.0 0 160.0 277 0 
111 0 0.075 2 162 150.0 160.0 0 160.0 270 0 
111 0 0.075 2 163 150.0 160.0 0 160.0 1190 0 
111 0 0.075 2 164 150.0 160.0 0 160.0 13 0 
111 0 0.075 2 165 150.0 160.0 0 160.0 124 0 
111 0 0.075 2 166 150.0 160.0 0 160.0 11 0 
111 0 0.075 2 167 150.0 160.0 0 160.0 103 0 
111 0 0.075 2 168 150.0 160.0 0 160.0 109 0 
111 0 0.075 2 169 150.0 160.0 1 150.0 250 0 
111 0 0.075 2 170 150.0 160.0 0 160.0 193 0 
111 0 0.075 2 171 150.0 160.0 0 160.0 792 0 
111 0 0.075 2 172 150.0 160.0 0 160.0 169 0 
111 0 0.075 2 173 150.0 160.0 0 160.0 51 1 
111 0 0.075 2 174 150.0 160.0 0 160.0 51 1 
111 0 0.075 2 175 150.0 160.0 1 150.0 161 1 
111 0 0.075 2 176 150.0 160.0 0 160.0 11 1 
111 0 0.075 2 177 150.0 160.0 0 160.0 158 1 
111 0 0.075 2 178 150.0 160.0 0 160.0 209 1 
111 0 0.075 2 179 150.0 160.0 0 160.0 36 1 
111 0 0.075 2 180 150.0 160.0 0 160.0 0 1 
111 0 0.075 2 181 150.0 160.0 0 160.0 104 1 
111 0 0.075 2 182 150.0 160.0 0 160.0 3 1 
111 0 0.075 2 183 150.0 160.0 1 150.0 149 1 
111 0 0.075 2 184 150.0 160.0 0 160.0 24 1 
111 0 0.075 2 185 150.0 160.0 0 160.0 19 1 
111 0 0.075 2 186 150.0 160.0 0 160.0 158 1 
111 0 0.075 2 187 150.0 160.0 0 160.0 105 1 
111 0 0.075 2 188 150.0 160.0 0 160.0 190 1 
111 0 0.075 2 189 150.0 160.0 0 160.0 97 1 
111 0 0.075 2 190 150.0 160.0 0 160.0 136 1 
111 0 0.075 2 191 150.0 160.0 0 160.0 298 1 
111 0 0.075 2 192 150.0 160.0 0 160.0 39 1 
111 0 0.075 2 193 170.0 160.0 1 170.0 35 1 
111 0 0.075 2 194 170.0 160.0 1 170.0 535 2 
111 0 0.075 2 195 170.0 160.0 1 170.0 123 2 
111 0 0.075 2 196 170.0 160.0 1 170.0 162 2 
111 0 0.075 2 197 170.0 160.0 0 160.0 1 2 
111 0 0.075 2 198 170.0 160.0 1 170.0 120 2 
111 0 0.075 2 199 170.0 160.0 1 170.0 127 2 
111 0 0.075 2 200 170.0 160.0 1 170.0 218 2 
111 0 0.075 2 201 170.0 160.0 1 170.0 290 2 
111 0 0.075 2 202 170.0 160.0 0 160.0 65 2 
111 0 0.075 2 203 170.0 160.0 1 170.0 238 2 
111 0 0.075 2 204 170.0 160.0 1 170.0 43 2 
111 0 0.075 2 205 170.0 160.0 1 170.0 222 2 
111 0 0.075 2 206 170.0 160.0 1 170.0 239 2 
111 0 0.075 2 207 170.0 160.0 1 170.0 174 2 
111 0 0.075 2 208 170.0 160.0 1 170.0 441 2 
111 0 0.075 2 209 170.0 160.0 1 170.0 148 2 
111 0 0.075 2 210 170.0 160.0 0 160.0 627 2 
111 0 0.075 2 211 170.0 160.0 1 170.0 42 2 
111 0 0.075 2 212 170.0 160.0 1 170.0 11 2 
111 0 0.075 2 213 170.0 160.0 1 170.0 182 2 
111 0 0.075 2 214 170.0 160.0 1 170.0 1047 2 
111 0 0.075 2 215 170.0 160.0 1 170.0 184 2 
111 0 0.075 2 216 170.0 160.0 1 170.0 399 2 
111 0 0.075 2 217 170.0 160.0 0 160.0 224 2 
111 0 0.075 2 218 170.0 160.0 1 170.0 173 2 
111 0 0.075 2 219 170.0 160.0 1 170.0 442 2 
111 0 0.075 2 220 170.0 160.0 1 170.0 246 2 
111 0 0.075 2 221 170.0 160.0 1 170.0 0 2 
111 0 0.075 2 222 170.0 160.0 1 170.0 226 2 
111 0 0.075 2 223 170.0 160.0 1 170.0 301 2 
111 0 0.075 2 224 170.0 180.0 1 170.0 152 2 
111 0 0.075 2 225 170.0 180.0 1 170.0 270 2 
111 0 0.075 2 226 190.0 180.0 0 180.0 344 2 
111 0 0.075 2 227 190.0 180.0 0 180.0 295 2 
111 0 0.075 2 228 190.0 180.0 0 180.0 200 2 
111 0 0.075 2 229 190.0 180.0 0 180.0 453 2 
111 0 0.075 2 230 190.0 180.0 0 180.0 380 2 
111 0 0.075 2 231 190.0 180.0 1 190.0 258 2 
111 0 0.075 2 232 190.0 180.0 0 180.0 381 2 
111 0 0.075 2 233 190.0 180.0 1 190.0 756 2 
111 0 0.075 2 234 190.0 180.0 1 190.0 649 2 
111 0 0.075 2 235 190.0 180.0 1 190.0 368 2 
111 0 0.075 2 236 190.0 180.0 1 190.0 13 2 
111 0 0.075 2 237 190.0 180.0 0 180.0 244 2 
111 0 0.075 2 238 190.0 180.0 1 190.0 23 2 
111 0 0.075 2 239 190.0 180.0 1 190.0 374 2 
111 0 0.075 2 240 190.0 200.0 1 190.0 870 2 
111 0 0.075 2 241 190.0 200.0 1 190.0 710 2 
111 0 0.075 2 242 190.0 200.0 1 190.0 137 2 
111 0 0.075 2 243 190.0 200.0 1 190.0 588 2 
111 0 0.075 2 244 190.0 200.0 0 200.0 305 2 
111 0 0.075 2 245 190.0 200.0 0 200.0 78 2 
111 0 0.075 2 246 190.0 200.0 0 200.0 539 2 
111 0 0.075 2 247 190.0 200.0 0 200.0 269 2 
111 0 0.075 2 248 190.0 200.0 0 200.0 173 2 
111 0 0.075 2 249 190.0 200.0 1 190.0 360 2 
111 0 0.075 2 250 210.0 200.0 0 200.0 265 2 
111 0 0.075 2 251 210.0 200.0 0 200.0 953 2 
111 0 0.075 2 252 210.0 200.0 0 200.0 318 2 
111 0 0.075 2 253 210.0 200.0 0 200.0 249 2 
111 0 0.075 2 254 210.0 200.0 0 200.0 289 2 
111 0 0.075 2 255 210.0 200.0 0 200.0 43 2 
111 0 0.075 2 256 210.0 200.0 0 200.0 70 2 
111 0 0.075 2 257 210.0 220.0 0 220.0 133 2 
111 0 0.075 2 258 230.0 220.0 0 220.0 309 2 
111 0 0.075 2 259 230.0 220.0 1 230.0 325 2 
111 0 0.075 2 260 230.0 220.0 0 220.0 454 2 
111 0 0.075 2 261 230.0 220.0 0 220.0 110 2 
111 0 0.075 2 262 230.0 220.0 0 220.0 278 2 
111 0 0.075 2 263 230.0 220.0 0 220.0 29 2 
111 0 0.075 2 264 230.0 240.0 1 230.0 63 2 
111 0 0.075 2 265 230.0 240.0 1 230.0 70 2 
111 0 0.075 2 266 230.0 240.0 1 230.0 144 2 
111 0 0.075 2 267 230.0 240.0 0 240.0 129 2 
111 0 0.075 2 268 230.0 240.0 0 240.0 233 2 
111 0 0.075 2 269 230.0 240.0 1 230.0 109 2 
111 0 0.075 2 270 230.0 240.0 0 240.0 103 2 
111 0 0.075 2 271 230.0 240.0 1 230.0 21 2 
111 0 0.075 2 272 230.0 240.0 1 230.0 91 2 
111 0 0.075 2 273 230.0 240.0 0 240.0 67 2 
111 0 0.075 2 274 230.0 240.0 1 230.0 27 2 
111 0 0.075 2 275 230.0 240.0 1 230.0 105 2 
111 0 0.075 2 276 230.0 240.0 0 240.0 590 2 
111 0 0.075 2 277 250.0 240.0 0 240.0 572 2 
111 0 0.075 2 278 250.0 240.0 1 250.0 675 2 
111 0 0.075 2 279 250.0 240.0 1 250.0 100 2 
111 0 0.075 2 280 250.0 240.0 1 250.0 102 2 
111 0 0.075 2 281 250.0 240.0 0 240.0 751 2 
111 0 0.075 2 282 250.0 240.0 1 250.0 454 2 
111 0 0.075 2 283 250.0 240.0 1 250.0 541 2 
111 0 0.075 2 284 250.0 240.0 1 250.0 159 2 
111 0 0.075 2 285 250.0 240.0 1 250.0 240 2 
111 0 0.075 2 286 250.0 240.0 1 250.0 93 2 
111 0 0.075 2 287 250.0 240.0 0 240.0 58 2 
111 0 0.075 2 288 250.0 240.0 1 250.0 280 2 
111 0 0.075 2 289 250.0 240.0 1 250.0 549 2 
111 0 0.075 2 290 250.0 240.0 1 250.0 428 2 
111 0 0.075 2 291 250.0 240.0 1 250.0 336 2 
111 0 0.075 2 292 250.0 240.0 1 250.0 593 2 
111 0 0.075 2 293 250.0 240.0 0 240.0 74 2 
111 0 0.075 2 294 250.0 240.0 1 250.0 361 2 
111 0 0.075 2 295 250.0 240.0 1 250.0 9 2 
111 0 0.075 2 296 250.0 240.0 1 250.0 612 2 
111 0 0.075 2 297 250.0 240.0 1 250.0 32 2 
111 0 0.075 2 298 250.0 240.0 0 240.0 353 2 
111 0 0.075 2 299 250.0 240.0 1 250.0 145 2 
111 0 0.075 2 300 250.0 240.0 1 250.0 36 2 
222 0 0.075 2 1 10.0 20.0 1 10.0 493 0 
222 0 0.075 2 2 10.0 20.0 1 10.0 106 0 
222 0 0.075 2 3 30.0 20.0 0 20.0 39 0 
222 0 0.075 2 4 30.0 20.0 0 20.0 230 0 
222 0 0.075 2 5 30.0 20.0 1 30.0 173 0 
222 0 0.075 2 6 30.0 20.0 1 30.0 30 0 
222 0 0.075 2 7 30.0 40.0 1 30.0 171 0 
222 0 0.075 2 8 30.0 40.0 1 30.0 158 0 
222 0 0.075 2 9 30.0 40.0 0 40.0 89 0 
222 0 0.075 2 10 30.0 40.0 1 30.0 26 0 
222 0 0.075 2 11 30.0 40.0 0 40.0 73 0 
222 0 0.075 2 12 30.0 40.0 0 40.0 216 0 
222 0 0.075 2 13 30.0 40.0 1 30.0 13 0 
222 0 0.075 2 14 30.0 40.0 0 40.0 104 0 
222 0 0.075 2 15 30.0 40.0 0 40.0 284 0 
222 0 0.075 2 16 30.0 40.0 1 30.0 24 0 
222 0 0.075 2 17 30.0 40.0 0 40.0 65 0 
222 0 0.075 2 18 30.0 40.0 0 40.0 71 0 
222 0 0.075 2 19 30.0 40.0 0 40.0 168 0 
222 0 0.075 2 20 30.0 40.0 1 30.0 422 0 
222 0 0.075 2 21 30.0 40.0 0 40.0 203 0 
222 0 0.075 2 22 30.0 40.0 0 40.0 147 0 
222 0 0.075 2 23 30.0 40.0 0 40.0 158 0 
222 0 0.075 2 24 30.0 40.0 1 30.0 34 0 
222 0 0.075 2 25 30.0 40.0 0 40.0 231 0 
222 0 0.075 2 26 30.0 40.0 1 30.0 344 0 
222 0 0.075 2 27 30.0 40.0 0 40.0 231 0 
222 0 0.075 2 28 30.0 40.0 1 30.0 436 0 
222 0 0.075 2 29 30.0 40.0 0 40.0 275 0 
222 0 0.075 2 30 30.0 40.0 1 30.0 40 0 
222 0 0.075 2 31 30.0 40.0 0 40.0 115 0 
222 0 0.075 2 32 30.0 40.0 0 40.0 186 0 
222 0 0.075 2 33 50.0 40.0 0 40.0 512 0 
222 0 0.075 2 34 50.0 40.0 0 40.0 240 0 
222 0 0.075 2 35 50.0 40.0 1 50.0 1 0 
222 0 0.075 2 36 50.0 60.0 1 50.0 304 0 
222 0 0.075 2 37 50.0 60.0 0 60.0 391 0 
222 0 0.075 2 38 50.0 60.0 1 50.0 206 0 
222 0 0.075 2 39 70.0 60.0 0 60.0 92 0 
222 0 0.075 2 40 70.0 60.0 0 60.0 470 0 
222 0 0.075 2 41 70.0 60.0 0 60.0 267 0 
222 0 0.075 2 42 70.0 60.0 1 70.0 79 0 
222 0 0.075 2 43 70.0 60.0 1 70.0 305 0 
222 0 0.075 2 44 70.0 60.0 0 60.0 373 0 
222 0 0.075 2 45 70.0 60.0 1 70.0 479 0 
222 0 0.075 2 46 70.0 60.0 1 70.0 418 0 
222 0 0.075 2 47 70.0 80.0 1 70.0 499 0 
222 0 0.075 2 48 90.0 80.0 0 80.0 428 0 
222 0 0.075 2 49 90.0 80.0 0 80.0 311 0 
222 0 0.075 2 50 90.0 80.0 0 80.0 500 0 
222 0 0.075 2 51 90.0 80.0 1 90.0 439 0 
222 0 0.075 2 52 90.0 80.0 0 80.0 116 0 
222 0 0.075 2 53 90.0 80.0 1 90.0 291 0 
222 0 0.075 2 54 90.0 80.0 1 90.0 106 0 
222 0 0.075 2 55 90.0 80.0 0 80.0 174 0 
222 0 0.075 2 56 90.0 80.0 1 90.0 436 0 
222 0 0.075 2 57 90.0 80.0 1 90.0 507 0 
222 0 0.075 2 58 90.0 80.0 0 80.0 0 0 
222 0 0.075 2 59 90.0 80.0 1 90.0 210 0 
222 0 0.075 2 60 90.0 80.0 1 90.0 51 0 
222 0 0.075 2 61 90.0 80.0 1 90.0 568 0 
222 0 0.075 2 62 90.0 80.0 1 90.0 372 0 
222 0 0.075 2 63 90.0 80.0 1 90.0 313 0 
222 0 0.075 2 64 90.0 80.0 0 80.0 432 0 
222 0 0.075 2 65 90.0 80.0 1 90.0 351 0 
222 0 0.075 2 66 90.0 80.0 1 90.0 441 0 
222 0 0.075 2 67 90.0 80.0 1 90.0 484 0 
222 0 0.075 2 68 90.0 80.0 1 90.0 94 0 
222 0 0.075 2 69 90.0 80.0 1 90.0 71 0 
222 0 0.075 2 70 90.0 80.0 0 80.0 360 0 
222 0 0.075 2 71 90.0 100.0 1 90.0 147 0 
222 0 0.075 2 72 90.0 100.0 1 90.0 160 0 
222 0 0.075 2 73 90.0 100.0 1 90.0 144 0 
222 0 0.075 2 74 90.0 100.0 1 90.0 134 0 
222 0 0.075 2 75 90.0 100.0 1 90.0 31 0 
222 0 0.075 2 76 90.0 100.0 0 100.0 285 0 
222 0 0.075 2 77 90.0 100.0 0 100.0 35 0 
222 0 0.075 2 78 90.0 100.0 0 100.0 236 0 
222 0 0.075 2 79 110.0 100.0 0 100.0 0 0 
222 0 0.075 2 80 110.0 100.0 0 100.0 86 0 
222 0 0.075 2 81 110.0 100.0 0 100.0 288 0 
222 0 0.075 2 82 110.0 100.0 1 110.0 129 0 
222 0 0.075 2 83 110.0 100.0 1 110.0 330 0 
222 0 0.075 2 84 110.0 100.0 1 110.0 185 0 
222 0 0.075 2 85 110.0 100.0 1 110.0 47 0 
222 0 0.075 2 86 110.0 120.0 1 110.0 104 0 
222 0 0.075 2 87 110.0 120.0 0 120.0 259 0 
222 0 0.075 2 88 110.0 120.0 0 120.0 412 0 
222 0 0.075 2 89 110.0 120.0 1 110.0 165 0 
222 0 0.075 2 90 110.0 120.0 0 120.0 277 0 
222 0 0.075 2 91 110.0 120.0 0 120.0 376 0 
222 0 0.075 2 92 110.0 120.0 1 110.0 212 0 
222 0 0.075 2 93 110.0 120.0 0 120.0 67 0 
222 0 0.075 2 94 110.0 120.0 0 120.0 63 0 
222 0 0.075 2 95 110.0 120.0 0 120.0 148 0 
222 0 0.075 2 96 110.0 120.0 0 120.0 229 0 
222 0 0.075 2 97 110.0 120.0 1 110.0 73 0 
222 0 0.075 2 98 130.0 120.0 1 130.0 247 0 
222 0 0.075 2 99 130.0 120.0 0 120.0 178 0 
222 0 0.075 2 100 130.0 120.0 1 130.0 447 0 
222 0 0.075 2 101 130.0 120.0 1 130.0 374 0 
222 0 0.075 2 102 130.0 140.0 0 140.0 349 0 
222 0 0.075 2 103 130.0 140.0 0 140.0 23 0 
222 0 0.075 2 104 130.0 140.0 0 140.0 108 0 
222 0 0.075 2 105 130.0 140.0 0 140.0 54 0 
222 0 0.075 2 106 130.0 140.0 0 140.0 220 0 
222 0 0.075 2 107 130.0 140.0 0 140.0 201 0 
222 0 0.075 2 108 130.0 140.0 0 140.0 705 0 
222 0 0.075 2 109 130.0 140.0 0 140.0 257 0 
222 0 0.075 2 110 150.0 140.0 0 140.0 46 0 
222 0 0.075 2 111 150.0 140.0 0 140.0 344 0 
222 0 0.075 2 112 150.0 140.0 1 150.0 64 0 
222 0 0.075 2 113 150.0 140.0 1 150.0 740 0 
222 0 0.075 2 114 150.0 140.0 0 140.0 244 0 
222 0 0.075 2 115 150.0 140.0 1 150.0 127 0 
222 0 0.075 2 116 150.0 160.0 1 150.0 42 0 
222 0 0.075 2 117 170.0 160.0 1 170.0 58 0 
222 0 0.075 2 118 170.0 160.0 0 160.0 0 0 
222 0 0.075 2 119 170.0 160.0 1 170.0 108 0 
222 0 0.075 2 120 170.0 160.0 1 170.0 32 0 
222 0 0.075 2 121 170.0 180.0 1 170.0 339 0 
222 0 0.075 2 122 170.0 180.0 0 180.0 392 0 
222 0 0.075 2 123 170.0 180.0 1 170.0 397 0 
222 0 0.075 2 124 170.0 180.0 0 180.0 114 0 
222 0 0.075 2 125 170.0 180.0 0 180.0 513 0 
222 0 0.075 2 126 170.0 180.0 1 170.0 203 0 
222 0 0.075 2 127 190.0 180.0 0 180.0 48 0 
222 0 0.075 2 128 190.0 180.0 0 180.0 259 0 
222 0 0.075 2 129 190.0 180.0 1 190.0 347 0 
222 0 0.075 2 130 190.0 180.0 1 190.0 127 0 
222 0 0.075 2 131 190.0 180.0 0 180.0 86 0 
222 0 0.075 2 132 190.0 180.0 0 180.0 201 0 
222 0 0.075 2 133 190.0 180.0 1 190.0 24 0 
222 0 0.075 2 134 190.0 180.0 1 190.0 124 0 
222 0 0.075 2 135 190.0 180.0 1 190.0 0 0 
222 0 0.075 2 136 190.0 180.0 1 190.0 166 0 
222 0 0.075 2 137 190.0 180.0 1 190.0 93 0 
222 0 0.075 2 138 190.0 180.0 0 180.0 67 0 
222 0 0.075 2 139 190.0 180.0 0 180.0 0 0 
222 0 0.075 2 140 190.0 180.0 0 180.0 201 0 
222 0 0.075 2 141 190.0 180.0 1 190.0 224 0 
222 0 0.075 2 142 190.0 180.0 1 190.0 189 0 
222 0 0.075 2 143 190.0 180.0 1 190.0 142 0 
222 0 0.075 2 144 190.0 200.0 1 190.0 94 0 
222 0 0.075 2 145 190.0 200.0 0 200.0 83 0 
222 0 0.075 2 146 210.0 200.0 1 210.0 279 0 
222 0 0.075 2 147 210.0 220.0 0 220.0 292 0 
222 0 0.075 2 148 210.0 220.0 1 210.0 227 0 
222 0 0.075 2 149 210.0 220.0 0 220.0 250 0 
222 0 0.075 2 150 210.0 220.0 1 210.0 237 0 
222 0 0.075 2 151 210.0 220.0 1 210.0 459 0 
222 0 0.075 2 152 210.0 220.0 0 220.0 555 0 
222 0 0.075 2 153 210.0 220.0 0 220.0 533 0 
222 0 0.075 2 154 210.0 220.0 0 220.0 519 0 
222 0 0.075 2 155 210.0 220.0 1 210.0 19 0 
222 0 0.075 2 156 210.0 220.0 0 220.0 272 0 
222 0 0.075 2 157 210.0 220.0 0 220.0 427 0 
222 0 0.075 2 158 210.0 220.0 0 220.0 275 0 
222 0 0.075 2 159 210.0 220.0 0 220.0 373 0 
222 0 0.075 2 160 210.0 220.0 0 220.0 452 0 
222 0 0.075 2 161 210.0 220.0 1 210.0 259 0 
222 0 0.075 2 162 210.0 220.0 0 220.0 461 0 
222 0 0.075 2 163 210.0 220.0 0 220.0 589 0 
222 0 0.075 2 164 210.0 220.0 1 210.0 620 0 
222 0 0.075 2 165 210.0 220.0 1 210.0 268 0 
222 0 0.075 2 166 230.0 220.0 1 230.0 289 0 
222 0 0.075 2 167 230.0 220.0 1 230.0 0 0 
222 0 0.075 2 168 230.0 220.0 1 230.0 24 0 
222 0 0.075 2 169 230.0 220.0 0 220.0 45 0 
222 0 0.075 2 170 230.0 220.0 1 230.0 82 0 
222 0 0.075 2 171 230.0 220.0 0 220.0 111 0 
222 0 0.075 2 172 230.0 220.0 1 230.0 185 0 
222 0 0.075 2 173 230.0 220.0 0 220.0 240 0 
222 0 0.075 2 174 230.0 220.0 1 230.0 277 0 
222 0 0.075 2 175 230.0 220.0 0 220.0 2 0 
222 0 0.075 2 176 230.0 220.0 1 230.0 3 0 
222 0 0.075 2 177 230.0 220.0 0 220.0 0 0 
222 0 0.075 2 178 230.0 220.0 0 220.0 130 0 
222 0 0.075 2 179 230.0 220.0 1 230.0 251 0 
222 0 0.075 2 180 230.0 220.0 1 230.0 381 0 
222 0 0.075 2 181 230.0 220.0 1 230.0 34 0 
222 0 0.075 2 182 230.0 220.0 1 230.0 48 0 
222 0 0.075 2 183 230.0 220.0 1 230.0 288 0 
222 0 0.075 2 184 230.0 220.0 1 230.0 353 0 
222 0 0.075 2 185 230.0 220.0 1 230.0 200 0 
222 0 0.075 2 186 230.0 220.0 1 230.0 223 0 
222 0 0.075 2 187 230.0 220.0 0 220.0 355 0 
222 0 0.075 2 188 230.0 220.0 1 230.0 136 0 
222 0 0.075 2 189 230.0 220.0 1 230.0 240 0 
222 0 0.075 2 190 230.0 240.0 1 230.0 155 0 
222 0 0.075 2 191 250.0 240.0 1 250.0 184 0 
222 0 0.075 2 192 250.0 240.0 0 240.0 799 0 
222 0 0.075 2 193 250.0 240.0 1 250.0 240 0 
222 0 0.075 2 194 250.0 240.0 1 250.0 359 0 
222 0 0.075 2 195 250.0 240.0 1 250.0 24 0 
222 0 0.075 2 196 250.0 260.0 0 260.0 127 0 
222 0 0.075 2 197 250.0 260.0 0 260.0 363 0 
222 0 0.075 2 198 250.0 260.0 0 260.0 47 0 
222 0 0.075 2 199 250.0 260.0 1 250.0 186 0 
222 0 0.075 2 200 250.0 260.0 0 260.0 222 0 
222 0 0.075 2 201 250.0 260.0 0 260.0 998 0 
222 0 0.075 2 202 250.0 260.0 0 260.0 209 0 
222 0 0.075 2 203 250.0 260.0 0 260.0 313 0 
222 0 0.075 2 204 250.0 260.0 0 260.0 61 0 
222 0 0.075 2 205 250.0 260.0 1 250.0 1 0 
222 0 0.075 2 206 250.0 260.0 0 260.0 203 0 
222 0 0.075 2 207 270.0 260.0 0 260.0 298 0 
222 0 0.075 2 208 270.0 260.0 0 260.0 202 0 
222 0 0.075 2 209 270.0 260.0 0 260.0 247 0 
222 0 0.075 2 210 270.0 260.0 1 270.0 22 0 
222 0 0.075 2 211 270.0 260.0 1 270.0 157 0 
222 0 0.075 2 212 270.0 260.0 0 260.0 351 0 
222 0 0.075 2 213 270.0 260.0 1 270.0 322 0 
222 0 0.075 2 214 270.0 260.0 1 270.0 42 0 
222 0 0.075 2 215 270.0 280.0 1 270.0 167 0 
222 0 0.075 2 216 270.0 280.0 1 270.0 816 0 
222 0 0.075 2 217 270.0 280.0 1 270.0 208 1 
222 0 0.075 2 218 270.0 280.0 1 270.0 75 1 
222 0 0.075 2 219 270.0 280.0 0 280.0 122 1 
222 0 0.075 2 220 270.0 280.0 0 280.0 1428 1 
222 0 0.075 2 221 270.0 280.0 1 270.0 540 1 
222 0 0.075 2 222 270.0 280.0 0 280.0 1413 1 
222 0 0.075 2 223 270.0 280.0 0 280.0 526 1 
222 0 0.075 2 224 270.0 280.0 1 270.0 377 1 
222 0 0.075 2 225 270.0 280.0 0 280.0 632 1 
222 0 0.075 2 226 270.0 280.0 0 280.0 293 1 
222 0 0.075 2 227 270.0 280.0 0 280.0 220 1 
222 0 0.075 2 228 270.0 280.0 0 280.0 280 1 
222 0 0.075 2 229 270.0 280.0 1 270.0 387 1 
222 0 0.075 2 230 290.0 280.0 0 280.0 161 1 
222 0 0.075 2 231 290.0 280.0 0 280.0 304 1 
222 0 0.075 2 232 290.0 280.0 0 280.0 215 1 
222 0 0.075 2 233 290.0 280.0 0 280.0 263 1 
222 0 0.075 2 234 290.0 280.0 0 280.0 348 1 
222 0 0.075 2 235 290.0 280.0 0 280.0 195 1 
222 0 0.075 2 236 290.0 280.0 0 280.0 324 1 
222 0 0.075 2 237 290.0 280.0 1 290.0 227 1 
222 0 0.075 2 238 290.0 280.0 1 290.0 286 1 
222 0 0.075 2 239 290.0 280.0 0 280.0 101 1 
222 0 0.075 2 240 290.0 280.0 1 290.0 268 1 
222 0 0.075 2 241 290.0 280.0 1 290.0 142 1 
222 0 0.075 2 242 290.0 280.0 1 290.0 576 1 
222 0 0.075 2 243 290.0 280.0 1 290.0 74 1 
222 0 0.075 2 244 290.0 280.0 1 290.0 114 1 
222 0 0.075 2 245 290.0 280.0 1 290.0 511 1 
222 0 0.075 2 246 290.0 280.0 1 290.0 922 1 
222 0 0.075 2 247 290.0 300.0 1 290.0 234 1 
222 0 0.075 2 248 290.0 300.0 0 300.0 280 1 
222 0 0.075 2 249 290.0 300.0 0 300.0 267 1 
222 0 0.075 2 250 290.0 300.0 0 300.0 426 1 
222 0 0.075 2 251 290.0 300.0 1 290.0 563 1 
222 0 0.075 2 252 290.0 300.0 0 300.0 166 1 
222 0 0.075 2 253 290.0 300.0 0 300.0 0 1 
222 0 0.075 2 254 290.0 300.0 0 300.0 58 1 
222 0 0.075 2 255 290.0 300.0 1 290.0 211 1 
222 0 0.075 2 256 290.0 300.0 0 300.0 25 1 
222 0 0.075 2 257 290.0 300.0 1 290.0 112 1 
222 0 0.075 2 258 310.0 300.0 1 310.0 1052 1 
222 0 0.075 2 259 310.0 300.0 0 300.0 133 1 
222 0 0.075 2 260 310.0 300.0 1 310.0 114 1 
222 0 0.075 2 261 310.0 300.0 0 300.0 56 1 
222 0 0.075 2 262 310.0 300.0 0 300.0 18 1 
222 0 0.075 2 263 310.0 300.0 1 310.0 30 1 
222 0 0.075 2 264 310.0 300.0 1 310.0 83 1 
222 0 0.075 2 265 310.0 300.0 1 310.0 194 1 
222 0 0.075 2 266 310.0 300.0 0 300.0 62 1 
222 0 0.075 2 267 310.0 300.0 0 300.0 103 1 
222 0 0.075 2 268 310.0 300.0 0 300.0 131 1 
222 0 0.075 2 269 310.0 300.0 0 300.0 181 1 
222 0 0.075 2 270 310.0 300.0 1 310.0 119 1 
222 0 0.075 2 271 310.0 300.0 1 310.0 0 1 
222 0 0.075 2 272 310.0 300.0 0 300.0 420 1 
222 0 0.075 2 273 310.0 300.0 1 310.0 181 1 
222 0 0.075 2 274 310.0 300.0 1 310.0 155 1 
222 0 0.075 2 275 310.0 300.0 1 310.0 184 1 
222 0 0.075 2 276 310.0 300.0 1 310.0 245 1 
222 0 0.075 2 277 310.0 300.0 1 310.0 289 1 
222 0 0.075 2 278 310.0 300.0 1 310.0 96 1 
222 0 0.075 2 279 310.0 300.0 1 310.0 362 1 
222 0 0.075 2 280 310.0 300.0 0 300.0 284 1 
222 0 0.075 2 281 310.0 300.0 1 310.0 88 1 
222 0 0.075 2 282 310.0 320.0 1 310.0 93 1 
222 0 0.075 2 283 310.0 320.0 1 310.0 206 1 
222 0 0.075 2 284 310.0 320.0 1 310.0 143 1 
222 0 0.075 2 285 310.0 320.0 1 310.0 341 1 
222 0 0.075 2 286 310.0 320.0 1 310.0 317 1 
222 0 0.075 2 287 310.0 320.0 1 310.0 128 1 
222 0 0.075 2 288 310.0 320.0 0 320.0 135 1 
222 0 0.075 2 289 310.0 320.0 0 320.0 177 1 
222 0 0.075 2 290 310.0 320.0 0 320.0 145 1 
222 0 0.075 2 291 310.0 320.0 0 320.0 121 1 
222 0 0.075 2 292 310.0 320.0 0 320.0 587 1 
222 0 0.075 2 293 310.0 320.0 0 320.0 259 1 
222 0 0.075 2 294 310.0 320.0 0 320.0 144 1 
222 0 0.075 2 295 310.0 320.0 0 320.0 414 1 
222 0 0.075 2 296 310.0 320.0 0 320.0 0 1 
222 0 0.075 2 297 310.0 320.0 0 320.0 138 1 
222 0 0.075 2 298 310.0 320.0 1 310.0 378 1 
222 0 0.075 2 299 310.0 320.0 1 310.0 479 1 
222 0 0.075 2 300 310.0 320.0 0 320.0 127 1 
