1536 5 -117.820880025 247.049324999 0.055 0.604 0.714285714286 0.181818181818 14 286 31
1537 12 -138.959059914 289.325684778 0.005 0.208 nan 0.18 0 300 31
1538 32 -142.312162702 296.031890354 0.06 0.406 0.315789473684 0.224199288256 19 281 31
1539 24 -127.983007154 267.373579257 0.005 0.307 nan 0.16 0 300 31
1540 8 -134.656990669 280.721546288 0.005 0.208 nan 0.173333333333 0 300 31
1541 11 -138.742154097 288.891873143 0.14 0.802 0.583333333333 0.198412698413 48 252 31
1542 7 -130.33316488 272.073894709 0.015 0.307 1.0 0.183946488294 1 299 31
1543 7 -104.081699805 219.57096456 0.01 0.406 nan 0.136666666667 0 300 31
1544 13 -129.56344394 270.534452828 0.005 0.307 nan 0.163333333333 0 300 31
1545 25 -158.023644765 327.45485448 0.01 0.208 nan 0.23 0 300 31
1546 12 -121.195162844 253.797890638 0.005 0.307 nan 0.156666666667 0 300 31
1547 23 -205.393832472 422.195229893 0.205 0.109 0.47619047619 0.453488372093 42 258 31
1549 27 -148.867379175 309.1423233 0.005 0.208 nan 0.2 0 300 31
1550 4 -131.805947055 275.01945906 0.01 0.307 1.0 0.177257525084 1 299 31
1553 11 -130.380781244 272.169127438 0.065 0.604 0.47619047619 0.193548387097 21 279 31
140 11 -81.4754777437 174.358520437 0.005 0.505 nan 0.1 0 300 31
141 4 -112.766942037 236.941449024 0.01 0.406 nan 0.153333333333 0 300 31
142 10 -85.0267988747 181.461162699 0.005 0.505 nan 0.1 0 300 31
143 21 -157.50541934 326.418403629 0.14 0.505 0.567567567568 0.254752851711 37 263 31
144 16 -79.0813775314 169.570320012 0.005 0.505 nan 0.09 0 300 31
145 10 -122.791047641 256.989660232 0.01 0.307 nan 0.156666666667 0 300 31
146 24 -153.322046213 318.051657376 0.005 0.208 nan 0.216666666667 0 300 31
147 11 -131.920093445 275.24775184 0.06 0.505 0.48 0.185454545455 25 275 31
148 3 -142.002647619 295.412860187 0.02 0.307 nan 0.22 0 300 31
149 5 -129.637432302 270.682429553 0.035 0.406 0.5 0.197278911565 6 294 31
150 25 -137.143443699 285.694452348 0.015 0.307 nan 0.196666666667 0 300 31
151 21 -142.160976735 295.729518419 0.005 0.208 nan 0.196666666667 0 300 31
152 9 -96.1069383144 203.621441578 0.005 0.406 nan 0.116666666667 0 300 31
153 15 -181.220898362 373.849361673 0.075 0.208 0.5625 0.316901408451 16 284 31
154 3 -125.936135039 263.279835027 0.055 0.604 0.666666666667 0.168458781362 21 279 31
155 0 -121.110717568 253.629000085 0.005 0.307 nan 0.14 0 300 31
157 8 -144.494155466 300.395875882 0.005 0.208 nan 0.203333333333 0 300 31
158 9 -87.395095542 186.197756033 0.005 0.406 nan 0.1 0 300 31
159 15 -78.7739166239 168.955398197 0.005 0.505 nan 0.0933333333333 0 300 31
160 29 -61.5664886809 134.540542311 0.005 0.703 nan 0.0733333333333 0 300 31
161 4 -72.6781769208 156.763918791 0.005 0.505 nan 0.08 0 300 31
162 19 -194.055353166 399.518271282 0.005 0.109 nan 0.34 0 300 31
163 3 -157.865774195 327.13911334 0.015 0.208 1.0 0.224080267559 1 299 31
164 2 -106.346093856 224.099752661 0.02 0.505 0.333333333333 0.146258503401 6 294 31
165 12 -145.40822655 302.22401805 0.055 0.406 0.571428571429 0.227272727273 14 286 31
166 1 -122.032373923 255.472312796 0.075 0.802 0.512820512821 0.164750957854 39 261 31
168 37 -110.786633472 232.980831893 0.005 0.307 nan 0.14 0 300 31
170 12 -138.03186022 287.471285389 0.07 0.505 0.65 0.210714285714 20 280 31
171 5 -116.673519492 244.754603933 0.015 0.406 0.0769230769231 0.149825783972 13 287 31
172 9 -145.225587949 301.858740848 0.02 0.307 0.333333333333 0.205387205387 3 297 31
173 5 -110.045535226 231.498635401 0.015 0.505 nan 0.15 0 300 31
174 1 -150.583129663 312.573824276 0.005 0.208 nan 0.21 0 300 31
175 12 -84.6281280138 180.663820977 0.005 0.505 nan 0.103333333333 0 300 31
176 21 -134.168672891 279.744910732 0.14 0.802 0.692307692308 0.199233716475 39 261 31
177 40 -207.278595388 425.964755726 0.005 0.01 nan 0.466666666667 0 300 31
178 8 -135.889483421 283.186531792 0.01 0.307 nan 0.19 0 300 31
179 4 -120.288168436 251.983901821 0.12 0.901 0.608695652174 0.161417322835 46 254 31
180 8 -122.616228787 256.640022523 0.075 0.703 0.483870967742 0.185873605948 31 269 31
181 4 -122.691722897 256.791010743 0.12 1.0 0.530612244898 0.183266932271 49 251 31
183 5 -121.032554984 253.472674918 0.005 0.307 nan 0.146666666667 0 300 31
184 3 -151.389692911 314.18695077 0.01 0.208 nan 0.223333333333 0 300 31
185 7 -83.042388209 177.492341367 0.01 0.604 1.0 0.0976430976431 3 297 31
186 11 -96.7660951449 204.939755239 0.005 0.406 1.0 0.110367892977 1 299 31
187 8 -115.246523 241.900610949 0.015 0.406 1.0 0.157190635452 1 299 31
188 20 -157.263666655 325.934898259 0.01 0.208 nan 0.223333333333 0 300 31
189 3 -132.341751552 276.091068052 0.08 0.604 0.535714285714 0.194852941176 28 272 31
190 32 -197.04798114 405.50352723 0.02 0.109 nan 0.363333333333 0 300 31
192 7 -146.713307175 304.834179299 0.02 0.307 0.333333333333 0.212121212121 3 297 31
193 2 -121.075018419 253.557601788 0.03 0.505 0.5 0.168918918919 4 296 31
194 9 -47.8641378781 107.135840705 0.005 0.802 nan 0.0566666666667 0 300 31
195 9 -164.876701066 341.160967081 0.01 0.208 nan 0.25 0 300 31
196 0 -107.794411862 226.996388672 0.025 0.604 0.555555555556 0.144329896907 9 291 31
197 23 -192.344701466 396.096967882 0.025 0.109 1.0 0.347826086957 1 299 31
198 8 -68.7783458365 148.964256622 0.005 0.604 nan 0.0833333333333 0 300 31
199 11 -112.302118871 236.011802691 0.025 0.505 1.0 0.157718120805 2 298 31
200 22 -115.738224777 242.884014503 0.005 0.307 nan 0.15 0 300 31
202 17 -162.716794117 336.841153183 0.11 0.406 0.457142857143 0.267924528302 35 265 31
203 7 -125.879709721 263.166984392 0.005 0.307 nan 0.153333333333 0 300 31
204 22 -132.4622736 276.332112149 0.015 0.307 0.285714285714 0.174061433447 7 293 31
206 32 -113.874831596 239.157228141 0.005 0.307 nan 0.146666666667 0 300 31
207 6 -89.876618754 191.160802457 0.005 0.406 nan 0.11 0 300 31
208 34 -143.131713433 297.670991815 0.005 0.208 nan 0.2 0 300 31
212 1 -110.003980578 231.415526105 0.025 0.604 0.5 0.13986013986 14 286 31
213 18 -207.545898546 426.499362041 0.005 0.01 nan 0.47 0 300 31
215 8 -97.4568135312 206.321192012 0.005 0.406 nan 0.113333333333 0 300 31
216 1 -95.5861806941 202.579926338 0.005 0.406 nan 0.11 0 300 31
217 16 -144.942580291 301.292725531 0.005 0.208 nan 0.2 0 300 31
218 3 -147.442982433 306.293529815 0.005 0.208 nan 0.203333333333 0 300 31
220 26 -82.8341745848 177.075914119 0.005 0.505 nan 0.0966666666667 0 300 31
221 3 -105.469627155 222.346819259 0.07 1.0 0.5 0.160447761194 32 268 31
223 15 -96.930547658 205.268660265 0.005 0.406 nan 0.11 0 300 31
225 4 -114.260745989 239.929056928 0.025 0.505 0.5 0.157534246575 8 292 31
226 22 -134.250322096 279.908209141 0.015 0.307 0.0 0.180602006689 1 299 31
227 39 -148.802040313 309.011645576 0.005 0.208 nan 0.206666666667 0 300 31
228 12 -109.534645954 230.476856858 0.005 0.307 nan 0.133333333333 0 300 31
229 16 -119.367329376 250.142223701 0.005 0.307 nan 0.153333333333 0 300 31
230 8 -53.9742059293 119.355976808 0.005 0.802 nan 0.0666666666667 0 300 31
231 40 -154.937714211 321.282993372 0.005 0.208 nan 0.216666666667 0 300 31
232 7 -124.430417273 260.268399495 0.01 0.307 nan 0.166666666667 0 300 31
234 8 -80.2589319364 171.925428822 0.005 0.505 nan 0.0933333333333 0 300 31
235 11 -149.889809588 311.187184126 0.005 0.208 nan 0.206666666667 0 300 31
236 12 -178.387483202 368.182531353 0.005 0.109 nan 0.286666666667 0 300 31
237 3 -147.190455883 305.788476715 0.005 0.208 nan 0.203333333333 0 300 31
238 25 -153.074463442 317.556491833 0.005 0.208 nan 0.216666666667 0 300 31
240 3 -93.1253206836 197.658206317 0.01 0.505 1.0 0.110367892977 1 299 31
241 4 -143.299518507 298.006601964 0.005 0.208 nan 0.196666666667 0 300 31
242 7 -74.0147517788 159.437068507 0.005 0.604 nan 0.09 0 300 31
243 13 -96.6143347123 204.636234374 0.08 1.0 0.677419354839 0.133828996283 31 269 31
244 28 -165.049069985 341.505704919 0.015 0.208 nan 0.253333333333 0 300 31
245 9 -118.80505341 249.017671768 0.095 0.901 0.633333333333 0.177777777778 30 270 31
247 15 -133.028476257 277.464517464 0.05 0.505 0.421052631579 0.199288256228 19 281 31
248 35 -183.874698335 379.15696162 0.005 0.109 nan 0.3 0 300 31
253 4 -96.7119800551 204.831525059 0.005 0.406 nan 0.11 0 300 31
256 10 -114.829278429 241.066121807 0.005 0.307 nan 0.143333333333 0 300 31
257 24 -118.328014416 248.063593781 0.015 0.406 1.0 0.150501672241 1 299 31
258 8 -125.647072403 262.701709755 0.085 0.703 0.7 0.166666666667 30 270 31
259 14 -54.3787860237 120.165136997 0.005 0.802 nan 0.0666666666667 0 300 31
260 13 -131.852468494 275.112501938 0.04 0.505 0.6 0.178947368421 15 285 31
261 7 -189.471848172 390.351261293 0.02 0.109 1.0 0.33110367893 1 299 31
262 11 -117.191848511 245.791261971 0.005 0.307 nan 0.15 0 300 31
263 8 -103.26919078 217.945946509 0.01 0.406 0.5 0.120805369128 2 298 31
264 3 -92.9658349729 197.339234895 0.005 0.406 nan 0.106666666667 0 300 31
1519 17 -117.302024941 246.011614831 0.095 0.901 0.666666666667 0.168498168498 27 273 31
1520 4 -122.562284264 256.532133478 0.005 0.307 nan 0.146666666667 0 300 31
1521 17 -133.980888451 279.36934185 0.01 0.307 1.0 0.171140939597 2 298 31
1523 14 -140.021854094 291.451273138 0.02 0.307 0.5 0.204697986577 2 298 31
1524 11 -133.039693091 277.486951131 0.025 0.406 0.25 0.184931506849 8 292 31
1525 12 -135.364942569 282.137450087 0.015 0.307 nan 0.196666666667 0 300 31
1526 11 -115.417007926 242.241580801 0.005 0.307 nan 0.143333333333 0 300 31
1527 15 -143.842346781 299.092258511 0.02 0.307 nan 0.213333333333 0 300 31
1528 2 -114.395149696 240.197864342 0.005 0.307 nan 0.136666666667 0 300 31
1529 2 -102.072747348 215.553059646 0.005 0.406 nan 0.126666666667 0 300 31
1530 15 -100.116789004 211.641142958 0.005 0.406 nan 0.123333333333 0 300 31
1531 10 -103.591182163 218.589929275 0.02 0.505 0.5 0.147651006711 2 298 31
1532 15 -74.1389569269 159.685478803 0.005 0.505 nan 0.0933333333333 0 300 31
1533 22 -101.198759875 213.8050847 0.005 0.406 nan 0.12 0 300 31
1534 19 -142.882630879 297.172826707 0.12 0.604 0.547619047619 0.22480620155 42 258 31
1535 15 -116.230974474 243.869513897 0.07 0.802 0.527777777778 0.151515151515 36 264 31
1536 5 -107.856934989 227.121434927 0.025 0.505 0.5 0.161073825503 2 298 32
1537 12 -140.46522431 292.338013569 0.005 0.208 nan 0.18 0 300 32
1538 32 -161.608170096 334.623905141 0.05 0.307 0.636363636364 0.245674740484 11 289 32
1539 24 -128.054177353 267.515919655 0.005 0.307 nan 0.166666666667 0 300 32
1540 8 -158.933874314 329.275313577 0.005 0.208 nan 0.226666666667 0 300 32
1541 11 -132.689171772 276.785908492 0.125 0.802 0.604651162791 0.198443579767 43 257 32
1542 7 -141.528854639 294.465274228 0.015 0.307 nan 0.196666666667 0 300 32
1543 7 -99.7804155735 210.968396096 0.015 0.505 nan 0.14 0 300 32
1544 13 -125.644601612 262.696768174 0.01 0.307 nan 0.166666666667 0 300 32
1545 25 -142.361774393 296.131113735 0.005 0.208 nan 0.186666666667 0 300 32
1546 12 -121.936649897 255.280864743 0.005 0.307 nan 0.156666666667 0 300 32
1547 23 -206.841418395 425.090401739 0.205 0.109 0.65 0.446153846154 40 260 32
1549 27 -154.231342958 319.870250866 0.005 0.208 nan 0.213333333333 0 300 32
1550 4 -135.777952604 282.963470157 0.015 0.307 nan 0.19 0 300 32
1553 11 -120.053220652 251.514006254 0.115 1.0 0.584905660377 0.153846153846 53 247 32
140 11 -76.3814467858 164.170458521 0.005 0.505 nan 0.0933333333333 0 300 32
141 4 -95.2950212405 201.99760743 0.02 0.604 0.666666666667 0.125850340136 6 294 32
142 10 -99.6466040932 210.700773136 0.005 0.406 nan 0.12 0 300 32
143 21 -159.663278447 330.734121844 0.2 0.604 0.559322033898 0.257261410788 59 241 32
144 16 -80.4597412708 172.327047491 0.01 0.604 1.0 0.100334448161 1 299 32
145 10 -125.432143228 262.271851405 0.005 0.307 nan 0.153333333333 0 300 32
146 24 -144.926816583 301.261198115 0.005 0.208 nan 0.2 0 300 32
147 11 -120.933968928 253.275502806 0.085 0.802 0.592592592593 0.175824175824 27 273 32
148 3 -141.525512085 294.458589119 0.055 0.406 0.4 0.237931034483 10 290 32
149 5 -119.077437702 249.562440354 0.03 0.505 0.833333333333 0.170068027211 6 294 32
150 25 -138.219904993 287.847374936 0.005 0.208 nan 0.183333333333 0 300 32
151 21 -133.52970208 278.46696911 0.005 0.208 nan 0.166666666667 0 300 32
152 9 -104.021381707 219.450328364 0.005 0.406 nan 0.126666666667 0 300 32
153 15 -174.673861943 360.755288836 0.17 0.406 0.474576271186 0.290456431535 59 241 32
154 3 -130.578493071 272.564551091 0.05 0.505 0.611111111111 0.184397163121 18 282 32
155 0 -103.765366498 218.938297945 0.005 0.307 nan 0.126666666667 0 300 32
157 8 -145.416724545 302.24101404 0.005 0.208 nan 0.196666666667 0 300 32
158 9 -79.3319396477 170.071444245 0.005 0.505 nan 0.0933333333333 0 300 32
159 15 -82.6458334879 176.699231925 0.005 0.505 nan 0.0966666666667 0 300 32
160 29 -73.5800573556 158.567679661 0.005 0.604 nan 0.0933333333333 0 300 32
161 4 -78.4508645067 168.309293963 0.005 0.505 nan 0.0966666666667 0 300 32
162 19 -184.811269044 381.030103037 0.005 0.109 nan 0.31 0 300 32
163 3 -158.289721773 327.987008495 0.02 0.208 nan 0.236666666667 0 300 32
164 2 -105.542175519 222.491915987 0.02 0.505 1.0 0.14381270903 1 299 32
165 12 -145.385994258 302.179553464 0.05 0.406 0.411764705882 0.21554770318 17 283 32
166 1 -111.801450965 235.010466879 0.06 0.802 0.583333333333 0.152173913043 24 276 32
168 37 -134.402891707 280.213348363 0.01 0.307 nan 0.173333333333 0 300 32
170 12 -131.184203923 273.775972795 0.045 0.505 0.777777777778 0.192439862543 9 291 32
171 5 -118.103749239 247.615063427 0.005 0.307 nan 0.136666666667 0 300 32
172 9 -142.707029888 296.821624725 0.015 0.307 1.0 0.194630872483 2 298 32
173 5 -115.41568142 242.23892779 0.01 0.406 1.0 0.14381270903 1 299 32
174 1 -140.197739188 291.803043325 0.005 0.208 nan 0.19 0 300 32
175 12 -86.1240614515 183.655687852 0.005 0.406 nan 0.106666666667 0 300 32
176 21 -129.875119075 271.1578031 0.155 1.0 0.589743589744 0.214559386973 39 261 32
177 40 -207.916137031 427.23983901 0.205 0.01 0.555555555556 0.5 36 264 32
178 8 -136.560187215 284.52793938 0.025 0.406 0.25 0.195205479452 8 292 32
179 4 -130.069512408 271.546589765 0.055 0.505 0.5625 0.197183098592 16 284 32
180 8 -117.859562585 247.126690119 0.06 0.703 0.571428571429 0.168458781362 21 279 32
181 4 -123.273165397 257.953895744 0.085 0.703 0.608695652174 0.194945848375 23 277 32
183 5 -135.925299491 283.258163931 0.005 0.208 nan 0.166666666667 0 300 32
184 3 -160.680360201 332.768285351 0.015 0.208 nan 0.243333333333 0 300 32
185 7 -94.9229057349 201.253376419 0.005 0.406 nan 0.113333333333 0 300 32
186 11 -92.5829259418 196.573416833 0.005 0.406 nan 0.11 0 300 32
187 8 -92.5898939885 196.587352926 0.015 0.604 nan 0.126666666667 0 300 32
188 20 -147.61736774 306.642300429 0.005 0.208 nan 0.206666666667 0 300 32
189 3 -118.115227598 247.638020146 0.07 0.703 0.607142857143 0.169117647059 28 272 32
190 32 -189.487429182 390.382423314 0.015 0.109 nan 0.333333333333 0 300 32
192 7 -143.629639096 298.666843141 0.015 0.307 nan 0.2 0 300 32
193 2 -144.821829839 301.051224627 0.02 0.307 0.333333333333 0.205387205387 3 297 32
194 9 -65.457189042 142.321943033 0.005 0.703 nan 0.0766666666667 0 300 32
195 9 -159.809923901 331.027412751 0.01 0.208 nan 0.233333333333 0 300 32
196 0 -104.0337452 219.475055349 0.03 0.604 0.5 0.154109589041 8 292 32
197 23 -191.809005075 395.0255751 0.025 0.109 1.0 0.351170568562 1 299 32
198 8 -65.3551228021 142.117810554 0.005 0.604 nan 0.0766666666667 0 300 32
199 11 -123.565817921 258.539200792 0.02 0.406 0.25 0.172297297297 4 296 32
200 22 -124.557062225 260.521689398 0.005 0.307 nan 0.156666666667 0 300 32
202 17 -158.260668524 327.928901998 0.05 0.307 0.583333333333 0.253472222222 12 288 32
203 7 -114.25746026 239.922485469 0.005 0.307 nan 0.14 0 300 32
204 22 -116.715861648 244.839288245 0.01 0.406 0.5 0.147651006711 2 298 32
206 32 -114.147136084 239.701837118 0.005 0.307 nan 0.146666666667 0 300 32
207 6 -87.5610660851 186.529697119 0.005 0.505 nan 0.1 0 300 32
208 34 -149.253538292 309.914641534 0.005 0.208 nan 0.2 0 300 32
212 1 -106.448724281 224.305013512 0.03 0.604 0.6 0.141379310345 10 290 32
213 18 -208.176496545 427.76055804 0.205 0.01 0.5625 0.526119402985 32 268 32
215 8 -84.487714165 180.382993279 0.005 0.406 nan 0.103333333333 0 300 32
216 1 -89.673301655 190.754168259 0.005 0.406 1.0 0.100334448161 1 299 32
217 16 -132.928025471 277.263615891 0.01 0.307 nan 0.17 0 300 32
218 3 -135.031814487 281.471193923 0.01 0.307 nan 0.186666666667 0 300 32
220 26 -86.1341856083 183.675936166 0.005 0.505 nan 0.106666666667 0 300 32
221 3 -115.988154273 243.383873496 0.08 0.901 0.538461538462 0.16091954023 39 261 32
223 15 -80.2649236569 171.937412263 0.005 0.505 nan 0.0966666666667 0 300 32
225 4 -119.092708508 249.592981966 0.04 0.604 0.6 0.161403508772 15 285 32
226 22 -138.316491226 288.040547401 0.015 0.307 nan 0.2 0 300 32
227 39 -156.548692577 324.504950103 0.01 0.208 nan 0.23 0 300 32
228 12 -124.610749618 260.629064184 0.015 0.406 0.25 0.165540540541 4 296 32
229 16 -108.386755406 228.181075761 0.005 0.307 nan 0.123333333333 0 300 32
230 8 -50.9405609325 113.288686814 0.005 0.802 nan 0.06 0 300 32
231 40 -160.375746936 332.159058821 0.01 0.208 nan 0.236666666667 0 300 32
232 7 -139.830100021 291.067764991 0.015 0.307 0.333333333333 0.191919191919 3 297 32
234 8 -90.4025292274 192.212623404 0.005 0.406 nan 0.106666666667 0 300 32
235 11 -149.752688033 310.912941016 0.005 0.208 nan 0.206666666667 0 300 32
236 12 -180.01021765 371.42800025 0.005 0.109 nan 0.293333333333 0 300 32
237 3 -163.176466531 337.760498011 0.015 0.208 0.0 0.240802675585 1 299 32
238 25 -142.568661561 296.544888072 0.005 0.208 nan 0.193333333333 0 300 32
240 3 -102.298728776 216.005022501 0.01 0.505 nan 0.13 0 300 32
241 4 -152.991929931 317.391424812 0.005 0.208 nan 0.216666666667 0 300 32
242 7 -67.8188197501 147.04520445 0.005 0.604 nan 0.0866666666667 0 300 32
243 13 -103.707071451 218.821707851 0.07 1.0 0.5 0.154135338346 34 266 32
244 28 -161.642028797 334.691622543 0.01 0.208 nan 0.236666666667 0 300 32
245 9 -126.986246531 265.380058012 0.065 0.604 0.529411764706 0.190812720848 17 283 32
247 15 -122.792796026 256.993157001 0.05 0.604 0.583333333333 0.190972222222 12 288 32
248 35 -173.573423011 358.55441097 0.005 0.109 nan 0.263333333333 0 300 32
253 4 -100.019451 211.44646695 0.005 0.406 nan 0.12 0 300 32
256 10 -127.297192113 266.001949175 0.01 0.307 nan 0.163333333333 0 300 32
257 24 -103.860931343 219.129427636 0.015 0.505 nan 0.143333333333 0 300 32
258 8 -127.126945114 265.661455176 0.115 0.802 0.541666666667 0.174603174603 48 252 32
259 14 -63.5068200376 138.421205025 0.005 0.703 nan 0.0733333333333 0 300 32
260 13 -140.407713802 292.222992554 0.04 0.406 0.375 0.215753424658 8 292 32
261 7 -176.16250946 363.732583869 0.005 0.109 nan 0.273333333333 0 300 32
262 11 -138.591303585 288.590172119 0.005 0.208 nan 0.183333333333 0 300 32
263 8 -81.191652621 173.790870191 0.01 0.604 0.2 0.101694915254 5 295 32
264 3 -103.19457794 217.796720829 0.005 0.406 nan 0.12 0 300 32
1519 17 -114.325397611 240.058360172 0.105 1.0 0.566037735849 0.141700404858 53 247 32
1520 4 -123.516660941 258.440886831 0.005 0.307 nan 0.16 0 300 32
1521 17 -134.890169289 281.187903527 0.01 0.307 nan 0.18 0 300 32
1523 14 -123.768944815 258.945454579 0.04 0.505 0.666666666667 0.178694158076 9 291 32
1524 11 -124.12167905 259.650923049 0.01 0.307 nan 0.163333333333 0 300 32
1525 12 -156.515303344 324.438171637 0.01 0.208 nan 0.23 0 300 32
1526 11 -117.920080242 247.247725433 0.005 0.307 nan 0.146666666667 0 300 32
1527 15 -138.970986678 289.349538305 0.005 0.208 nan 0.186666666667 0 300 32
1528 2 -117.997827054 247.403219058 0.005 0.307 nan 0.146666666667 0 300 32
1529 2 -92.7159716218 196.839508193 0.005 0.406 nan 0.106666666667 0 300 32
1530 15 -89.2867854979 189.981135945 0.005 0.406 nan 0.103333333333 0 300 32
1531 10 -99.6575442822 210.722653514 0.015 0.505 nan 0.14 0 300 32
1532 15 -79.812246771 171.032058491 0.005 0.505 nan 0.0933333333333 0 300 32
1533 22 -97.569606893 206.546778735 0.005 0.406 nan 0.116666666667 0 300 32
1534 19 -141.764550282 294.936665513 0.115 0.604 0.571428571429 0.191235059761 49 251 32
1535 15 -133.519951315 278.44746758 0.055 0.505 0.666666666667 0.208333333333 12 288 32
1536 5 -113.352417958 238.112400866 0.055 0.703 0.52 0.152727272727 25 275 33
1537 12 -152.200849843 315.809264635 0.01 0.208 nan 0.216666666667 0 300 33
1538 32 -158.926503742 329.260572433 0.045 0.307 0.375 0.253424657534 8 292 33
1539 24 -119.21026086 249.82808667 0.005 0.307 nan 0.15 0 300 33
1540 8 -149.669506614 310.746578177 0.005 0.208 nan 0.21 0 300 33
1541 11 -137.665137245 286.737839439 0.115 0.703 0.627906976744 0.190661478599 43 257 33
1542 7 -134.875222013 281.158008976 0.035 0.406 0.7 0.18275862069 10 290 33
1543 7 -96.2107660892 203.829097128 0.02 0.604 0.4 0.135593220339 5 295 33
1544 13 -116.395710071 244.198985092 0.005 0.307 nan 0.146666666667 0 300 33
1545 25 -144.968016967 301.343598882 0.005 0.208 nan 0.196666666667 0 300 33
1546 12 -117.247844594 245.903254138 0.005 0.307 0.333333333333 0.141414141414 3 297 33
1547 23 -200.701177856 412.809920662 0.145 0.109 0.47619047619 0.4229390681 21 279 33
1549 27 -128.938831829 269.285228608 0.01 0.307 0.285714285714 0.163822525597 7 293 33
1550 4 -128.691784266 268.791133481 0.015 0.307 0.5 0.177852348993 2 298 33
1553 11 -126.757915352 264.923395654 0.075 0.604 0.441176470588 0.187969924812 34 266 33
140 11 -89.9680252922 191.343615534 0.005 0.406 nan 0.0966666666667 0 300 33
141 4 -122.533267035 256.474099018 0.02 0.406 0.428571428571 0.167235494881 7 293 33
142 10 -100.083551163 211.574667275 0.005 0.406 nan 0.123333333333 0 300 33
143 21 -167.234393726 345.876352402 0.145 0.406 0.642857142857 0.275735294118 28 272 33
144 16 -89.0234318004 189.45442855 0.005 0.505 nan 0.1 0 300 33
145 10 -106.167864555 223.74329406 0.005 0.406 0.5 0.124161073826 2 298 33
146 24 -137.01524187 285.438048689 0.005 0.208 nan 0.173333333333 0 300 33
147 11 -129.128688026 269.664941 0.05 0.505 0.428571428571 0.189964157706 21 279 33
148 3 -136.499956201 284.407477352 0.06 0.505 0.428571428571 0.204301075269 21 279 33
149 5 -117.98531583 247.37819661 0.035 0.505 0.444444444444 0.171821305842 9 291 33
150 25 -156.012301744 323.432168438 0.005 0.208 nan 0.22 0 300 33
151 21 -149.872296321 311.152157591 0.005 0.208 nan 0.21 0 300 33
152 9 -88.0015023634 187.410569676 0.005 0.406 nan 0.106666666667 0 300 33
153 15 -170.656095144 352.719755237 0.145 0.406 0.542857142857 0.290566037736 35 265 33
154 3 -119.000729827 249.409024604 0.035 0.505 1.0 0.1872909699 1 299 33
155 0 -92.3082614247 196.024087799 0.01 0.505 nan 0.123333333333 0 300 33
157 8 -141.22668969 293.86094433 0.005 0.208 nan 0.186666666667 0 300 33
158 9 -77.0805877311 165.568740412 0.005 0.505 nan 0.0933333333333 0 300 33
159 15 -70.5854227699 152.578410489 0.005 0.604 nan 0.0833333333333 0 300 33
160 29 -82.5134489486 176.434462846 0.005 0.505 nan 0.0966666666667 0 300 33
161 4 -86.6349715089 184.677507967 0.01 0.604 nan 0.11 0 300 33
162 19 -180.965442543 373.338450036 0.005 0.109 nan 0.296666666667 0 300 33
163 3 -146.552327128 304.512219204 0.005 0.208 nan 0.2 0 300 33
164 2 -119.871092433 251.149749816 0.02 0.406 1.0 0.161616161616 3 297 33
165 12 -144.247567795 299.902700539 0.09 0.505 0.586206896552 0.210332103321 29 271 33
166 1 -107.158862229 225.725289408 0.065 1.0 0.764705882353 0.162544169611 17 283 33
168 37 -118.979893124 249.367351197 0.005 0.307 nan 0.146666666667 0 300 33
170 12 -143.252963473 297.913491894 0.05 0.406 0.529411764706 0.208480565371 17 283 33
171 5 -118.371776926 248.151118801 0.005 0.307 nan 0.15 0 300 33
172 9 -138.970488258 289.348541466 0.025 0.307 0.666666666667 0.205387205387 3 297 33
173 5 -106.966191846 225.339948641 0.01 0.406 1.0 0.127090301003 1 299 33
174 1 -152.746014799 316.899594548 0.005 0.208 nan 0.216666666667 0 300 33
175 12 -97.3485357353 206.10463642 0.005 0.406 nan 0.11 0 300 33
176 21 -136.065834127 283.539233204 0.16 0.802 0.590909090909 0.183760683761 66 234 33
177 40 -208.129925925 427.667416799 0.205 0.01 0.538461538462 0.505747126437 39 261 33
178 8 -139.126843685 289.66125232 0.02 0.307 0.75 0.192567567568 4 296 33
179 4 -134.477856004 280.363276957 0.055 0.505 0.615384615385 0.202090592334 13 287 33
180 8 -124.693021949 260.793608847 0.05 0.604 0.9 0.18275862069 10 290 33
181 4 -120.590773027 252.589111004 0.125 1.0 0.541666666667 0.18253968254 48 252 33
183 5 -117.208598408 245.824761766 0.005 0.307 nan 0.146666666667 0 300 33
184 3 -162.591331681 336.590228311 0.015 0.208 0.4 0.237288135593 5 295 33
185 7 -92.6308081499 196.669181249 0.01 0.505 0.25 0.114864864865 4 296 33
186 11 -95.4908936431 202.389352235 0.005 0.406 nan 0.113333333333 0 300 33
187 8 -116.260918928 243.929402806 0.015 0.406 1.0 0.147651006711 2 298 33
188 20 -142.989391282 297.386347513 0.005 0.208 nan 0.19 0 300 33
189 3 -138.867422804 289.142410557 0.075 0.505 0.571428571429 0.202205882353 28 272 33
190 32 -178.484525657 368.376616263 0.005 0.109 nan 0.28 0 300 33
192 7 -139.389227085 290.18601912 0.02 0.307 0.666666666667 0.191919191919 3 297 33
193 2 -145.488878796 302.385322541 0.005 0.208 nan 0.203333333333 0 300 33
194 9 -57.9835567974 127.374678544 0.005 0.802 0.5 0.0637583892617 2 298 33
195 9 -160.140142646 331.687850242 0.01 0.208 nan 0.24 0 300 33
196 0 -102.012337088 215.432239126 0.025 0.604 1.0 0.147651006711 2 298 33
197 23 -191.054792125 393.5171492 0.01 0.109 nan 0.336666666667 0 300 33
198 8 -52.2911806357 115.989926221 0.01 1.0 nan 0.0766666666667 0 300 33
199 11 -118.911348166 249.230261281 0.025 0.505 1.0 0.171140939597 2 298 33
200 22 -114.048240371 239.50404569 0.015 0.406 nan 0.153333333333 0 300 33
202 17 -139.032470949 289.472506848 0.11 0.604 0.5 0.209302325581 42 258 33
203 7 -106.113049559 223.633664068 0.005 0.307 nan 0.13 0 300 33
204 22 -107.289339336 225.986243622 0.005 0.307 nan 0.13 0 300 33
206 32 -122.233984749 255.875534448 0.005 0.307 nan 0.143333333333 0 300 33
207 6 -91.8902319151 195.18802878 0.005 0.406 nan 0.106666666667 0 300 33
208 34 -146.616595675 304.640756299 0.02 0.307 0.5 0.200680272109 6 294 33
212 1 -104.685950574 220.779466096 0.045 0.802 0.785714285714 0.136363636364 14 286 33
213 18 -207.228097944 425.863760838 0.005 0.01 nan 0.463333333333 0 300 33
215 8 -89.9707324829 191.349029915 0.005 0.406 nan 0.11 0 300 33
216 1 -85.1797360974 181.767037144 0.005 0.505 nan 0.103333333333 0 300 33
217 16 -154.532044724 320.471654398 0.005 0.208 nan 0.21 0 300 33
218 3 -119.581838229 250.571241408 0.03 0.505 0.285714285714 0.170648464164 7 293 33
220 26 -67.9477954512 147.303155852 0.005 0.604 nan 0.08 0 300 33
221 3 -107.71561475 226.838794449 0.08 1.0 0.466666666667 0.17037037037 30 270 33
223 15 -104.959973774 221.327512497 0.005 0.406 nan 0.13 0 300 33
225 4 -125.875897991 263.159360931 0.045 0.505 0.75 0.195205479452 8 292 33
226 22 -131.609091082 274.625747114 0.03 0.406 0.4 0.18275862069 10 290 33
227 39 -146.831085507 305.069735964 0.005 0.208 nan 0.203333333333 0 300 33
228 12 -106.838643386 225.084851721 0.005 0.307 nan 0.13 0 300 33
229 16 -102.673403937 216.754372824 0.01 0.406 nan 0.133333333333 0 300 33
230 8 -53.1212464452 117.65005784 0.005 0.901 nan 0.07 0 300 33
231 40 -152.795289807 316.998144564 0.01 0.208 nan 0.226666666667 0 300 33
232 7 -110.791036847 232.989638642 0.01 0.406 nan 0.14 0 300 33
234 8 -80.4466659988 172.300896947 0.005 0.505 nan 0.0966666666667 0 300 33
235 11 -145.456703523 302.320971996 0.005 0.208 nan 0.203333333333 0 300 33
236 12 -188.955550537 389.318666024 0.015 0.109 nan 0.333333333333 0 300 33
237 3 -159.522378087 330.452321122 0.005 0.208 nan 0.226666666667 0 300 33
238 25 -145.50658751 302.420739969 0.005 0.208 nan 0.2 0 300 33
240 3 -100.007243856 211.422052662 0.01 0.505 1.0 0.123745819398 1 299 33
241 4 -143.917907603 299.243380156 0.005 0.208 nan 0.196666666667 0 300 33
242 7 -67.9785918933 147.364748736 0.005 0.505 nan 0.0766666666667 0 300 33
243 13 -115.676579902 242.760724754 0.095 1.0 0.625 0.164179104478 32 268 33
244 28 -160.05900049 331.525565928 0.01 0.208 nan 0.236666666667 0 300 33
245 9 -117.956828556 247.321222061 0.075 0.802 0.606060606061 0.157303370787 33 267 33
247 15 -111.128427246 233.664419442 0.055 0.802 0.538461538462 0.153284671533 26 274 33
248 35 -187.807023066 387.021611081 0.01 0.109 nan 0.323333333333 0 300 33
253 4 -101.239458637 213.886482222 0.005 0.406 nan 0.116666666667 0 300 33
256 10 -111.314130246 234.035825441 0.01 0.406 nan 0.146666666667 0 300 33
257 24 -118.530451025 248.468467 0.02 0.406 0.666666666667 0.158249158249 3 297 33
258 8 -131.634277752 274.676120453 0.06 0.505 0.4 0.203571428571 20 280 33
259 14 -46.1616623328 103.730889615 0.005 1.0 nan 0.0533333333333 0 300 33
260 13 -133.902006357 279.211577663 0.035 0.406 0.714285714286 0.194539249147 7 293 33
261 7 -183.418291542 378.244148034 0.005 0.109 nan 0.31 0 300 33
262 11 -126.77854102 264.96464699 0.02 0.406 1.0 0.174496644295 2 298 33
263 8 -89.0500943073 189.507753564 0.01 0.505 nan 0.11 0 300 33
264 3 -80.3396876976 172.086940344 0.01 0.604 nan 0.106666666667 0 300 33
1519 17 -115.895153621 243.197872192 0.095 0.901 0.5 0.1875 28 272 33
1520 4 -107.600314887 226.608194724 0.01 0.406 nan 0.136666666667 0 300 33
1521 17 -142.962970078 297.333505105 0.015 0.307 nan 0.21 0 300 33
1523 14 -138.212944724 287.833454397 0.06 0.505 0.555555555556 0.209219858156 18 282 33
1524 11 -133.206565596 277.82069614 0.03 0.406 0.333333333333 0.202749140893 9 291 33
1525 12 -151.869935716 315.147436382 0.025 0.307 0.25 0.222602739726 8 292 33
1526 11 -120.003535792 251.414636533 0.005 0.307 nan 0.153333333333 0 300 33
1527 15 -147.465899618 306.339364186 0.02 0.307 nan 0.213333333333 0 300 33
1528 2 -113.895000389 239.197565727 0.005 0.307 nan 0.14 0 300 33
1529 2 -96.3561874403 204.11993983 0.005 0.406 nan 0.11 0 300 33
1530 15 -98.5431779193 208.493920788 0.005 0.406 nan 0.12 0 300 33
1531 10 -96.5347536598 204.477072269 0.01 0.505 nan 0.123333333333 0 300 33
1532 15 -62.9088916388 137.225348227 0.01 1.0 0.5 0.0709459459459 4 296 33
1533 22 -90.7908165133 192.989197976 0.005 0.406 nan 0.106666666667 0 300 33
1534 19 -137.564958064 286.537481077 0.09 0.604 0.6 0.2 30 270 33
1535 15 -133.108414411 277.624393771 0.05 0.505 0.318181818182 0.201438848921 22 278 33
1536 5 -126.349965389 264.107495727 0.02 0.406 1.0 0.180602006689 1 299 34
1537 12 -151.965423464 315.338411877 0.005 0.208 nan 0.21 0 300 34
1538 32 -157.828674763 327.064914476 0.035 0.307 0.5 0.251677852349 2 298 34
1539 24 -124.597336041 260.602237031 0.005 0.307 nan 0.153333333333 0 300 34
1540 8 -146.817011758 305.041588464 0.02 0.307 0.5 0.211409395973 2 298 34
1541 11 -139.379459587 290.166484124 0.13 0.703 0.627906976744 0.20233463035 43 257 34
1542 7 -135.525855452 282.459275854 0.015 0.307 nan 0.193333333333 0 300 34
1543 7 -95.5985046561 202.604574262 0.025 0.703 0.555555555556 0.13058419244 9 291 34
1544 13 -114.575447175 240.558459299 0.005 0.307 nan 0.146666666667 0 300 34
1545 25 -141.553054041 294.51367303 0.005 0.208 nan 0.19 0 300 34
1546 12 -119.686607874 250.780780696 0.015 0.406 nan 0.166666666667 0 300 34
1547 23 -205.846131539 423.099828027 0.205 0.109 0.444444444444 0.443137254902 45 255 34
1549 27 -138.130889867 287.669344684 0.01 0.307 nan 0.186666666667 0 300 34
1550 4 -136.548683791 284.504932532 0.02 0.307 0.5 0.194630872483 2 298 34
1553 11 -134.948978017 281.305520984 0.055 0.505 0.705882352941 0.190812720848 17 283 34
140 11 -83.0189470049 177.445458959 0.005 0.505 nan 0.1 0 300 34
141 4 -106.508955282 224.425475514 0.02 0.505 0.5 0.14527027027 4 296 34
142 10 -70.7849590793 152.977483108 0.01 0.802 nan 0.0866666666667 0 300 34
143 21 -166.434908671 344.277382291 0.19 0.505 0.603448275862 0.264462809917 58 242 34
144 16 -84.5193956418 180.446356233 0.005 0.505 nan 0.0933333333333 0 300 34
145 10 -107.514692462 226.436949872 0.005 0.406 nan 0.133333333333 0 300 34
146 24 -150.82111316 313.049791269 0.005 0.208 nan 0.213333333333 0 300 34
147 11 -125.289219588 261.986004125 0.06 0.604 0.583333333333 0.173913043478 24 276 34
148 3 -144.403931448 300.215427845 0.055 0.406 0.6 0.217543859649 15 285 34
149 5 -114.369823593 240.147212135 0.05 0.703 0.384615384615 0.164233576642 26 274 34
150 25 -156.258264016 323.924092981 0.005 0.208 nan 0.22 0 300 34
151 21 -126.478724727 264.365014404 0.005 0.307 nan 0.15 0 300 34
152 9 -88.8566899263 189.120944802 0.005 0.406 nan 0.1 0 300 34
153 15 -171.815334073 355.038233096 0.16 0.406 0.551724137931 0.264462809917 58 242 34
154 3 -116.299810948 244.007186844 0.045 0.604 0.470588235294 0.173144876325 17 283 34
155 0 -111.574118842 234.555802634 0.005 0.307 nan 0.136666666667 0 300 34
157 8 -139.706885304 290.821335558 0.005 0.208 nan 0.18 0 300 34
158 9 -74.8632247925 161.134014534 0.005 0.505 nan 0.0866666666667 0 300 34
159 15 -68.256095827 147.919756603 0.005 0.604 nan 0.0833333333333 0 300 34
160 29 -85.0764926609 181.560550271 0.005 0.505 nan 0.1 0 300 34
161 4 -79.2395465016 169.886657952 0.005 0.505 nan 0.09 0 300 34
162 19 -180.692152333 372.791869616 0.005 0.109 nan 0.296666666667 0 300 34
163 3 -144.754336187 300.916237322 0.005 0.208 nan 0.193333333333 0 300 34
164 2 -126.253858431 263.915281812 0.03 0.406 0.571428571429 0.17747440273 7 293 34
165 12 -139.341590962 290.090746874 0.05 0.406 0.4375 0.207746478873 16 284 34
166 1 -95.1460731119 201.699711173 0.065 1.0 0.736842105263 0.142348754448 19 281 34
168 37 -117.448867423 246.305299795 0.005 0.307 nan 0.15 0 300 34
170 12 -138.402652049 288.212869047 0.05 0.406 0.5 0.20979020979 14 286 34
171 5 -114.110686091 239.628937132 0.005 0.307 nan 0.143333333333 0 300 34
172 9 -131.501404898 274.410374746 0.02 0.307 1.0 0.190635451505 1 299 34
173 5 -100.868599204 213.144763357 0.015 0.505 1.0 0.137123745819 1 299 34
174 1 -141.580250641 294.568066231 0.005 0.208 nan 0.19 0 300 34
175 12 -102.379921528 216.167408005 0.005 0.406 nan 0.116666666667 0 300 34
176 21 -130.215360587 271.838286124 0.13 0.802 0.533333333333 0.2 45 255 34
177 40 -207.689329545 426.78622404 0.02 0.01 nan 0.48 0 300 34
178 8 -110.841215127 233.089995204 0.025 0.505 0.666666666667 0.154882154882 3 297 34
179 4 -134.1284464 279.66445775 0.09 0.604 0.466666666667 0.211111111111 30 270 34
180 8 -115.476472358 242.360509666 0.075 0.802 0.545454545455 0.164794007491 33 267 34
181 4 -128.177067274 267.761699498 0.125 0.901 0.590909090909 0.19921875 44 256 34
183 5 -115.542084876 242.491734701 0.005 0.307 nan 0.143333333333 0 300 34
184 3 -147.843658075 307.0948811 0.005 0.208 nan 0.2 0 300 34
185 7 -88.9071881313 189.221941212 0.005 0.505 0.0 0.103678929766 1 299 34
186 11 -93.8902033478 199.187971645 0.005 0.406 nan 0.116666666667 0 300 34
187 8 -106.019943715 223.44745238 0.01 0.406 0.5 0.140939597315 2 298 34
188 20 -145.356427007 302.120418963 0.015 0.307 nan 0.203333333333 0 300 34
189 3 -134.802150312 281.011865574 0.06 0.505 0.619047619048 0.193548387097 21 279 34
190 32 -178.410763995 368.22909294 0.055 0.208 0.6 0.296551724138 10 290 34
192 7 -146.471376988 304.350318926 0.02 0.307 1.0 0.210702341137 1 299 34
193 2 -153.790748364 318.989061677 0.015 0.208 nan 0.233333333333 0 300 34
194 9 -66.0007585753 143.4090821 0.005 0.703 nan 0.08 0 300 34
195 9 -151.583655221 314.574875391 0.01 0.208 nan 0.223333333333 0 300 34
196 0 -102.201999326 215.811563602 0.025 0.604 0.625 0.140410958904 8 292 34
197 23 -195.800845623 403.009256195 0.05 0.109 0.5 0.369863013699 8 292 34
198 8 -74.5440410558 160.495647061 0.005 0.604 nan 0.08 0 300 34
199 11 -126.802745014 265.013054978 0.035 0.505 0.4375 0.165492957746 16 284 34
200 22 -118.773448584 248.954462117 0.005 0.307 nan 0.153333333333 0 300 34
202 17 -149.355909581 310.119384111 0.075 0.406 0.416666666667 0.242753623188 24 276 34
203 7 -101.535052729 214.477670407 0.005 0.406 nan 0.123333333333 0 300 34
204 22 -112.48872546 236.385015869 0.005 0.307 nan 0.136666666667 0 300 34
206 32 -110.482519228 232.372603404 0.005 0.307 nan 0.126666666667 0 300 34
207 6 -66.3366636641 144.080892278 0.005 0.604 nan 0.0833333333333 0 300 34
208 34 -141.59405679 294.59567853 0.005 0.208 nan 0.186666666667 0 300 34
212 1 -105.455757358 222.319079665 0.04 0.703 0.833333333333 0.149305555556 12 288 34
213 18 -207.678011776 426.7635885 0.015 0.01 nan 0.48 0 300 34
215 8 -88.3866417088 188.180848367 0.005 0.406 nan 0.103333333333 0 300 34
216 1 -99.6292796741 210.666124298 0.005 0.406 nan 0.12 0 300 34
217 16 -148.98252362 309.372612189 0.025 0.307 1.0 0.214765100671 2 298 34
218 3 -129.05188739 269.511339729 0.01 0.307 nan 0.183333333333 0 300 34
220 26 -72.448377549 156.304320047 0.01 0.802 nan 0.0933333333333 0 300 34
221 3 -107.11051403 225.62859301 0.085 1.0 0.733333333333 0.144444444444 30 270 34
223 15 -91.1225886022 193.652742154 0.01 0.505 nan 0.12 0 300 34
225 4 -132.658451276 276.724467502 0.025 0.406 0.6 0.186440677966 5 295 34
226 22 -129.626307807 270.660180564 0.015 0.307 1.0 0.180602006689 1 299 34
227 39 -147.087992291 305.583549532 0.005 0.208 nan 0.206666666667 0 300 34
228 12 -117.743729366 246.895023682 0.005 0.307 nan 0.146666666667 0 300 34
229 16 -116.819123193 245.045811335 0.005 0.307 nan 0.146666666667 0 300 34
230 8 -53.5562809333 118.520126816 0.005 0.703 nan 0.07 0 300 34
231 40 -152.0900252 315.587615348 0.005 0.208 nan 0.21 0 300 34
232 7 -142.640027536 296.687620021 0.005 0.208 nan 0.196666666667 0 300 34
234 8 -94.352225975 200.112016899 0.005 0.406 nan 0.11 0 300 34
235 11 -160.450077227 332.307719404 0.01 0.208 nan 0.233333333333 0 300 34
236 12 -182.541232386 376.490029722 0.005 0.109 nan 0.303333333333 0 300 34
237 3 -142.895861751 297.199288452 0.005 0.208 nan 0.19 0 300 34
238 25 -137.093450279 285.594465507 0.005 0.208 nan 0.18 0 300 34
240 3 -86.7597038247 184.926972599 0.01 0.604 nan 0.11 0 300 34
241 4 -140.642671816 292.692908582 0.005 0.208 nan 0.183333333333 0 300 34
242 7 -90.4278897891 192.263344528 0.005 0.406 nan 0.113333333333 0 300 34
243 13 -104.168133256 219.743831461 0.095 1.0 0.695652173913 0.180505415162 23 277 34
244 28 -153.95090556 319.309376069 0.01 0.208 nan 0.22 0 300 34
245 9 -112.510826372 236.429217694 0.065 0.802 0.55 0.175 20 280 34
247 15 -120.665576979 252.738718907 0.05 0.604 0.347826086957 0.180505415162 23 277 34
248 35 -176.662076512 364.731717974 0.005 0.109 nan 0.28 0 300 34
253 4 -97.6634642332 206.734493416 0.01 0.505 nan 0.126666666667 0 300 34
256 10 -113.384373723 238.176312396 0.005 0.307 nan 0.14 0 300 34
257 24 -119.035926153 249.479417256 0.015 0.406 nan 0.17 0 300 34
258 8 -120.083940899 251.575446748 0.09 0.802 0.576923076923 0.189781021898 26 274 34
259 14 -53.8506541162 119.108873182 0.005 0.703 nan 0.0633333333333 0 300 34
260 13 -144.7259966 300.859558149 0.055 0.406 0.666666666667 0.214035087719 15 285 34
261 7 -183.932525786 379.272616522 0.005 0.109 nan 0.31 0 300 34
262 11 -138.107669725 287.622904398 0.025 0.406 0.285714285714 0.192307692308 14 286 34
263 8 -88.7799521408 188.967469231 0.005 0.406 nan 0.103333333333 0 300 34
264 3 -98.2785139252 207.9645928 0.005 0.406 nan 0.11 0 300 34
1519 17 -119.638726779 250.685018508 0.065 0.703 0.529411764706 0.187279151943 17 283 34
1520 4 -115.983721489 243.375007928 0.005 0.307 nan 0.143333333333 0 300 34
1521 17 -132.715399924 276.838364797 0.015 0.307 nan 0.19 0 300 34
1523 14 -129.994439849 271.396444647 0.015 0.307 nan 0.186666666667 0 300 34
1524 11 -140.642463827 292.692492604 0.025 0.307 0.285714285714 0.201365187713 7 293 34
1525 12 -146.17028084 303.748126629 0.03 0.307 0.375 0.215753424658 8 292 34
1526 11 -111.753012968 234.913590886 0.005 0.307 nan 0.133333333333 0 300 34
1527 15 -133.261803057 277.931171064 0.015 0.307 nan 0.19 0 300 34
1528 2 -123.621233727 258.650032403 0.005 0.307 nan 0.156666666667 0 300 34
1529 2 -106.370619846 224.148804641 0.005 0.307 nan 0.133333333333 0 300 34
1530 15 -103.882932928 219.173430805 0.005 0.307 nan 0.126666666667 0 300 34
1531 10 -116.31175495 244.03107485 0.005 0.307 nan 0.143333333333 0 300 34
1532 15 -89.2444818485 189.896528646 0.005 0.406 nan 0.103333333333 0 300 34
1533 22 -105.457777259 222.323119468 0.005 0.406 nan 0.116666666667 0 300 34
1534 19 -135.310553986 282.028672922 0.09 0.604 0.620689655172 0.191881918819 29 271 34
1535 15 -118.481133751 248.369832452 0.03 0.505 0.5 0.179054054054 4 296 34
1536 5 -123.508001612 258.423568174 0.045 0.604 0.444444444444 0.166666666667 18 282 35
1537 12 -159.876511516 331.160587982 0.005 0.208 nan 0.22 0 300 35
1538 32 -140.284009161 291.975583271 0.075 0.505 0.636363636364 0.212230215827 22 278 35
1539 24 -118.494305736 248.396176421 0.005 0.307 nan 0.146666666667 0 300 35
1540 8 -148.100115837 307.607796623 0.005 0.208 nan 0.19 0 300 35
1541 11 -133.692879602 278.793324154 0.09 0.604 0.466666666667 0.2 30 270 35
1542 7 -115.306593119 242.020751188 0.015 0.406 1.0 0.147157190635 1 299 35
1543 7 -104.804019453 221.015603856 0.02 0.505 0.666666666667 0.138047138047 3 297 35
1544 13 -110.932364987 233.272294923 0.005 0.307 nan 0.136666666667 0 300 35
1545 25 -151.991751487 315.391067924 0.01 0.208 nan 0.22 0 300 35
1546 12 -127.763972525 266.935509999 0.005 0.307 nan 0.163333333333 0 300 35
1547 23 -203.095081562 417.597728073 0.135 0.109 0.48275862069 0.413284132841 29 271 35
1549 27 -153.747911211 318.903387371 0.005 0.208 nan 0.216666666667 0 300 35
1550 4 -128.944716503 269.296997954 0.015 0.307 0.5 0.171140939597 2 298 35
1553 11 -133.230185591 277.867936131 0.05 0.505 0.4 0.2 20 280 35
140 11 -89.6881902648 190.783945479 0.005 0.505 nan 0.1 0 300 35
141 4 -128.977640942 269.362846833 0.01 0.307 nan 0.173333333333 0 300 35
142 10 -95.3319925527 202.071550055 0.005 0.406 nan 0.116666666667 0 300 35
143 21 -178.577457059 368.562479067 0.13 0.307 0.40625 0.320895522388 32 268 35
144 16 -83.8063851177 179.020335185 0.005 0.505 nan 0.103333333333 0 300 35
145 10 -112.978082994 237.363730937 0.005 0.307 nan 0.14 0 300 35
146 24 -143.654425149 298.716415247 0.015 0.307 nan 0.21 0 300 35
147 11 -127.735112538 266.877790024 0.06 0.604 0.526315789474 0.188612099644 19 281 35
148 3 -152.068678008 315.544920965 0.045 0.307 0.444444444444 0.237113402062 9 291 35
149 5 -115.355889519 242.119343988 0.03 0.505 0.4 0.172881355932 5 295 35
150 25 -143.466164814 298.339894576 0.005 0.208 nan 0.2 0 300 35
151 21 -145.546074211 302.499713371 0.005 0.208 nan 0.196666666667 0 300 35
152 9 -76.9101568867 165.227878723 0.005 0.604 nan 0.0866666666667 0 300 35
153 15 -179.180858777 369.769282504 0.1 0.307 0.470588235294 0.300751879699 34 266 35
154 3 -104.897163044 221.201891038 0.035 0.703 0.357142857143 0.153846153846 14 286 35
155 0 -116.495138335 244.397841619 0.005 0.307 nan 0.143333333333 0 300 35
157 8 -150.445418674 312.298402298 0.005 0.208 nan 0.2 0 300 35
158 9 -84.6380460265 180.683657002 0.005 0.505 nan 0.1 0 300 35
159 15 -72.4199398971 156.247444744 0.005 0.604 nan 0.0866666666667 0 300 35
160 29 -82.4206670634 176.248899076 0.01 0.604 0.666666666667 0.0942760942761 3 297 35
161 4 -70.3633768719 152.134318693 0.005 0.604 nan 0.0833333333333 0 300 35
162 19 -188.841754457 389.091073863 0.005 0.109 nan 0.323333333333 0 300 35
163 3 -144.036099108 299.479763165 0.005 0.208 nan 0.19 0 300 35
164 2 -117.571311367 246.550187683 0.03 0.505 0.307692307692 0.16724738676 13 287 35
165 12 -155.967043425 323.341651798 0.03 0.307 0.666666666667 0.242424242424 3 297 35
166 1 -119.192722133 249.793009216 0.075 0.802 0.55 0.15 40 260 35
168 37 -128.986675169 269.380915288 0.005 0.307 nan 0.163333333333 0 300 35
170 12 -133.298573606 278.004712161 0.04 0.406 0.428571428571 0.20819112628 7 293 35
171 5 -111.762762132 234.933089214 0.01 0.406 nan 0.15 0 300 35
172 9 -143.059012029 297.525589006 0.02 0.307 1.0 0.201342281879 2 298 35
173 5 -98.7058517488 208.819268447 0.015 0.505 nan 0.13 0 300 35
174 1 -148.04650004 307.500565028 0.005 0.208 nan 0.2 0 300 35
175 12 -90.3245021381 192.056569226 0.005 0.406 nan 0.103333333333 0 300 35
176 21 -119.404911704 250.217388357 0.135 1.0 0.65 0.184615384615 40 260 35
177 40 -207.336271935 426.080108819 0.205 0.109 0.538461538462 0.463601532567 39 261 35
178 8 -115.215784747 241.839134442 0.025 0.505 0.6 0.166101694915 5 295 35
179 4 -142.919880449 297.247325847 0.11 0.604 0.622222222222 0.196078431373 45 255 35
180 8 -120.155349867 251.718264684 0.09 0.802 0.7 0.159259259259 30 270 35
181 4 -123.960467358 259.328499666 0.15 1.0 0.583333333333 0.223484848485 36 264 35
183 5 -116.74809938 244.90376371 0.005 0.307 nan 0.14 0 300 35
184 3 -155.008348581 321.424262111 0.035 0.307 0.666666666667 0.231292517007 6 294 35
185 7 -98.7950223217 208.997609593 0.005 0.406 nan 0.12 0 300 35
186 11 -83.1097445724 177.627054094 0.01 0.604 1.0 0.100334448161 1 299 35
187 8 -105.679310075 222.766185098 0.01 0.406 nan 0.143333333333 0 300 35
188 20 -146.593144982 304.593854914 0.02 0.307 nan 0.213333333333 0 300 35
189 3 -110.744964839 232.897494627 0.085 1.0 0.6 0.158490566038 35 265 35
190 32 -178.828221802 369.064008554 0.005 0.109 nan 0.293333333333 0 300 35
192 7 -133.4644872 278.336539349 0.035 0.406 0.571428571429 0.194539249147 7 293 35
193 2 -137.413847342 286.235259634 0.01 0.307 nan 0.186666666667 0 300 35
194 9 -63.1428972007 137.693359351 0.005 0.703 nan 0.0766666666667 0 300 35
195 9 -157.294198584 325.995962116 0.01 0.208 nan 0.23 0 300 35
196 0 -113.527269053 238.462103056 0.025 0.505 0.25 0.172297297297 4 296 35
197 23 -190.737115193 392.881795336 0.01 0.109 nan 0.34 0 300 35
198 8 -72.3388892716 156.085343492 0.005 0.604 nan 0.0833333333333 0 300 35
199 11 -123.08681396 257.58119287 0.025 0.406 0.3 0.175862068966 10 290 35
200 22 -114.462275429 240.332115807 0.005 0.307 nan 0.143333333333 0 300 35
202 17 -147.77104869 306.949662328 0.11 0.505 0.571428571429 0.233962264151 35 265 35
203 7 -122.02585412 255.45927319 0.005 0.307 nan 0.15 0 300 35
204 22 -109.474423279 230.356411507 0.005 0.307 nan 0.14 0 300 35
206 32 -114.556283362 240.520131674 0.005 0.307 nan 0.143333333333 0 300 35
207 6 -89.4194500827 190.246465115 0.005 0.406 nan 0.106666666667 0 300 35
208 34 -145.59493277 302.597430489 0.005 0.208 nan 0.2 0 300 35
212 1 -108.102557744 227.612680438 0.035 0.604 0.571428571429 0.163822525597 7 293 35
213 18 -208.077516916 427.56259878 0.205 0.01 0.444444444444 0.509803921569 45 255 35
215 8 -88.1213235755 187.6502121 0.005 0.406 nan 0.106666666667 0 300 35
216 1 -92.8105394159 197.028643781 0.005 0.406 nan 0.103333333333 0 300 35
217 16 -143.060889586 297.529344121 0.005 0.208 nan 0.193333333333 0 300 35
218 3 -138.94135728 289.29027951 0.02 0.307 1.0 0.185185185185 3 297 35
220 26 -82.0645990915 175.536763132 0.005 0.505 nan 0.1 0 300 35
221 3 -110.142627369 231.692819687 0.065 0.901 0.555555555556 0.153846153846 27 273 35
223 15 -90.7232585129 192.854081975 0.005 0.505 nan 0.106666666667 0 300 35
225 4 -119.715236015 250.838036979 0.03 0.505 0.8 0.172881355932 5 295 35
226 22 -133.598259519 278.604083987 0.02 0.307 1.0 0.19397993311 1 299 35
227 39 -144.252660254 299.912885457 0.005 0.208 nan 0.196666666667 0 300 35
228 12 -111.068342943 233.544250835 0.005 0.307 nan 0.136666666667 0 300 35
229 16 -114.096249025 239.600063 0.005 0.307 nan 0.143333333333 0 300 35
230 8 -53.7149963604 118.83755767 0.005 0.802 nan 0.0666666666667 0 300 35
231 40 -148.035300921 307.47816679 0.005 0.208 nan 0.206666666667 0 300 35
232 7 -125.519435601 262.446436151 0.01 0.307 nan 0.17 0 300 35
234 8 -91.0736876676 193.554940284 0.005 0.406 nan 0.11 0 300 35
235 11 -149.408737788 310.225040526 0.005 0.208 nan 0.213333333333 0 300 35
236 12 -184.68375062 380.77506619 0.005 0.109 nan 0.306666666667 0 300 35
237 3 -155.178690589 321.764946128 0.005 0.208 nan 0.213333333333 0 300 35
238 25 -132.017895204 275.443355357 0.01 0.307 nan 0.166666666667 0 300 35
240 3 -105.3661685 222.13990195 0.005 0.406 nan 0.123333333333 0 300 35
241 4 -148.279330016 307.966224981 0.005 0.208 nan 0.196666666667 0 300 35
242 7 -71.970358417 155.348281783 0.005 0.505 nan 0.09 0 300 35
243 13 -124.72290138 260.853367709 0.08 0.703 0.6 0.162264150943 35 265 35
244 28 -163.138464282 337.684493513 0.005 0.208 nan 0.233333333333 0 300 35
245 9 -104.190995107 219.789555163 0.07 0.901 0.51724137931 0.143911439114 29 271 35
247 15 -115.351956179 242.111477307 0.055 0.703 0.541666666667 0.155797101449 24 276 35
248 35 -187.409474718 386.226514386 0.015 0.109 nan 0.326666666667 0 300 35
253 4 -92.4101531544 196.227871258 0.005 0.406 nan 0.11 0 300 35
256 10 -109.039927712 229.487420373 0.005 0.307 nan 0.136666666667 0 300 35
257 24 -110.104041269 231.615647487 0.03 0.604 0.6 0.144827586207 10 290 35
258 8 -132.036998058 275.481561066 0.06 0.604 0.608695652174 0.180505415162 23 277 35
259 14 -56.3666677171 124.140900384 0.005 0.802 nan 0.0633333333333 0 300 35
260 13 -148.836908753 309.081382455 0.035 0.307 0.625 0.219178082192 8 292 35
261 7 -182.273065734 375.953696417 0.005 0.109 nan 0.293333333333 0 300 35
262 11 -138.674682642 288.756930233 0.015 0.307 nan 0.196666666667 0 300 35
263 8 -101.619581812 214.646728573 0.01 0.505 nan 0.13 0 300 35
264 3 -87.8729678957 187.153500741 0.005 0.505 nan 0.106666666667 0 300 35
1519 17 -114.213609945 239.83478484 0.08 0.901 0.65625 0.15671641791 32 268 35
1520 4 -113.90291362 239.213392189 0.01 0.406 0.5 0.144295302013 2 298 35
1521 17 -143.156529476 297.720623902 0.025 0.307 0.5 0.206081081081 4 296 35
1523 14 -125.589125579 262.585816107 0.045 0.505 0.555555555556 0.19587628866 9 291 35
1524 11 -136.540631027 284.488827004 0.02 0.307 1.0 0.197324414716 1 299 35
1525 12 -144.136972763 299.681510475 0.025 0.307 0.333333333333 0.212121212121 3 297 35
1526 11 -96.9527101701 205.31298529 0.005 0.406 nan 0.116666666667 0 300 35
1527 15 -142.108616536 295.624798022 0.015 0.307 nan 0.206666666667 0 300 35
1528 2 -93.0864712432 197.580507436 0.005 0.406 nan 0.11 0 300 35
1529 2 -86.0268773248 183.461319599 0.005 0.406 nan 0.0966666666667 0 300 35
1530 15 -97.5828698306 206.57330461 0.005 0.406 nan 0.116666666667 0 300 35
1531 10 -97.7938583133 206.995281576 0.01 0.505 nan 0.133333333333 0 300 35
1532 15 -73.1699216568 157.747408263 0.005 0.505 nan 0.0866666666667 0 300 35
1533 22 -89.6713513188 190.750267587 0.005 0.406 nan 0.11 0 300 35
1534 19 -142.481312492 296.370189933 0.09 0.505 0.478260869565 0.227436823105 23 277 35
1535 15 -125.217734604 261.843034157 0.045 0.505 0.727272727273 0.173010380623 11 289 35
