1536 5 -119.947672775 251.302910499 0.06 0.703 0.571428571429 0.172043010753 21 279 91
1537 12 -134.270519176 279.948603301 0.01 0.307 nan 0.18 0 300 91
1538 32 -147.322526858 306.052618665 0.06 0.406 0.48 0.218181818182 25 275 91
1539 24 -119.531586553 250.470738055 0.005 0.307 nan 0.143333333333 0 300 91
1540 8 -150.719512763 312.846590476 0.005 0.208 nan 0.213333333333 0 300 91
1541 11 -125.005071442 261.417707832 0.125 0.901 0.622222222222 0.176470588235 45 255 91
1542 7 -135.199025054 281.805615058 0.015 0.307 0.666666666667 0.185185185185 3 297 91
1543 7 -102.374723986 216.157012922 0.02 0.604 1.0 0.14381270903 1 299 91
1544 13 -105.547078163 222.501721275 0.005 0.307 nan 0.123333333333 0 300 91
1545 25 -142.016011248 295.439587446 0.02 0.307 1.0 0.197324414716 1 299 91
1546 12 -118.78486881 248.97730257 0.005 0.307 nan 0.146666666667 0 300 91
1547 23 -206.277389292 423.962343534 0.205 0.109 0.44 0.444 50 250 91
1549 27 -137.309713875 286.0269927 0.02 0.307 0.666666666667 0.188552188552 3 297 91
1550 4 -135.339362141 282.086289231 0.01 0.307 nan 0.18 0 300 91
1553 11 -124.816126088 261.039817125 0.07 0.703 0.571428571429 0.183823529412 28 272 91
140 11 -73.1345419336 157.676648817 0.005 0.604 nan 0.08 0 300 91
141 4 -117.573822737 246.555210424 0.01 0.406 nan 0.156666666667 0 300 91
142 10 -89.5108103234 190.429185596 0.005 0.505 nan 0.106666666667 0 300 91
143 21 -181.175990012 373.759544973 0.15 0.307 0.666666666667 0.299625468165 33 267 91
144 16 -85.2431848492 181.893934648 0.005 0.505 nan 0.0966666666667 0 300 91
145 10 -106.279252193 223.966069335 0.01 0.406 nan 0.136666666667 0 300 91
146 24 -158.027655909 327.462876766 0.01 0.208 nan 0.23 0 300 91
147 11 -136.781823837 284.971212623 0.06 0.505 0.6 0.214035087719 15 285 91
148 3 -140.838433941 293.084432832 0.025 0.307 0.5 0.209459459459 4 296 91
149 5 -115.758734727 242.925034404 0.05 0.703 0.611111111111 0.166666666667 18 282 91
150 25 -148.405834954 308.219234858 0.005 0.208 nan 0.206666666667 0 300 91
151 21 -121.519784082 254.447133113 0.015 0.406 1.0 0.161073825503 2 298 91
152 9 -92.6441809695 196.695926888 0.005 0.406 nan 0.11 0 300 91
153 15 -175.900569607 363.208704164 0.115 0.307 0.535714285714 0.308823529412 28 272 91
154 3 -107.186473317 225.780511583 0.045 0.703 0.583333333333 0.159722222222 12 288 91
155 0 -114.690354279 240.788273507 0.005 0.307 nan 0.146666666667 0 300 91
157 8 -147.839225761 307.086016472 0.005 0.208 nan 0.2 0 300 91
158 9 -80.9033596606 173.21428427 0.015 0.802 0.375 0.0993150684932 8 292 91
159 15 -78.3651167844 168.137798518 0.005 0.505 nan 0.0933333333333 0 300 91
160 29 -94.2203164658 199.848197881 0.005 0.406 nan 0.11 0 300 91
161 4 -71.3268652946 154.061295539 0.005 0.604 nan 0.0833333333333 0 300 91
162 19 -181.623690162 374.654945274 0.005 0.109 nan 0.3 0 300 91
163 3 -136.021332353 283.450229654 0.01 0.307 nan 0.186666666667 0 300 91
164 2 -129.550398264 270.508361478 0.01 0.307 nan 0.17 0 300 91
165 12 -148.8260234 309.059611749 0.035 0.307 0.5 0.231292517007 6 294 91
166 1 -95.6148080511 202.637181051 0.06 1.0 0.714285714286 0.139784946237 21 279 91
168 37 -117.803636197 247.014837344 0.005 0.307 nan 0.146666666667 0 300 91
170 12 -141.452401222 294.312367394 0.05 0.406 0.444444444444 0.205673758865 18 282 91
171 5 -112.764810765 236.93718648 0.015 0.406 0.375 0.140410958904 8 292 91
172 9 -147.937521746 307.282608442 0.01 0.208 nan 0.21 0 300 91
173 5 -105.532448588 222.472462126 0.005 0.307 nan 0.13 0 300 91
174 1 -152.823415679 317.054396308 0.005 0.208 nan 0.21 0 300 91
175 12 -102.556091701 216.519748351 0.01 0.505 nan 0.13 0 300 91
176 21 -139.651517269 290.710599487 0.13 0.703 0.565217391304 0.208661417323 46 254 91
177 40 -208.132149912 427.671864774 0.205 0.01 0.461538461538 0.51724137931 39 261 91
178 8 -117.655926756 246.719418461 0.015 0.406 nan 0.163333333333 0 300 91
179 4 -126.41633426 264.24023347 0.07 0.604 0.541666666667 0.192028985507 24 276 91
180 8 -114.792636177 240.992837303 0.1 1.0 0.565217391304 0.149606299213 46 254 91
181 4 -126.430751227 264.269067403 0.115 0.802 0.510638297872 0.189723320158 47 253 91
183 5 -125.377171576 262.161908102 0.005 0.307 nan 0.156666666667 0 300 91
184 3 -166.939252243 345.286069436 0.015 0.208 nan 0.26 0 300 91
185 7 -89.0387372316 189.485039412 0.005 0.406 nan 0.103333333333 0 300 91
186 11 -97.3791645293 206.165894008 0.005 0.406 nan 0.12 0 300 91
187 8 -109.963801476 231.335167902 0.01 0.406 nan 0.143333333333 0 300 91
188 20 -141.406275286 294.220115522 0.005 0.208 nan 0.19 0 300 91
189 3 -114.843721539 241.095008027 0.075 0.802 0.583333333333 0.147727272727 36 264 91
190 32 -194.391947059 400.191459067 0.035 0.109 0.3 0.362068965517 10 290 91
192 7 -136.930951354 285.269467658 0.025 0.307 0.5 0.204697986577 2 298 91
193 2 -133.588261632 278.584088213 0.02 0.307 nan 0.196666666667 0 300 91
194 9 -56.3643136903 124.13619233 0.005 0.703 nan 0.07 0 300 91
195 9 -160.44927074 332.306106429 0.02 0.208 0.5 0.238255033557 2 298 91
196 0 -115.910074886 243.227714721 0.025 0.505 0.25 0.162162162162 4 296 91
197 23 -198.266169748 407.939904445 0.05 0.109 0.285714285714 0.378839590444 7 293 91
198 8 -67.2383813638 145.884327677 0.005 0.604 nan 0.08 0 300 91
199 11 -99.0671804094 209.541925768 0.05 0.901 0.611111111111 0.13829787234 18 282 91
200 22 -115.67074813 242.749061209 0.01 0.406 nan 0.146666666667 0 300 91
202 17 -150.759124518 312.925813986 0.065 0.406 0.6 0.231578947368 15 285 91
203 7 -131.808226927 275.024018803 0.01 0.307 nan 0.173333333333 0 300 91
204 22 -122.012152192 255.431869334 0.005 0.307 nan 0.153333333333 0 300 91
206 32 -106.239987134 223.887539218 0.005 0.307 nan 0.13 0 300 91
207 6 -89.8529991864 191.113563322 0.005 0.406 nan 0.103333333333 0 300 91
208 34 -148.188755255 307.78507546 0.005 0.208 nan 0.21 0 300 91
212 1 -97.9881996254 207.3839642 0.03 0.703 0.7 0.137931034483 10 290 91
213 18 -207.341291652 426.090148252 0.01 0.01 nan 0.466666666667 0 300 91
215 8 -91.6944236901 194.796412329 0.005 0.406 nan 0.11 0 300 91
216 1 -99.0417728014 209.491110552 0.005 0.406 nan 0.11 0 300 91
217 16 -142.229236573 295.866038095 0.005 0.208 nan 0.193333333333 0 300 91
218 3 -146.103236124 303.614037197 0.015 0.307 nan 0.21 0 300 91
220 26 -70.9788519575 153.365268864 0.005 0.505 nan 0.08 0 300 91
221 3 -100.954154717 213.315874384 0.08 1.0 0.607142857143 0.161764705882 28 272 91
223 15 -80.7223772092 172.852319368 0.01 0.604 nan 0.103333333333 0 300 91
225 4 -127.863907174 267.135379298 0.025 0.406 0.6 0.183050847458 5 295 91
226 22 -131.229163505 273.865891959 0.015 0.307 nan 0.183333333333 0 300 91
227 39 -137.595269518 286.598103984 0.01 0.307 nan 0.193333333333 0 300 91
228 12 -120.402993314 252.213551577 0.005 0.307 nan 0.15 0 300 91
229 16 -116.473233361 244.354031671 0.005 0.307 nan 0.146666666667 0 300 91
230 8 -66.3352111434 144.077987236 0.005 0.703 nan 0.0733333333333 0 300 91
231 40 -149.45616582 310.31989659 0.005 0.208 nan 0.206666666667 0 300 91
232 7 -131.504863337 274.417291623 0.01 0.307 nan 0.176666666667 0 300 91
234 8 -94.2645076991 199.936580348 0.005 0.406 nan 0.106666666667 0 300 91
235 11 -150.955446131 313.318457212 0.005 0.208 nan 0.213333333333 0 300 91
236 12 -172.56070443 356.528973808 0.015 0.208 0.5 0.258389261745 2 298 91
237 3 -149.378515299 310.164595548 0.025 0.307 0.25 0.211805555556 12 288 91
238 25 -151.941471656 315.290508261 0.005 0.208 nan 0.213333333333 0 300 91
240 3 -79.3939209728 170.195406895 0.01 0.604 nan 0.106666666667 0 300 91
241 4 -146.766737012 304.941038974 0.005 0.208 nan 0.203333333333 0 300 91
242 7 -82.3398518043 176.087268558 0.005 0.505 nan 0.1 0 300 91
243 13 -113.264000928 237.935566806 0.09 0.901 0.666666666667 0.172161172161 27 273 91
244 28 -159.206424683 329.820414316 0.01 0.208 nan 0.236666666667 0 300 91
245 9 -114.124336951 239.656238851 0.11 1.0 0.618181818182 0.138775510204 55 245 91
247 15 -115.376600242 242.160765433 0.05 0.703 0.47619047619 0.161290322581 21 279 91
248 35 -185.173980011 381.755524971 0.005 0.109 nan 0.31 0 300 91
253 4 -92.1131280462 195.633821042 0.005 0.406 nan 0.103333333333 0 300 91
256 10 -120.67653382 252.760632589 0.005 0.307 nan 0.153333333333 0 300 91
257 24 -113.741279762 238.890124473 0.015 0.406 1.0 0.150501672241 1 299 91
258 8 -122.89222862 257.192022188 0.07 0.703 0.484848484848 0.172284644195 33 267 91
259 14 -49.7555679208 110.918700791 0.005 0.901 nan 0.0633333333333 0 300 91
260 13 -134.96422725 281.336019449 0.035 0.406 0.6 0.203389830508 5 295 91
261 7 -191.738244781 394.884054512 0.005 0.109 nan 0.323333333333 0 300 91
262 11 -124.450361536 260.308288022 0.01 0.307 nan 0.17 0 300 91
263 8 -84.561869078 180.531303105 0.005 0.406 nan 0.103333333333 0 300 91
264 3 -96.0772065465 203.561978042 0.005 0.406 nan 0.12 0 300 91
1519 17 -117.666531514 246.740627976 0.09 0.901 0.628571428571 0.162264150943 35 265 91
1520 4 -116.19863653 243.804838009 0.005 0.307 nan 0.14 0 300 91
1521 17 -141.088636635 293.58483822 0.02 0.307 nan 0.21 0 300 91
1523 14 -128.251349355 267.910263658 0.035 0.505 0.454545454545 0.179930795848 11 289 91
1524 11 -145.782792143 302.973149235 0.025 0.307 nan 0.226666666667 0 300 91
1525 12 -147.369132292 306.145829533 0.03 0.307 0.666666666667 0.232323232323 3 297 91
1526 11 -117.893043391 247.193651732 0.005 0.307 nan 0.143333333333 0 300 91
1527 15 -135.026879913 281.461324775 0.03 0.406 0.4 0.196610169492 5 295 91
1528 2 -116.367973186 244.143511322 0.005 0.307 nan 0.146666666667 0 300 91
1529 2 -89.0870968366 189.581758622 0.005 0.406 nan 0.106666666667 0 300 91
1530 15 -97.4029367753 206.2134385 0.005 0.406 nan 0.103333333333 0 300 91
1531 10 -103.420795 218.24915495 0.01 0.406 nan 0.14 0 300 91
1532 15 -85.5909001289 182.589365207 0.005 0.505 nan 0.0966666666667 0 300 91
1533 22 -89.0612057505 189.52997645 0.005 0.406 nan 0.106666666667 0 300 91
1534 19 -133.223342674 277.854250298 0.1 0.703 0.565217391304 0.181102362205 46 254 91
1535 15 -136.930907038 285.269379025 0.035 0.406 0.307692307692 0.202090592334 13 287 91
1536 5 -115.82980929 243.06718353 0.075 0.901 0.564102564103 0.145593869732 39 261 92
1537 12 -146.096943694 303.601452338 0.005 0.208 nan 0.196666666667 0 300 92
1538 32 -143.340130915 298.087826779 0.05 0.406 0.3 0.234482758621 10 290 92
1539 24 -131.234701086 273.876967121 0.005 0.307 nan 0.163333333333 0 300 92
1540 8 -135.928433241 283.264431432 0.01 0.307 nan 0.183333333333 0 300 92
1541 11 -141.05779717 293.523159289 0.13 0.703 0.557692307692 0.193548387097 52 248 92
1542 7 -137.678063958 286.763692866 0.01 0.307 0.142857142857 0.180887372014 7 293 92
1543 7 -96.0912532283 203.590071406 0.025 0.802 0.545454545455 0.124567474048 11 289 92
1544 13 -120.691828131 252.791221211 0.005 0.307 nan 0.153333333333 0 300 92
1545 25 -153.497741976 318.403048902 0.005 0.208 nan 0.216666666667 0 300 92
1546 12 -112.99476065 237.39708625 0.01 0.406 nan 0.146666666667 0 300 92
1547 23 -207.025437405 425.458439759 0.205 0.109 0.5 0.469465648855 38 262 92
1549 27 -132.67759377 276.762752489 0.01 0.307 nan 0.173333333333 0 300 92
1550 4 -134.167955068 279.743475085 0.015 0.307 nan 0.19 0 300 92
1553 11 -134.334062183 280.075689315 0.055 0.505 0.434782608696 0.198555956679 23 277 92
140 11 -66.4706493478 144.348863645 0.005 0.505 nan 0.0833333333333 0 300 92
141 4 -124.420970782 260.249506513 0.02 0.406 0.666666666667 0.175084175084 3 297 92
142 10 -92.8693514716 197.146267892 0.01 0.604 nan 0.116666666667 0 300 92
143 21 -171.299379843 354.006324635 0.16 0.406 0.607142857143 0.262295081967 56 244 92
144 16 -77.1712940773 165.750153104 0.005 0.505 nan 0.09 0 300 92
145 10 -107.348155885 226.103876719 0.005 0.307 nan 0.133333333333 0 300 92
146 24 -147.80336901 307.014302969 0.01 0.208 nan 0.21 0 300 92
147 11 -121.085070729 253.577706408 0.06 0.604 0.5 0.1875 12 288 92
148 3 -135.863656624 283.134878197 0.04 0.406 0.6 0.2 10 290 92
149 5 -131.101378851 273.610322652 0.035 0.406 0.666666666667 0.205387205387 3 297 92
150 25 -132.260385808 275.928336565 0.005 0.307 nan 0.163333333333 0 300 92
151 21 -160.849980897 333.107526743 0.01 0.208 nan 0.23 0 300 92
152 9 -107.122015411 225.651595772 0.005 0.406 nan 0.13 0 300 92
153 15 -173.949463954 359.306492858 0.11 0.307 0.407407407407 0.311355311355 27 273 92
154 3 -130.814265259 273.036095467 0.03 0.406 0.545454545455 0.176470588235 11 289 92
155 0 -108.83263703 229.072839009 0.005 0.307 nan 0.13 0 300 92
157 8 -147.320383117 306.048331183 0.005 0.208 nan 0.203333333333 0 300 92
158 9 -80.1343538746 171.676272698 0.005 0.505 nan 0.0833333333333 0 300 92
159 15 -72.9974984635 157.402561876 0.005 0.505 nan 0.09 0 300 92
160 29 -85.4457412328 182.299047415 0.005 0.505 nan 0.0966666666667 0 300 92
161 4 -68.8557116446 149.118988239 0.005 0.604 nan 0.0833333333333 0 300 92
162 19 -182.127120327 375.661805604 0.005 0.109 nan 0.303333333333 0 300 92
163 3 -159.255100663 329.917766275 0.01 0.208 nan 0.236666666667 0 300 92
164 2 -125.357821228 262.123207405 0.02 0.406 0.75 0.172297297297 4 296 92
165 12 -141.181631645 293.770828239 0.05 0.406 0.588235294118 0.197879858657 17 283 92
166 1 -111.342958795 234.093482539 0.055 0.802 0.5 0.169064748201 22 278 92
168 37 -125.822164095 263.051893139 0.005 0.307 nan 0.153333333333 0 300 92
170 12 -136.643982198 284.695529346 0.07 0.505 0.64 0.185454545455 25 275 92
171 5 -119.518916269 250.445397487 0.005 0.307 nan 0.146666666667 0 300 92
172 9 -136.460990131 284.329545212 0.03 0.406 0.75 0.202702702703 4 296 92
173 5 -101.043676215 213.494917379 0.01 0.505 nan 0.136666666667 0 300 92
174 1 -145.835418406 303.078401762 0.02 0.307 0.75 0.199324324324 4 296 92
175 12 -95.0265218579 201.460608665 0.01 0.505 0.5 0.11744966443 2 298 92
176 21 -138.662987608 288.733540166 0.12 0.703 0.477272727273 0.22265625 44 256 92
177 40 -207.929951048 427.267467046 0.205 0.01 0.588235294118 0.496240601504 34 266 92
178 8 -120.490319694 252.388204336 0.03 0.505 0.571428571429 0.170648464164 7 293 92
179 4 -131.974809179 275.357183306 0.06 0.505 0.636363636364 0.207612456747 11 289 92
180 8 -112.708829722 236.825224393 0.06 0.703 0.833333333333 0.177083333333 12 288 92
181 4 -119.531668767 250.470902484 0.11 0.901 0.62 0.148 50 250 92
183 5 -112.624727712 236.657020374 0.01 0.406 nan 0.146666666667 0 300 92
184 3 -165.827092168 343.061749286 0.01 0.208 nan 0.246666666667 0 300 92
185 7 -94.8252516913 201.058068332 0.005 0.406 nan 0.116666666667 0 300 92
186 11 -97.2229588055 205.85348256 0.005 0.406 nan 0.11 0 300 92
187 8 -111.475809914 234.359184777 0.01 0.406 nan 0.153333333333 0 300 92
188 20 -147.241838781 305.891242511 0.005 0.208 nan 0.206666666667 0 300 92
189 3 -120.377343836 252.162252621 0.08 0.802 0.545454545455 0.179775280899 33 267 92
190 32 -186.52695653 384.46147801 0.01 0.109 nan 0.323333333333 0 300 92
192 7 -141.749974351 294.907513652 0.02 0.307 0.5 0.208053691275 2 298 92
193 2 -137.467436778 286.342438505 0.02 0.307 nan 0.2 0 300 92
194 9 -65.58912104 142.585807029 0.005 0.703 1.0 0.0702341137124 1 299 92
195 9 -146.612248211 304.632061372 0.01 0.208 nan 0.206666666667 0 300 92
196 0 -108.487446245 228.38245744 0.025 0.505 1.0 0.163879598662 1 299 92
197 23 -193.174055192 397.755675334 0.03 0.109 0.333333333333 0.360269360269 3 297 92
198 8 -71.3102178343 154.028000618 0.005 0.604 nan 0.08 0 300 92
199 11 -117.05585652 245.519277988 0.03 0.505 1.0 0.16835016835 3 297 92
200 22 -120.441888812 252.291342573 0.015 0.406 1.0 0.157190635452 1 299 92
202 17 -152.810395369 317.028355688 0.075 0.406 0.5 0.242857142857 20 280 92
203 7 -108.617332085 228.642229119 0.005 0.307 nan 0.126666666667 0 300 92
204 22 -102.511356152 216.430277254 0.01 0.406 nan 0.126666666667 0 300 92
206 32 -137.834882635 287.077330219 0.005 0.208 nan 0.173333333333 0 300 92
207 6 -93.226790887 197.861146723 0.005 0.406 nan 0.11 0 300 92
208 34 -139.752595564 290.912756078 0.005 0.208 nan 0.186666666667 0 300 92
212 1 -106.241117978 223.889800906 0.045 0.802 0.545454545455 0.140287769784 22 278 92
213 18 -206.846960894 425.101486736 0.005 0.01 nan 0.443333333333 0 300 92
215 8 -89.9914575992 191.390480148 0.005 0.406 nan 0.11 0 300 92
216 1 -104.473229871 220.354024691 0.005 0.406 nan 0.116666666667 0 300 92
217 16 -157.713561159 326.834687267 0.005 0.208 nan 0.22 0 300 92
218 3 -123.6478697 258.70330435 0.02 0.406 0.5 0.174496644295 2 298 92
220 26 -83.4462252862 178.300015522 0.005 0.505 nan 0.1 0 300 92
221 3 -113.525223845 238.45801264 0.065 0.802 0.578947368421 0.17793594306 19 281 92
223 15 -81.0954895256 173.598544 0.01 0.703 0.25 0.097972972973 4 296 92
225 4 -130.547789712 272.503144372 0.025 0.406 0.75 0.185810810811 4 296 92
226 22 -135.447430054 282.302425057 0.01 0.307 nan 0.186666666667 0 300 92
227 39 -149.293560915 309.99468678 0.005 0.208 nan 0.206666666667 0 300 92
228 12 -126.664057028 264.735679005 0.005 0.307 nan 0.16 0 300 92
229 16 -105.751724872 222.911014694 0.005 0.406 nan 0.123333333333 0 300 92
230 8 -55.4658129107 122.339190771 0.005 0.802 nan 0.0633333333333 0 300 92
231 40 -139.403022139 290.213609228 0.005 0.208 nan 0.19 0 300 92
232 7 -129.944288342 271.296141634 0.01 0.307 nan 0.18 0 300 92
234 8 -90.1626408349 191.732846619 0.005 0.406 nan 0.11 0 300 92
235 11 -137.744564096 286.896693141 0.005 0.208 nan 0.173333333333 0 300 92
236 12 -188.756442238 388.920449426 0.015 0.109 nan 0.333333333333 0 300 92
237 3 -146.608247625 304.624060199 0.005 0.208 nan 0.203333333333 0 300 92
238 25 -147.445330309 306.298225568 0.005 0.208 nan 0.203333333333 0 300 92
240 3 -94.3844020965 200.176369142 0.01 0.505 nan 0.12 0 300 92
241 4 -146.864491342 305.136547633 0.005 0.208 nan 0.2 0 300 92
242 7 -93.3215091685 198.050583286 0.005 0.406 nan 0.106666666667 0 300 92
243 13 -109.111307731 229.630180411 0.085 1.0 0.527777777778 0.162878787879 36 264 92
244 28 -154.759675918 320.926916784 0.01 0.208 nan 0.223333333333 0 300 92
245 9 -106.348755086 224.105075121 0.07 1.0 0.526315789474 0.141221374046 38 262 92
247 15 -129.353567258 270.114699465 0.045 0.505 0.692307692308 0.184668989547 13 287 92
248 35 -189.038982864 389.485530677 0.005 0.109 nan 0.323333333333 0 300 92
253 4 -83.0999871859 177.607539321 0.005 0.505 nan 0.103333333333 0 300 92
256 10 -101.865422561 215.138410072 0.01 0.505 nan 0.13 0 300 92
257 24 -113.807631523 239.022827995 0.015 0.406 0.333333333333 0.144781144781 3 297 92
258 8 -121.243451312 253.894467574 0.07 0.703 0.571428571429 0.169117647059 28 272 92
259 14 -42.6825038797 96.7725727087 0.005 0.901 nan 0.0566666666667 0 300 92
260 13 -140.649417893 292.706400736 0.045 0.406 0.8 0.216949152542 5 295 92
261 7 -172.375369229 356.158303408 0.005 0.109 nan 0.256666666667 0 300 92
262 11 -117.222118478 245.851801905 0.015 0.406 nan 0.166666666667 0 300 92
263 8 -86.1946919714 183.796948892 0.01 0.604 nan 0.11 0 300 92
264 3 -95.9906722777 203.388909505 0.005 0.406 nan 0.113333333333 0 300 92
1519 17 -108.904019329 229.215603607 0.09 1.0 0.730769230769 0.167883211679 26 274 92
1520 4 -99.2666437109 209.940852371 0.005 0.406 nan 0.12 0 300 92
1521 17 -136.595512381 284.598589711 0.02 0.307 nan 0.2 0 300 92
1523 14 -121.851335306 255.110235561 0.04 0.505 0.625 0.161971830986 16 284 92
1524 11 -142.967244066 297.342053081 0.02 0.307 nan 0.216666666667 0 300 92
1525 12 -150.383543845 312.174652638 0.08 0.406 0.583333333333 0.231884057971 24 276 92
1526 11 -131.766324262 274.940213473 0.005 0.307 nan 0.17 0 300 92
1527 15 -141.90315188 295.21386871 0.02 0.307 0.0 0.207357859532 1 299 92
1528 2 -130.818672616 273.044910181 0.01 0.307 nan 0.173333333333 0 300 92
1529 2 -89.3241298223 190.055824594 0.005 0.406 nan 0.106666666667 0 300 92
1530 15 -102.157040563 215.721646075 0.005 0.406 nan 0.123333333333 0 300 92
1531 10 -100.048726627 211.505018203 0.01 0.406 nan 0.133333333333 0 300 92
1532 15 -69.1219402982 149.651445546 0.005 0.604 nan 0.08 0 300 92
1533 22 -86.9233216684 185.254208286 0.005 0.406 nan 0.103333333333 0 300 92
1534 19 -145.2845547 301.976674349 0.09 0.505 0.433333333333 0.22962962963 30 270 92
1535 15 -137.238877779 285.885320508 0.045 0.406 0.5 0.213793103448 10 290 92
1536 5 -113.911956664 239.231478278 0.04 0.604 0.5 0.161971830986 16 284 93
1537 12 -142.909229112 297.226023174 0.005 0.208 nan 0.196666666667 0 300 93
1538 32 -158.184319454 327.776203858 0.015 0.208 nan 0.24 0 300 93
1539 24 -123.105225687 257.618016323 0.01 0.307 nan 0.156666666667 0 300 93
1540 8 -147.384535517 306.176635983 0.02 0.307 0.4 0.206779661017 5 295 93
1541 11 -123.079754951 257.567074851 0.12 0.901 0.533333333333 0.192156862745 45 255 93
1542 7 -121.367130924 254.141826797 0.02 0.406 0.5 0.165540540541 4 296 93
1543 7 -101.156389112 213.720343174 0.015 0.505 nan 0.143333333333 0 300 93
1544 13 -108.40220964 228.21198423 0.005 0.307 nan 0.133333333333 0 300 93
1545 25 -140.186421077 291.780407103 0.005 0.208 nan 0.19 0 300 93
1546 12 -113.964836953 239.337238855 0.005 0.307 nan 0.136666666667 0 300 93
1547 23 -205.309750408 422.027065765 0.13 0.109 0.6 0.403703703704 30 270 93
1549 27 -135.195468585 281.79850212 0.01 0.307 1.0 0.177257525084 1 299 93
1550 4 -109.165301528 229.738168005 0.025 0.505 1.0 0.151515151515 3 297 93
1553 11 -136.675814497 284.759193944 0.06 0.505 0.352941176471 0.21554770318 17 283 93
140 11 -71.6317704613 154.671105872 0.005 0.505 nan 0.09 0 300 93
141 4 -110.439275575 232.286116099 0.005 0.307 nan 0.136666666667 0 300 93
142 10 -86.1238950851 183.65535512 0.005 0.505 1.0 0.0936454849498 1 299 93
143 21 -165.215569822 341.838704592 0.165 0.505 0.58064516129 0.247899159664 62 238 93
144 16 -71.3050373159 154.017639581 0.005 0.604 nan 0.08 0 300 93
145 10 -118.813799013 249.035162974 0.005 0.307 nan 0.153333333333 0 300 93
146 24 -169.069480924 349.546526798 0.005 0.208 nan 0.24 0 300 93
147 11 -128.414898732 268.237362414 0.055 0.505 0.529411764706 0.194346289753 17 283 93
148 3 -130.055567632 271.518700212 0.05 0.505 0.5 0.18345323741 22 278 93
149 5 -116.053683065 243.51493108 0.03 0.505 0.666666666667 0.178451178451 3 297 93
150 25 -130.040335917 271.488236783 0.01 0.307 nan 0.163333333333 0 300 93
151 21 -142.796221608 297.000008165 0.015 0.307 nan 0.203333333333 0 300 93
152 9 -97.3642570728 206.136079095 0.005 0.406 nan 0.116666666667 0 300 93
153 15 -175.573243838 362.554052626 0.12 0.307 0.638888888889 0.272727272727 36 264 93
154 3 -117.080095904 245.567756757 0.035 0.505 0.4 0.176271186441 5 295 93
155 0 -110.306753841 232.021072632 0.005 0.307 nan 0.136666666667 0 300 93
157 8 -148.74650448 308.90057391 0.005 0.208 nan 0.21 0 300 93
158 9 -70.4591081602 152.32578127 0.01 0.802 1.0 0.0836120401338 1 299 93
159 15 -93.3323864308 198.072337811 0.005 0.406 nan 0.11 0 300 93
160 29 -89.4331528819 190.273870713 0.005 0.406 nan 0.11 0 300 93
161 4 -55.1918744756 121.791313901 0.005 0.703 nan 0.0666666666667 0 300 93
162 19 -178.746930901 368.901426751 0.005 0.109 nan 0.29 0 300 93
163 3 -143.413924863 298.235414675 0.005 0.208 nan 0.193333333333 0 300 93
164 2 -114.802129908 241.011824765 0.03 0.505 nan 0.183333333333 0 300 93
165 12 -143.128927767 297.665420483 0.07 0.505 0.578947368421 0.217081850534 19 281 93
166 1 -100.386991232 212.181547413 0.07 1.0 0.6875 0.134328358209 32 268 93
168 37 -112.596459657 236.600484263 0.01 0.406 nan 0.143333333333 0 300 93
170 12 -147.239453544 305.886472038 0.03 0.307 0.375 0.215753424658 8 292 93
171 5 -116.664309783 244.736184515 0.005 0.307 nan 0.146666666667 0 300 93
172 9 -143.255694025 297.918952998 0.02 0.307 nan 0.216666666667 0 300 93
173 5 -96.8556813545 205.118927658 0.01 0.505 nan 0.12 0 300 93
174 1 -146.88060884 305.16878263 0.02 0.307 0.25 0.212837837838 4 296 93
175 12 -92.8685798181 197.144724586 0.005 0.406 0.2 0.0949152542373 5 295 93
176 21 -128.105214674 267.617994296 0.165 1.0 0.625 0.182203389831 64 236 93
177 40 -207.555163666 426.517892281 0.005 0.01 nan 0.463333333333 0 300 93
178 8 -125.611644565 262.63085408 0.02 0.406 1.0 0.171140939597 2 298 93
179 4 -134.207031807 279.821628563 0.11 0.703 0.571428571429 0.179282868526 49 251 93
180 8 -123.343076682 258.093718314 0.045 0.505 0.666666666667 0.173611111111 12 288 93
181 4 -132.149510269 275.706585488 0.135 0.802 0.545454545455 0.20703125 44 256 93
183 5 -116.211780566 243.831126081 0.005 0.307 nan 0.143333333333 0 300 93
184 3 -145.119837996 301.647240942 0.025 0.307 0.333333333333 0.199312714777 9 291 93
185 7 -83.4044411166 178.216447182 0.005 0.505 nan 0.103333333333 0 300 93
186 11 -84.9046961839 181.216957317 0.005 0.406 nan 0.0966666666667 0 300 93
187 8 -111.776202327 234.959969602 0.01 0.406 nan 0.143333333333 0 300 93
188 20 -153.769165808 318.945896564 0.01 0.208 nan 0.216666666667 0 300 93
189 3 -122.824025912 257.055616774 0.095 0.802 0.666666666667 0.193548387097 21 279 93
190 32 -185.216828852 381.841222653 0.085 0.208 0.45 0.325 20 280 93
192 7 -127.968487246 267.344539442 0.025 0.406 0.285714285714 0.180887372014 7 293 93
193 2 -125.029888886 261.467342721 0.01 0.307 nan 0.17 0 300 93
194 9 -65.9194121941 143.246389338 0.01 0.901 0.285714285714 0.0819112627986 7 293 93
195 9 -147.724095935 306.855756819 0.005 0.208 nan 0.203333333333 0 300 93
196 0 -99.4202136189 210.247992187 0.025 0.604 1.0 0.141891891892 4 296 93
197 23 -197.449208329 406.305981608 0.03 0.109 0.25 0.368243243243 4 296 93
198 8 -55.62949459 122.666554129 0.005 0.802 nan 0.0633333333333 0 300 93
199 11 -101.360906648 214.129378245 0.055 1.0 0.571428571429 0.125 28 272 93
200 22 -116.063614931 243.53479481 0.005 0.307 nan 0.146666666667 0 300 93
202 17 -156.234935753 323.877436456 0.095 0.406 0.75 0.242857142857 20 280 93
203 7 -108.833607353 229.074779655 0.005 0.307 nan 0.126666666667 0 300 93
204 22 -115.901445391 243.210455731 0.005 0.307 nan 0.14 0 300 93
206 32 -119.410936606 250.229438162 0.005 0.307 nan 0.153333333333 0 300 93
207 6 -82.2095880675 175.826741084 0.005 0.505 nan 0.0933333333333 0 300 93
208 34 -156.529964005 324.467492959 0.01 0.208 1.0 0.227424749164 1 299 93
212 1 -113.050514125 237.508593198 0.02 0.505 0.25 0.155405405405 4 296 93
213 18 -207.79999545 427.00755585 0.045 0.01 nan 0.49 0 300 93
215 8 -106.75634964 224.92026423 0.005 0.406 nan 0.126666666667 0 300 93
216 1 -93.4574067127 198.322378375 0.005 0.406 nan 0.113333333333 0 300 93
217 16 -137.114766014 285.637096977 0.005 0.208 nan 0.18 0 300 93
218 3 -114.289590434 239.986745816 0.015 0.406 nan 0.163333333333 0 300 93
220 26 -82.4763517085 176.360268366 0.01 0.703 0.25 0.10472972973 4 296 93
221 3 -101.654975486 214.71751592 0.07 1.0 0.571428571429 0.139622641509 35 265 93
223 15 -90.7365076515 192.880580252 0.005 0.406 nan 0.113333333333 0 300 93
225 4 -124.079031662 259.565628274 0.025 0.406 0.666666666667 0.175084175084 3 297 93
226 22 -135.405898671 282.21936229 0.015 0.307 nan 0.186666666667 0 300 93
227 39 -146.417777034 304.243119017 0.005 0.208 nan 0.2 0 300 93
228 12 -108.682865057 228.773295063 0.005 0.307 nan 0.133333333333 0 300 93
229 16 -107.472580733 226.352726416 0.02 0.505 nan 0.156666666667 0 300 93
230 8 -51.970042192 115.347649333 0.005 0.802 nan 0.0733333333333 0 300 93
231 40 -153.892680012 319.192924973 0.01 0.208 nan 0.216666666667 0 300 93
232 7 -123.007078356 257.421721661 0.005 0.307 nan 0.16 0 300 93
234 8 -90.8525806604 193.11272627 0.005 0.406 nan 0.106666666667 0 300 93
235 11 -142.524357404 296.456279757 0.015 0.307 0.5 0.191275167785 2 298 93
236 12 -184.146521099 379.700607147 0.01 0.109 nan 0.313333333333 0 300 93
237 3 -151.321632688 314.050830326 0.01 0.208 nan 0.22 0 300 93
238 25 -155.151447159 321.710459267 0.005 0.208 nan 0.216666666667 0 300 93
240 3 -95.6147197815 202.637004512 0.005 0.406 nan 0.11 0 300 93
241 4 -141.069021367 293.545607683 0.005 0.208 nan 0.186666666667 0 300 93
242 7 -77.6902131988 166.787991347 0.005 0.604 0.5 0.0771812080537 2 298 93
243 13 -118.866091932 249.139748813 0.1 0.901 0.577777777778 0.160784313725 45 255 93
244 28 -157.096329264 325.600223476 0.035 0.307 0.666666666667 0.238095238095 6 294 93
245 9 -120.344300938 252.096166826 0.055 0.604 0.52380952381 0.175627240143 21 279 93
247 15 -100.466780892 212.341126734 0.05 0.901 0.588235294118 0.155477031802 17 283 93
248 35 -180.882742217 373.173049383 0.005 0.109 nan 0.296666666667 0 300 93
253 4 -105.576646046 222.560857041 0.005 0.406 nan 0.126666666667 0 300 93
256 10 -121.931808496 255.271181941 0.005 0.307 nan 0.153333333333 0 300 93
257 24 -106.039293368 223.486151686 0.015 0.505 nan 0.15 0 300 93
258 8 -117.231992659 245.871550267 0.075 0.802 0.527777777778 0.159090909091 36 264 93
259 14 -47.2413272321 105.890219414 0.005 0.901 nan 0.0666666666667 0 300 93
260 13 -124.456309559 260.320184067 0.045 0.505 0.555555555556 0.19587628866 9 291 93
261 7 -177.563317277 366.534199502 0.005 0.109 nan 0.286666666667 0 300 93
262 11 -127.266025377 265.939615703 0.01 0.307 nan 0.17 0 300 93
263 8 -91.2137514168 193.835067783 0.005 0.406 nan 0.103333333333 0 300 93
264 3 -94.7372739852 200.88211292 0.005 0.406 nan 0.11 0 300 93
1519 17 -122.199918356 255.807401661 0.09 0.802 0.703703703704 0.179487179487 27 273 93
1520 4 -109.897714364 231.202993676 0.02 0.505 0.5 0.142857142857 6 294 93
1521 17 -133.088806577 277.585178103 0.025 0.406 0.333333333333 0.20202020202 3 297 93
1523 14 -124.814692139 261.036949227 0.04 0.505 0.8 0.196610169492 5 295 93
1524 11 -143.915007072 299.237579093 0.015 0.307 nan 0.206666666667 0 300 93
1525 12 -148.291755276 307.991075501 0.01 0.208 nan 0.213333333333 0 300 93
1526 11 -130.462390927 272.332346804 0.005 0.307 nan 0.156666666667 0 300 93
1527 15 -142.953602023 297.314768995 0.02 0.307 nan 0.21 0 300 93
1528 2 -116.135654719 243.678874388 0.005 0.307 nan 0.14 0 300 93
1529 2 -77.2883488007 165.984262551 0.005 0.505 nan 0.0966666666667 0 300 93
1530 15 -110.608072808 232.623710566 0.01 0.406 0.666666666667 0.13468013468 3 297 93
1531 10 -115.040000022 241.487564992 0.01 0.406 nan 0.15 0 300 93
1532 15 -76.7093310562 164.826227062 0.005 0.604 nan 0.0866666666667 0 300 93
1533 22 -91.1900694965 193.787703942 0.015 0.703 0.333333333333 0.115646258503 6 294 93
1534 19 -132.837095944 277.081756836 0.13 0.802 0.622222222222 0.192156862745 45 255 93
1535 15 -128.063738537 267.535042023 0.075 0.604 0.652173913043 0.194945848375 23 277 93
1536 5 -98.1018716309 207.611308211 0.06 1.0 0.705882352941 0.155477031802 17 283 94
1537 12 -137.932033825 287.2716326 0.01 0.307 nan 0.19 0 300 94
1538 32 -159.441431334 330.290427616 0.05 0.307 0.666666666667 0.255102040816 6 294 94
1539 24 -116.821324376 245.050213702 0.005 0.307 nan 0.14 0 300 94
1540 8 -152.782270717 316.972106384 0.005 0.208 nan 0.21 0 300 94
1541 11 -141.927631059 295.262827067 0.105 0.604 0.619047619048 0.18992248062 42 258 94
1542 7 -128.546074204 268.499713358 0.03 0.406 0.666666666667 0.187074829932 6 294 94
1543 7 -110.807075188 233.021715324 0.02 0.505 0.333333333333 0.151515151515 3 297 94
1544 13 -102.697061727 216.801688402 0.01 0.406 nan 0.13 0 300 94
1545 25 -146.839198382 305.085961714 0.005 0.208 nan 0.196666666667 0 300 94
1546 12 -108.893442342 229.194449633 0.01 0.406 nan 0.133333333333 0 300 94
1547 23 -206.229874387 423.867313724 0.205 0.109 0.530612244898 0.434262948207 49 251 94
1549 27 -144.875647131 301.158859211 0.005 0.208 nan 0.196666666667 0 300 94
1550 4 -133.507760432 278.423085814 0.025 0.406 0.5 0.197986577181 2 298 94
1553 11 -135.079944855 281.567454659 0.055 0.505 0.521739130435 0.198555956679 23 277 94
140 11 -81.5185069322 174.444578814 0.005 0.505 nan 0.1 0 300 94
141 4 -117.867914864 247.143394676 0.015 0.406 nan 0.16 0 300 94
142 10 -103.350441835 218.10844862 0.005 0.406 nan 0.126666666667 0 300 94
143 21 -165.046343232 341.500251413 0.2 0.505 0.590163934426 0.259414225941 61 239 94
144 16 -80.9763358204 173.36023659 0.01 0.604 nan 0.103333333333 0 300 94
145 10 -116.416491996 244.240548941 0.005 0.307 nan 0.146666666667 0 300 94
146 24 -141.121839272 293.651243494 0.015 0.307 nan 0.203333333333 0 300 94
147 11 -121.3197993 254.04716355 0.075 0.703 0.567567567568 0.155893536122 37 263 94
148 3 -133.121756592 277.651078133 0.06 0.505 0.7 0.2 10 290 94
149 5 -100.444292883 212.296150715 0.055 0.901 0.5 0.141304347826 24 276 94
150 25 -144.255446528 299.918458005 0.005 0.208 nan 0.2 0 300 94
151 21 -150.77703266 312.961630269 0.005 0.208 nan 0.206666666667 0 300 94
152 9 -95.1853225536 201.778210056 0.01 0.505 0.5 0.11744966443 2 298 94
153 15 -169.091361597 349.590288143 0.035 0.208 0.4 0.281355932203 5 295 94
154 3 -122.998244132 257.404053214 0.03 0.505 0.4 0.164912280702 15 285 94
155 0 -122.832146266 257.071857481 0.005 0.307 nan 0.146666666667 0 300 94
157 8 -143.881557341 299.170679632 0.005 0.208 nan 0.183333333333 0 300 94
158 9 -67.9515542128 147.310673375 0.005 0.604 nan 0.0866666666667 0 300 94
159 15 -83.3116659324 178.030896814 0.005 0.505 nan 0.0933333333333 0 300 94
160 29 -76.4098756948 164.227316339 0.005 0.505 nan 0.0933333333333 0 300 94
161 4 -71.7064908608 154.820546671 0.005 0.604 nan 0.09 0 300 94
162 19 -181.165907644 373.739380237 0.005 0.109 nan 0.293333333333 0 300 94
163 3 -149.269281272 309.946127494 0.025 0.307 1.0 0.214765100671 2 298 94
164 2 -126.685618305 264.778801558 0.02 0.406 1.0 0.180602006689 1 299 94
165 12 -146.610327793 304.628220536 0.035 0.307 0.666666666667 0.228956228956 3 297 94
166 1 -96.0554682363 203.518501422 0.065 1.0 0.384615384615 0.156794425087 13 287 94
168 37 -112.981549147 237.370663243 0.01 0.406 nan 0.143333333333 0 300 94
170 12 -132.517297046 276.44215904 0.05 0.505 0.545454545455 0.19723183391 11 289 94
171 5 -99.776349266 210.960263481 0.01 0.505 1.0 0.127090301003 1 299 94
172 9 -134.224676687 279.856918324 0.02 0.307 0.2 0.183050847458 5 295 94
173 5 -95.9382764148 203.284117779 0.02 0.703 0.2 0.128813559322 5 295 94
174 1 -137.133847672 285.675260293 0.005 0.208 nan 0.18 0 300 94
175 12 -95.0940707189 201.595706387 0.005 0.406 nan 0.113333333333 0 300 94
176 21 -125.207772049 261.823109048 0.13 0.901 0.682926829268 0.181467181467 41 259 94
177 40 -205.073976684 421.555518317 0.205 0.109 0.560975609756 0.440154440154 41 259 94
178 8 -121.77995289 254.96747073 0.02 0.406 0.5 0.175675675676 4 296 94
179 4 -143.345801825 298.0991686 0.05 0.406 0.555555555556 0.223367697595 9 291 94
180 8 -121.411291934 254.230148818 0.065 0.703 0.619047619048 0.175627240143 21 279 94
181 4 -124.883626565 261.174818079 0.125 0.901 0.590909090909 0.18359375 44 256 94
183 5 -117.534268023 246.476100996 0.005 0.307 0.5 0.134228187919 2 298 94
184 3 -157.552656948 326.512878846 0.01 0.208 nan 0.23 0 300 94
185 7 -95.2283825067 201.864329963 0.005 0.406 nan 0.113333333333 0 300 94
186 11 -90.1994953438 191.806555637 0.005 0.406 nan 0.11 0 300 94
187 8 -106.037001399 223.481567748 0.015 0.505 nan 0.146666666667 0 300 94
188 20 -148.411572179 308.230709308 0.005 0.208 nan 0.203333333333 0 300 94
189 3 -121.984318866 255.376202681 0.085 0.802 0.620689655172 0.177121771218 29 271 94
190 32 -189.534239952 390.476044854 0.02 0.109 nan 0.34 0 300 94
192 7 -132.105347177 275.618259304 0.025 0.406 0.555555555556 0.178694158076 9 291 94
193 2 -130.315225082 272.038015113 0.015 0.307 1.0 0.180602006689 1 299 94
194 9 -59.2696038955 129.94677274 0.005 0.703 nan 0.0766666666667 0 300 94
195 9 -153.135372643 317.678310236 0.015 0.208 nan 0.226666666667 0 300 94
196 0 -117.404217606 246.216000162 0.035 0.604 0.5 0.175675675676 4 296 94
197 23 -178.446285391 368.300135731 0.005 0.109 nan 0.286666666667 0 300 94
198 8 -79.8439734099 171.095511769 0.005 0.505 0.5 0.0906040268456 2 298 94
199 11 -112.257317278 235.922199506 0.015 0.406 nan 0.143333333333 0 300 94
200 22 -108.328458458 228.064481865 0.005 0.307 nan 0.13 0 300 94
202 17 -149.388107264 310.183779478 0.11 0.505 0.611111111111 0.223484848485 36 264 94
203 7 -120.692986588 252.793538126 0.005 0.307 0.333333333333 0.13468013468 3 297 94
204 22 -101.888500866 215.184566682 0.01 0.505 0.666666666667 0.124579124579 3 297 94
206 32 -110.03406698 231.47569891 0.005 0.307 nan 0.136666666667 0 300 94
207 6 -82.6716116102 176.75078817 0.005 0.505 nan 0.103333333333 0 300 94
208 34 -167.577433963 346.562432875 0.01 0.208 nan 0.243333333333 0 300 94
212 1 -98.322796542 208.053158033 0.03 0.703 0.461538461538 0.132404181185 13 287 94
213 18 -207.733072868 426.873710684 0.105 0.01 0.454545454545 0.498269896194 11 289 94
215 8 -108.086961972 227.581488893 0.005 0.307 nan 0.13 0 300 94
216 1 -84.4618389114 180.331242772 0.005 0.505 nan 0.1 0 300 94
217 16 -143.359977664 298.127520277 0.005 0.208 nan 0.19 0 300 94
218 3 -126.64918122 264.705927388 0.01 0.307 nan 0.176666666667 0 300 94
220 26 -79.0077050183 169.422974986 0.005 0.505 nan 0.09 0 300 94
221 3 -108.432006246 228.271577441 0.07 0.802 0.565217391304 0.173285198556 23 277 94
223 15 -95.9969164658 203.401397881 0.005 0.406 nan 0.113333333333 0 300 94
225 4 -136.178081509 283.763727966 0.02 0.307 1.0 0.200668896321 1 299 94
226 22 -132.438226146 276.284017241 0.01 0.307 1.0 0.167224080268 1 299 94
227 39 -145.085054551 301.577674051 0.005 0.208 nan 0.203333333333 0 300 94
228 12 -105.928363796 223.264292541 0.005 0.307 nan 0.133333333333 0 300 94
229 16 -130.948137468 273.303839886 0.01 0.307 nan 0.176666666667 0 300 94
230 8 -60.4318649271 132.271294804 0.005 0.802 1.0 0.0604026845638 2 298 94
231 40 -149.274480933 309.956526816 0.005 0.208 nan 0.203333333333 0 300 94
232 7 -127.857497538 267.122560025 0.02 0.406 0.333333333333 0.178451178451 3 297 94
234 8 -91.9787474182 195.365059786 0.005 0.406 nan 0.113333333333 0 300 94
235 11 -140.439397271 292.286359491 0.005 0.208 nan 0.19 0 300 94
236 12 -172.225156914 355.857878777 0.005 0.109 nan 0.253333333333 0 300 94
237 3 -162.027984188 335.463533326 0.005 0.208 nan 0.23 0 300 94
238 25 -152.066576336 315.54071762 0.01 0.208 nan 0.22 0 300 94
240 3 -91.5038471579 194.415259265 0.005 0.505 nan 0.106666666667 0 300 94
241 4 -146.119695099 303.646955147 0.005 0.208 nan 0.196666666667 0 300 94
242 7 -75.2186914469 161.844947843 0.005 0.505 nan 0.08 0 300 94
243 13 -115.627853817 242.663272584 0.095 1.0 0.571428571429 0.162264150943 35 265 94
244 28 -150.111708438 311.630981825 0.01 0.208 nan 0.216666666667 0 300 94
245 9 -112.094033785 235.595632519 0.075 0.802 0.545454545455 0.157303370787 33 267 94
247 15 -121.235164989 253.877894928 0.07 0.703 0.444444444444 0.18315018315 27 273 94
248 35 -183.140558382 377.688681713 0.005 0.109 nan 0.31 0 300 94
253 4 -88.8607701172 189.129105184 0.005 0.505 nan 0.106666666667 0 300 94
256 10 -116.056544493 243.520653934 0.005 0.307 nan 0.146666666667 0 300 94
257 24 -122.813032886 257.033630722 0.015 0.406 1.0 0.163879598662 1 299 94
258 8 -120.590534587 252.588634124 0.085 0.802 0.619047619048 0.197132616487 21 279 94
259 14 -59.2575525013 129.922669952 0.005 0.703 nan 0.0666666666667 0 300 94
260 13 -139.16797831 289.74352157 0.025 0.307 0.5 0.202702702703 4 296 94
261 7 -188.336605321 388.08077559 0.005 0.109 nan 0.32 0 300 94
262 11 -127.022394876 265.452354701 0.01 0.307 nan 0.17 0 300 94
263 8 -105.687598966 222.782762882 0.01 0.406 nan 0.133333333333 0 300 94
264 3 -84.9489573001 181.305479549 0.005 0.505 nan 0.106666666667 0 300 94
1519 17 -118.737353444 248.882271838 0.075 0.703 0.521739130435 0.191335740072 23 277 94
1520 4 -115.643415072 242.694395094 0.005 0.307 nan 0.143333333333 0 300 94
1521 17 -140.545845973 292.499256896 0.015 0.307 0.5 0.194630872483 2 298 94
1523 14 -130.353566333 272.114697616 0.035 0.406 0.5 0.195205479452 8 292 94
1524 11 -134.691665604 280.790896157 0.03 0.406 0.666666666667 0.185567010309 9 291 94
1525 12 -145.117803182 301.643171313 0.025 0.307 1.0 0.220735785953 1 299 94
1526 11 -113.472695506 238.352955961 0.005 0.307 nan 0.133333333333 0 300 94
1527 15 -144.885458079 301.178481107 0.015 0.307 nan 0.21 0 300 94
1528 2 -116.343566813 244.094698576 0.01 0.307 nan 0.156666666667 0 300 94
1529 2 -93.8139370924 199.035439134 0.005 0.406 nan 0.113333333333 0 300 94
1530 15 -93.5573586876 198.522282325 0.005 0.406 nan 0.113333333333 0 300 94
1531 10 -113.450096282 238.307757512 0.01 0.406 nan 0.146666666667 0 300 94
1532 15 -82.0361131211 175.479791192 0.005 0.505 nan 0.09 0 300 94
1533 22 -94.9498109233 201.307186796 0.005 0.406 nan 0.106666666667 0 300 94
1534 19 -146.741253719 304.890072388 0.09 0.505 0.565217391304 0.223826714801 23 277 94
1535 15 -128.551645498 268.510855945 0.05 0.505 0.636363636364 0.19723183391 11 289 94
1536 5 -117.497414943 246.402394836 0.045 0.604 0.583333333333 0.166666666667 12 288 95
1537 12 -154.205205688 319.817976325 0.01 0.208 nan 0.223333333333 0 300 95
1538 32 -158.206059978 327.819684905 0.04 0.307 0.545454545455 0.235294117647 11 289 95
1539 24 -120.38924572 252.18605639 0.005 0.307 nan 0.153333333333 0 300 95
1540 8 -157.741644622 326.890854194 0.01 0.208 0.333333333333 0.225589225589 3 297 95
1541 11 -133.609815115 278.627195179 0.13 0.802 0.604166666667 0.18253968254 48 252 95
1542 7 -133.734436729 278.876438408 0.01 0.307 0.5 0.181208053691 2 298 95
1543 7 -104.368919307 220.145403563 0.025 0.604 0.363636363636 0.138408304498 11 289 95
1544 13 -116.221011152 243.849587253 0.005 0.307 nan 0.136666666667 0 300 95
1545 25 -139.571322547 290.550210043 0.015 0.307 1.0 0.19397993311 1 299 95
1546 12 -110.644114 232.695792949 0.005 0.307 nan 0.13 0 300 95
1547 23 -206.007298904 423.422162757 0.205 0.109 0.461538461538 0.435483870968 52 248 95
1549 27 -146.0370855 303.481735949 0.005 0.208 nan 0.183333333333 0 300 95
1550 4 -136.483111801 284.373788551 0.015 0.307 1.0 0.190635451505 1 299 95
1553 11 -126.870358183 265.148281315 0.05 0.505 0.615384615385 0.191637630662 13 287 95
140 11 -77.3292895065 166.066143962 0.005 0.505 nan 0.0933333333333 0 300 95
141 4 -120.757207392 252.921979733 0.015 0.406 0.25 0.154109589041 8 292 95
142 10 -93.7519341356 198.911433221 0.005 0.406 nan 0.106666666667 0 300 95
143 21 -174.406156264 360.219877478 0.11 0.307 0.545454545455 0.292134831461 33 267 95
144 16 -76.7615169939 164.930598937 0.005 0.505 nan 0.0966666666667 0 300 95
145 10 -126.789167467 264.985899884 0.005 0.307 nan 0.156666666667 0 300 95
146 24 -147.538255573 306.484076095 0.005 0.208 nan 0.206666666667 0 300 95
147 11 -132.54982543 276.507215809 0.06 0.505 0.368421052632 0.213523131673 19 281 95
148 3 -127.605487743 266.618540435 0.06 0.505 0.5 0.212328767123 8 292 95
149 5 -130.17104294 271.74965083 0.025 0.406 0.5 0.194630872483 2 298 95
150 25 -150.060884969 311.529334887 0.005 0.208 nan 0.21 0 300 95
151 21 -142.582159055 296.571883059 0.005 0.208 nan 0.196666666667 0 300 95
152 9 -91.3367959319 194.081156813 0.005 0.406 nan 0.113333333333 0 300 95
153 15 -175.071526776 361.550618501 0.105 0.307 0.5 0.294776119403 32 268 95
154 3 -127.310442441 266.028449831 0.045 0.505 0.75 0.191780821918 8 292 95
155 0 -97.0109567112 205.429478372 0.015 0.505 0.333333333333 0.124579124579 3 297 95
157 8 -169.276641039 349.960847028 0.01 0.208 nan 0.253333333333 0 300 95
158 9 -88.9936752871 189.394915523 0.005 0.406 nan 0.11 0 300 95
159 15 -83.5035573981 178.414679746 0.005 0.505 0.5 0.0939597315436 2 298 95
160 29 -74.1288206227 159.665206195 0.01 0.703 1.0 0.0903010033445 1 299 95
161 4 -69.0336953375 149.474955624 0.01 0.901 nan 0.0866666666667 0 300 95
162 19 -178.885183283 369.177931516 0.04 0.208 0.2 0.3 10 290 95
163 3 -155.2672171 321.94199915 0.005 0.208 nan 0.216666666667 0 300 95
164 2 -117.637401857 246.682368663 0.02 0.406 1.0 0.170568561873 1 299 95
165 12 -131.012669161 273.432903272 0.105 0.703 0.583333333333 0.166666666667 48 252 95
166 1 -105.395952146 222.199469241 0.05 0.802 0.647058823529 0.148409893993 17 283 95
168 37 -118.093222152 247.594009252 0.005 0.307 nan 0.143333333333 0 300 95
170 12 -133.355164362 278.117893673 0.035 0.406 0.545454545455 0.193771626298 11 289 95
171 5 -113.176500264 237.760565477 0.005 0.307 nan 0.14 0 300 95
172 9 -163.973450258 339.354465465 0.015 0.208 0.333333333333 0.239057239057 3 297 95
173 5 -102.285873003 215.979310956 0.01 0.505 nan 0.133333333333 0 300 95
174 1 -156.947183667 325.301932284 0.005 0.208 nan 0.223333333333 0 300 95
175 12 -101.864887525 215.137339999 0.005 0.406 nan 0.113333333333 0 300 95
176 21 -132.80590908 277.01938311 0.14 0.802 0.636363636364 0.220973782772 33 267 95
177 40 -207.779260528 426.966086005 0.01 0.01 nan 0.483333333333 0 300 95
178 8 -119.143114105 249.693793159 0.025 0.505 0.6 0.169491525424 5 295 95
179 4 -140.284370252 291.976305454 0.1 0.604 0.605263157895 0.202290076336 38 262 95
180 8 -121.14793425 253.703433449 0.08 0.802 0.540540540541 0.163498098859 37 263 95
181 4 -126.928375812 265.264316574 0.135 1.0 0.68085106383 0.173913043478 47 253 95
183 5 -129.608462623 270.624490195 0.005 0.307 nan 0.16 0 300 95
184 3 -156.652408897 324.712382744 0.01 0.208 nan 0.233333333333 0 300 95
185 7 -85.8036246034 183.014814156 0.005 0.505 nan 0.103333333333 0 300 95
186 11 -98.8693857663 209.146336482 0.005 0.406 nan 0.123333333333 0 300 95
187 8 -102.379264826 216.166094601 0.01 0.406 nan 0.133333333333 0 300 95
188 20 -160.726525534 332.860616018 0.015 0.208 nan 0.243333333333 0 300 95
189 3 -130.31121151 272.029987969 0.08 0.604 0.461538461538 0.204379562044 26 274 95
190 32 -187.321895547 386.051356044 0.01 0.109 nan 0.323333333333 0 300 95
192 7 -138.48731566 288.382196269 0.015 0.307 0.25 0.195945945946 4 296 95
193 2 -123.821296726 259.0501584 0.025 0.406 1.0 0.174496644295 2 298 95
194 9 -58.4672518696 128.342068689 0.005 0.703 nan 0.0733333333333 0 300 95
195 9 -169.11735116 349.64226727 0.01 0.208 nan 0.256666666667 0 300 95
196 0 -119.759651134 250.926867218 0.025 0.505 0.8 0.159322033898 5 295 95
197 23 -189.18992842 389.787421789 0.005 0.109 nan 0.326666666667 0 300 95
198 8 -74.5367582629 160.481081475 0.005 0.604 nan 0.0866666666667 0 300 95
199 11 -112.319853915 236.047272779 0.02 0.505 0.6 0.149152542373 5 295 95
200 22 -129.169153778 269.745872506 0.01 0.307 0.333333333333 0.16835016835 3 297 95
202 17 -144.005350283 299.418265515 0.115 0.604 0.531914893617 0.209486166008 47 253 95
203 7 -95.7594989523 202.926562854 0.005 0.406 nan 0.116666666667 0 300 95
204 22 -123.720674289 258.848913527 0.005 0.307 nan 0.156666666667 0 300 95
206 32 -112.260138585 235.92784212 0.005 0.307 nan 0.136666666667 0 300 95
207 6 -72.834610718 157.076786385 0.005 0.604 nan 0.0866666666667 0 300 95
208 34 -147.117874331 305.643313611 0.005 0.208 nan 0.2 0 300 95
212 1 -117.929415305 247.266395559 0.04 0.604 0.428571428571 0.171328671329 14 286 95
213 18 -207.920126385 427.247817719 0.205 0.01 0.512195121951 0.494208494208 41 259 95
215 8 -90.8104392386 193.028443426 0.01 0.505 nan 0.113333333333 0 300 95
216 1 -86.5110624523 184.429689854 0.01 0.505 nan 0.103333333333 0 300 95
217 16 -158.796681101 329.000927151 0.01 0.208 nan 0.236666666667 0 300 95
218 3 -139.74531809 290.898201129 0.015 0.307 0.5 0.191275167785 2 298 95
220 26 -80.5224860191 172.452536988 0.005 0.505 nan 0.1 0 300 95
221 3 -108.449091098 228.305747146 0.075 1.0 0.585365853659 0.135135135135 41 259 95
223 15 -82.2075523187 175.822669587 0.015 0.703 0.5 0.10472972973 4 296 95
225 4 -125.112519035 261.632603019 0.025 0.406 0.5 0.181208053691 2 298 95
226 22 -139.179092357 289.765749663 0.02 0.307 1.0 0.200668896321 1 299 95
227 39 -147.184894674 305.777354297 0.005 0.208 nan 0.2 0 300 95
228 12 -121.110588463 253.628741875 0.005 0.307 nan 0.153333333333 0 300 95
229 16 -115.714095639 242.835756227 0.005 0.307 nan 0.136666666667 0 300 95
230 8 -48.1120291747 107.631623299 0.005 0.901 nan 0.06 0 300 95
231 40 -141.618794214 294.645153377 0.005 0.208 nan 0.183333333333 0 300 95
232 7 -137.324460361 286.056485672 0.01 0.307 nan 0.183333333333 0 300 95
234 8 -85.1174148134 181.642394576 0.005 0.505 nan 0.103333333333 0 300 95
235 11 -135.307495356 282.022555661 0.01 0.307 nan 0.186666666667 0 300 95
236 12 -184.903678805 381.21492256 0.005 0.109 nan 0.31 0 300 95
237 3 -169.34485576 350.097276468 0.01 0.208 nan 0.246666666667 0 300 95
238 25 -155.030030376 321.467625701 0.005 0.208 nan 0.216666666667 0 300 95
240 3 -86.3209396728 184.049444295 0.005 0.505 nan 0.103333333333 0 300 95
241 4 -130.513104688 272.433774324 0.01 0.307 nan 0.166666666667 0 300 95
242 7 -67.3982681583 146.204101266 0.01 0.802 0.25 0.0878378378378 4 296 95
243 13 -106.081530533 223.570626015 0.085 1.0 0.59375 0.152985074627 32 268 95
244 28 -164.565924147 340.539413244 0.015 0.208 nan 0.25 0 300 95
245 9 -117.358172884 246.123910718 0.085 0.802 0.444444444444 0.186813186813 27 273 95
247 15 -120.804044025 253.015653 0.05 0.604 0.55 0.171428571429 20 280 95
248 35 -187.644733428 386.697031805 0.005 0.109 nan 0.316666666667 0 300 95
253 4 -94.8392676247 201.086100199 0.01 0.505 1.0 0.117056856187 1 299 95
256 10 -127.010345854 265.428256658 0.005 0.307 nan 0.163333333333 0 300 95
257 24 -126.077635392 263.562835734 0.025 0.406 1.0 0.181208053691 2 298 95
258 8 -110.186609425 231.780783799 0.09 1.0 0.62962962963 0.168498168498 27 273 95
259 14 -57.9397526919 127.287070333 0.005 0.703 nan 0.07 0 300 95
260 13 -137.231649673 285.870864295 0.04 0.406 0.545454545455 0.200692041522 11 289 95
261 7 -188.331546539 388.070658028 0.005 0.109 nan 0.32 0 300 95
262 11 -128.210869567 267.829304083 0.025 0.406 0.333333333333 0.178694158076 9 291 95
263 8 -105.806798746 223.021162441 0.005 0.307 nan 0.133333333333 0 300 95
264 3 -92.2970814934 196.001727936 0.005 0.406 nan 0.1 0 300 95
1519 17 -115.439851866 242.287268682 0.08 0.802 0.64 0.170909090909 25 275 95
1520 4 -124.201594378 259.810753705 0.005 0.307 nan 0.153333333333 0 300 95
1521 17 -135.847187163 283.101939276 0.015 0.307 nan 0.193333333333 0 300 95
1523 14 -128.292337919 267.992240787 0.07 0.604 0.636363636364 0.179856115108 22 278 95
1524 11 -129.517232764 270.442030477 0.035 0.406 0.5 0.174657534247 8 292 95
1525 12 -140.31482867 292.037222289 0.04 0.406 0.714285714286 0.211604095563 7 293 95
1526 11 -111.840876511 235.08931797 0.005 0.307 nan 0.133333333333 0 300 95
1527 15 -142.653136694 296.713838337 0.015 0.307 1.0 0.204013377926 1 299 95
1528 2 -116.290560574 243.988686097 0.005 0.307 nan 0.136666666667 0 300 95
1529 2 -82.1829929071 175.773550764 0.005 0.505 nan 0.1 0 300 95
1530 15 -105.690971036 222.789507022 0.005 0.406 nan 0.126666666667 0 300 95
1531 10 -114.439064776 240.285694501 0.01 0.406 nan 0.15 0 300 95
1532 15 -93.853535753 199.114636455 0.005 0.406 nan 0.11 0 300 95
1533 22 -104.156797442 219.721159833 0.01 0.505 nan 0.126666666667 0 300 95
1534 19 -140.469981569 292.347528087 0.075 0.505 0.5 0.216911764706 28 272 95
1535 15 -124.411294974 260.230154896 0.06 0.604 0.666666666667 0.168458781362 21 279 95
