1536 5 -112.535676337 236.478917624 0.055 0.703 0.6 0.152727272727 25 275 41
1537 12 -152.236392644 315.880350238 0.005 0.208 nan 0.21 0 300 41
1538 32 -144.570338115 300.548241179 0.055 0.406 0.785714285714 0.20979020979 14 286 41
1539 24 -120.491347345 252.390259639 0.005 0.307 nan 0.153333333333 0 300 41
1540 8 -160.831248092 333.070061134 0.005 0.208 nan 0.226666666667 0 300 41
1541 11 -126.448769467 264.305103884 0.115 0.901 0.584905660377 0.17004048583 53 247 41
1542 7 -143.037243791 297.482052531 0.025 0.307 0.166666666667 0.214285714286 6 294 41
1543 7 -101.351623015 214.11081098 0.02 0.604 nan 0.153333333333 0 300 41
1544 13 -124.466445271 260.340455492 0.005 0.307 nan 0.153333333333 0 300 41
1545 25 -163.984238916 339.376042781 0.01 0.208 nan 0.236666666667 0 300 41
1546 12 -121.402395253 254.212355456 0.005 0.307 nan 0.153333333333 0 300 41
1547 23 -202.379954249 416.167473447 0.205 0.109 0.58064516129 0.442379182156 31 269 41
1549 27 -157.029845163 325.467255275 0.015 0.208 1.0 0.230769230769 1 299 41
1550 4 -142.125345863 295.658256676 0.005 0.208 nan 0.19 0 300 41
1553 11 -126.283599745 263.97476444 0.085 0.703 0.548387096774 0.185873605948 31 269 41
140 11 -76.3153739346 164.038312818 0.005 0.505 nan 0.0933333333333 0 300 41
141 4 -111.827474907 235.062514763 0.015 0.406 nan 0.153333333333 0 300 41
142 10 -99.6639882796 210.735541508 0.005 0.406 nan 0.113333333333 0 300 41
143 21 -167.580569645 346.568704239 0.185 0.505 0.571428571429 0.253164556962 63 237 41
144 16 -85.3527039482 182.112972846 0.005 0.406 nan 0.106666666667 0 300 41
145 10 -110.416475471 232.240515891 0.005 0.307 nan 0.133333333333 0 300 41
146 24 -155.808613906 323.024792761 0.01 0.208 nan 0.223333333333 0 300 41
147 11 -112.809520849 237.026606647 0.05 0.703 0.533333333333 0.175438596491 15 285 41
148 3 -136.482072772 284.371710492 0.045 0.406 0.533333333333 0.19649122807 15 285 41
149 5 -125.372478984 262.152522918 0.03 0.406 0.333333333333 0.183673469388 6 294 41
150 25 -152.344353543 316.096272036 0.01 0.208 nan 0.216666666667 0 300 41
151 21 -142.957527441 297.322619832 0.005 0.208 nan 0.196666666667 0 300 41
152 9 -82.5600737341 176.527712417 0.005 0.505 nan 0.0933333333333 0 300 41
153 15 -170.883072881 353.173710711 0.19 0.505 0.539682539683 0.274261603376 63 237 41
154 3 -121.210950514 253.829465977 0.025 0.406 0.5 0.170068027211 6 294 41
155 0 -117.457252329 246.322069607 0.01 0.406 nan 0.15 0 300 41
157 8 -151.474272124 314.356109197 0.01 0.208 nan 0.216666666667 0 300 41
158 9 -78.1157917335 167.639148416 0.005 0.505 nan 0.09 0 300 41
159 15 -95.9538276359 203.315220221 0.005 0.406 nan 0.113333333333 0 300 41
160 29 -83.2274275281 177.862420006 0.005 0.505 nan 0.0966666666667 0 300 41
161 4 -81.3747936986 174.157152347 0.005 0.505 nan 0.0966666666667 0 300 41
162 19 -180.729586538 372.866738025 0.035 0.208 0.5 0.297297297297 4 296 41
163 3 -142.624314338 296.656193624 0.005 0.208 nan 0.193333333333 0 300 41
164 2 -114.743707318 240.894979585 0.025 0.505 0.444444444444 0.151202749141 9 291 41
165 12 -143.432283696 298.272132342 0.055 0.406 0.5625 0.214788732394 16 284 41
166 1 -111.761081129 234.929727208 0.065 0.802 0.5 0.149635036496 26 274 41
168 37 -117.070015814 245.547596577 0.005 0.307 nan 0.153333333333 0 300 41
170 12 -137.94108645 287.28973785 0.045 0.406 0.666666666667 0.215488215488 3 297 41
171 5 -110.579031331 232.565627612 0.005 0.307 nan 0.14 0 300 41
172 9 -134.074371999 279.556308947 0.015 0.307 nan 0.19 0 300 41
173 5 -108.731124529 228.869814007 0.01 0.406 nan 0.143333333333 0 300 41
174 1 -137.983391106 287.374347161 0.005 0.208 nan 0.176666666667 0 300 41
175 12 -92.2931946439 195.993954237 0.005 0.406 nan 0.11 0 300 41
176 21 -140.99212055 293.391806049 0.165 0.802 0.55223880597 0.201716738197 67 233 41
177 40 -207.457393875 426.3223527 0.005 0.01 nan 0.473333333333 0 300 41
178 8 -117.865268371 247.138101691 0.02 0.406 0.5 0.168918918919 4 296 41
179 4 -138.045271407 287.498107763 0.055 0.505 0.545454545455 0.190647482014 22 278 41
180 8 -108.372294614 228.152154177 0.1 1.0 0.714285714286 0.131782945736 42 258 41
181 4 -123.214097716 257.835760381 0.125 1.0 0.641509433962 0.157894736842 53 247 41
183 5 -108.366824082 228.141213112 0.005 0.307 nan 0.13 0 300 41
184 3 -155.047896564 321.503358077 0.01 0.208 nan 0.226666666667 0 300 41
185 7 -88.4938072847 188.395179519 0.01 0.505 nan 0.11 0 300 41
186 11 -99.1715251277 209.750615205 0.005 0.406 nan 0.116666666667 0 300 41
187 8 -99.2805659443 209.968696838 0.02 0.604 1.0 0.125 4 296 41
188 20 -149.195834237 309.799233424 0.005 0.208 nan 0.21 0 300 41
189 3 -120.879439608 253.166444165 0.07 0.703 0.608695652174 0.180505415162 23 277 41
190 32 -172.0217431 355.451051149 0.02 0.208 0.666666666667 0.262626262626 3 297 41
192 7 -148.921273598 309.250112146 0.025 0.307 0.1 0.213793103448 10 290 41
193 2 -130.62516813 272.65790121 0.015 0.307 nan 0.186666666667 0 300 41
194 9 -58.1879577175 127.783480384 0.005 0.901 nan 0.07 0 300 41
195 9 -136.701458097 284.810481144 0.035 0.406 0.333333333333 0.204081632653 6 294 41
196 0 -110.561108602 232.529782153 0.02 0.505 1.0 0.157190635452 1 299 41
197 23 -186.485664235 384.37889342 0.01 0.109 nan 0.32 0 300 41
198 8 -56.7840229638 124.975610877 0.005 0.703 nan 0.0733333333333 0 300 41
199 11 -122.736381628 256.880328206 0.02 0.406 0.4 0.166101694915 5 295 41
200 22 -115.145200405 241.697965759 0.005 0.307 nan 0.136666666667 0 300 41
202 17 -150.176517827 311.760600604 0.035 0.307 0.833333333333 0.221088435374 6 294 41
203 7 -124.6751985 260.75796195 0.01 0.307 nan 0.16 0 300 41
204 22 -112.142658705 235.69288236 0.005 0.307 nan 0.143333333333 0 300 41
206 32 -129.921880233 271.251325416 0.005 0.307 nan 0.166666666667 0 300 41
207 6 -80.4753553209 172.358275591 0.005 0.505 nan 0.0966666666667 0 300 41
208 34 -143.463993739 298.335552427 0.005 0.208 nan 0.193333333333 0 300 41
212 1 -110.442673119 232.292911187 0.02 0.505 0.5 0.15306122449 6 294 41
213 18 -207.807185901 427.021936751 0.185 0.01 0.571428571429 0.48679245283 35 265 41
215 8 -86.059137229 183.525839407 0.005 0.505 nan 0.0933333333333 0 300 41
216 1 -89.6966621087 190.800889167 0.005 0.406 nan 0.11 0 300 41
217 16 -153.028039447 317.463643844 0.005 0.208 nan 0.216666666667 0 300 41
218 3 -140.664166105 292.735897159 0.025 0.307 1.0 0.214046822742 1 299 41
220 26 -80.973693655 173.354952259 0.005 0.505 nan 0.1 0 300 41
221 3 -111.686145081 234.77985511 0.06 0.802 0.521739130435 0.166064981949 23 277 41
223 15 -91.6856264459 194.778817841 0.005 0.406 nan 0.113333333333 0 300 41
225 4 -130.966578184 273.340721318 0.025 0.406 0.428571428571 0.180887372014 7 293 41
226 22 -141.001693131 293.410951211 0.015 0.307 nan 0.203333333333 0 300 41
227 39 -148.882696673 309.172958295 0.01 0.208 nan 0.213333333333 0 300 41
228 12 -104.474072681 220.355710312 0.005 0.406 nan 0.126666666667 0 300 41
229 16 -99.3975008934 210.202566736 0.005 0.406 nan 0.116666666667 0 300 41
230 8 -60.9218478567 133.251260663 0.005 0.802 0.285714285714 0.061433447099 7 293 41
231 40 -156.643420424 324.694405797 0.005 0.208 nan 0.216666666667 0 300 41
232 7 -135.917110186 283.241785322 0.01 0.307 nan 0.183333333333 0 300 41
234 8 -91.8419965708 195.091558091 0.005 0.406 1.0 0.103678929766 1 299 41
235 11 -132.761184708 276.929934365 0.015 0.307 1.0 0.177852348993 2 298 41
236 12 -182.159467529 375.726500007 0.01 0.109 nan 0.306666666667 0 300 41
237 3 -147.744890134 306.897345217 0.01 0.208 nan 0.21 0 300 41
238 25 -145.895396071 303.19835709 0.005 0.208 nan 0.203333333333 0 300 41
240 3 -108.054983221 227.517531391 0.01 0.406 nan 0.136666666667 0 300 41
241 4 -150.055230354 311.518025657 0.01 0.208 nan 0.21 0 300 41
242 7 -88.7078597828 188.823284515 0.005 0.505 nan 0.106666666667 0 300 41
243 13 -117.217249244 245.842063437 0.095 0.901 0.608695652174 0.194945848375 23 277 41
244 28 -157.348433192 326.104431333 0.015 0.208 1.0 0.227424749164 1 299 41
245 9 -123.804515291 259.016595531 0.065 0.604 0.615384615385 0.19512195122 13 287 41
247 15 -117.537762772 246.483090493 0.065 0.802 0.583333333333 0.170289855072 24 276 41
248 35 -187.75518606 386.917937068 0.005 0.109 nan 0.323333333333 0 300 41
253 4 -92.7769607954 196.96148654 0.005 0.406 nan 0.113333333333 0 300 41
256 10 -112.024105315 235.45577558 0.005 0.307 nan 0.143333333333 0 300 41
257 24 -118.386607137 248.180779224 0.035 0.505 0.833333333333 0.170068027211 6 294 41
258 8 -119.176395805 249.76035656 0.08 0.802 0.575757575758 0.168539325843 33 267 41
259 14 -60.8011591882 133.009883326 0.005 0.703 nan 0.0733333333333 0 300 41
260 13 -126.475106514 264.357777978 0.04 0.505 0.454545454545 0.186851211073 11 289 41
261 7 -188.673279326 388.754123601 0.005 0.109 nan 0.306666666667 0 300 41
262 11 -129.285149303 269.977863556 0.01 0.307 nan 0.176666666667 0 300 41
263 8 -85.7079705318 182.823506013 0.005 0.406 nan 0.103333333333 0 300 41
264 3 -96.3853472965 204.178259542 0.005 0.406 nan 0.11 0 300 41
1519 17 -119.892524179 251.192613307 0.075 0.703 0.529411764706 0.165413533835 34 266 41
1520 4 -112.018872888 235.445310725 0.02 0.505 0.625 0.130136986301 8 292 41
1521 17 -143.902105976 299.211776901 0.015 0.307 nan 0.203333333333 0 300 41
1523 14 -132.373916023 276.155396996 0.035 0.406 0.5 0.206081081081 4 296 41
1524 11 -151.3416232 314.090811349 0.02 0.307 0.4 0.216949152542 5 295 41
1525 12 -135.532894265 282.47335348 0.035 0.406 0.6 0.206779661017 5 295 41
1526 11 -109.814083102 231.035731154 0.005 0.307 nan 0.133333333333 0 300 41
1527 15 -144.198333419 299.804231788 0.03 0.307 0.5 0.208904109589 8 292 41
1528 2 -130.324807888 272.057180725 0.005 0.307 nan 0.166666666667 0 300 41
1529 2 -86.0009428141 183.409450577 0.005 0.505 nan 0.0966666666667 0 300 41
1530 15 -81.5360447072 174.479654364 0.005 0.505 nan 0.0933333333333 0 300 41
1531 10 -100.553653489 212.514871928 0.015 0.505 0.5 0.131756756757 4 296 41
1532 15 -83.7556325787 178.918830107 0.005 0.505 1.0 0.0936454849498 1 299 41
1533 22 -88.1415233096 187.690611568 0.005 0.505 nan 0.103333333333 0 300 41
1534 19 -138.279656514 287.966877977 0.105 0.703 0.6 0.18431372549 45 255 41
1535 15 -125.223069461 261.853703871 0.085 0.703 0.533333333333 0.181481481481 30 270 41
1536 5 -116.8085875 245.024739949 0.05 0.703 0.6 0.164285714286 20 280 42
1537 12 -147.666350849 306.740266647 0.005 0.208 nan 0.206666666667 0 300 42
1538 32 -156.540753207 324.489071363 0.045 0.307 0.545454545455 0.23875432526 11 289 42
1539 24 -124.796236582 261.000038113 0.005 0.307 nan 0.156666666667 0 300 42
1540 8 -138.525418711 288.45840237 0.005 0.208 nan 0.186666666667 0 300 42
1541 11 -138.895173647 289.197912244 0.105 0.604 0.606060606061 0.217228464419 33 267 42
1542 7 -139.168809715 289.745184379 0.02 0.307 1.0 0.197324414716 1 299 42
1543 7 -97.4024840485 206.212533046 0.01 0.505 1.0 0.117056856187 1 299 42
1544 13 -116.832265488 245.072095925 0.005 0.307 nan 0.143333333333 0 300 42
1545 25 -143.092356667 297.592278283 0.005 0.208 nan 0.193333333333 0 300 42
1546 12 -127.888035954 267.183636857 0.005 0.307 nan 0.156666666667 0 300 42
1547 23 -204.440110435 420.28778582 0.175 0.109 0.522727272727 0.41796875 44 256 42
1549 27 -139.066315616 289.540196182 0.005 0.208 nan 0.186666666667 0 300 42
1550 4 -140.899995372 293.207555693 0.015 0.307 0.5 0.194630872483 2 298 42
1553 11 -130.542458917 272.492482783 0.06 0.604 0.5 0.178832116788 26 274 42
140 11 -103.195214581 217.797994111 0.005 0.406 nan 0.123333333333 0 300 42
141 4 -102.859221236 217.126007421 0.025 0.604 0.833333333333 0.139455782313 6 294 42
142 10 -92.229503695 195.866572339 0.01 0.505 nan 0.116666666667 0 300 42
143 21 -188.101175717 387.609916384 0.09 0.208 0.526315789474 0.334519572954 19 281 42
144 16 -79.1242244324 169.656013814 0.01 0.703 nan 0.0966666666667 0 300 42
145 10 -112.184241868 235.776048686 0.005 0.307 nan 0.143333333333 0 300 42
146 24 -138.051939517 287.511443984 0.01 0.307 nan 0.183333333333 0 300 42
147 11 -124.395195307 260.197955562 0.04 0.505 0.666666666667 0.177083333333 12 288 42
148 3 -140.833768693 293.075102335 0.045 0.406 0.6 0.21724137931 10 290 42
149 5 -129.69699711 270.801559168 0.03 0.406 0.5 0.197278911565 6 294 42
150 25 -150.071859463 311.551283875 0.005 0.208 nan 0.203333333333 0 300 42
151 21 -140.992307549 293.392180048 0.015 0.307 nan 0.203333333333 0 300 42
152 9 -91.0686232828 193.544811515 0.01 0.505 1.0 0.113712374582 1 299 42
153 15 -180.299305439 372.006175828 0.13 0.307 0.59375 0.30223880597 32 268 42
154 3 -113.046688442 237.500941833 0.035 0.604 0.714285714286 0.163822525597 7 293 42
155 0 -133.020347504 277.448259958 0.005 0.307 nan 0.163333333333 0 300 42
157 8 -138.773861202 288.955287354 0.005 0.208 nan 0.19 0 300 42
158 9 -68.8052969783 149.018158906 0.005 0.604 nan 0.08 0 300 42
159 15 -67.8537755448 147.115116039 0.01 0.901 0.333333333333 0.0748299319728 6 294 42
160 29 -74.1628818164 159.733328582 0.005 0.604 nan 0.09 0 300 42
161 4 -87.9287739515 187.265112852 0.005 0.406 nan 0.11 0 300 42
162 19 -183.377589896 378.162744741 0.005 0.109 nan 0.306666666667 0 300 42
163 3 -132.622435993 276.652436936 0.01 0.307 0.5 0.174496644295 2 298 42
164 2 -133.871722379 279.151009707 0.025 0.406 1.0 0.190635451505 1 299 42
165 12 -145.072901962 301.553368873 0.035 0.307 0.75 0.226351351351 4 296 42
166 1 -109.195782355 229.79912966 0.04 0.604 0.5 0.176870748299 6 294 42
168 37 -110.627510658 232.662586264 0.005 0.307 nan 0.126666666667 0 300 42
170 12 -125.449963302 262.307491553 0.065 0.604 0.583333333333 0.201388888889 12 288 42
171 5 -104.663107395 220.73377974 0.01 0.406 nan 0.13 0 300 42
172 9 -153.441103304 318.289771558 0.035 0.307 1.0 0.238255033557 2 298 42
173 5 -117.816063145 247.039691239 0.015 0.406 nan 0.16 0 300 42
174 1 -146.742762212 304.893089373 0.005 0.208 nan 0.206666666667 0 300 42
175 12 -89.7316005577 190.870766065 0.005 0.406 nan 0.106666666667 0 300 42
176 21 -134.874772652 281.157110253 0.15 0.901 0.634146341463 0.212355212355 41 259 42
177 40 -207.979708265 427.36698148 0.065 0.01 0.666666666667 0.491582491582 3 297 42
178 8 -130.386322033 272.180209015 0.025 0.406 0.4 0.183050847458 5 295 42
179 4 -136.586592668 284.580750286 0.06 0.505 0.5625 0.207746478873 16 284 42
180 8 -126.202683388 263.812931725 0.065 0.703 0.541666666667 0.177536231884 24 276 42
181 4 -126.671164967 264.749894884 0.13 0.901 0.666666666667 0.172549019608 45 255 42
183 5 -121.841369239 255.090303427 0.005 0.307 nan 0.15 0 300 42
184 3 -149.766507611 310.940580172 0.005 0.208 nan 0.213333333333 0 300 42
185 7 -99.7579515507 210.923468051 0.005 0.406 nan 0.116666666667 0 300 42
186 11 -83.3625848864 178.132734722 0.005 0.505 nan 0.0933333333333 0 300 42
187 8 -104.958674975 221.324914899 0.01 0.406 nan 0.136666666667 0 300 42
188 20 -164.293399752 339.994364453 0.015 0.208 0.5 0.239864864865 4 296 42
189 3 -118.200468253 247.808501456 0.09 0.901 0.571428571429 0.166037735849 35 265 42
190 32 -188.874242788 389.156050526 0.005 0.109 nan 0.323333333333 0 300 42
192 7 -133.982903477 279.373371903 0.015 0.307 nan 0.193333333333 0 300 42
193 2 -147.352883988 306.113332926 0.005 0.208 nan 0.203333333333 0 300 42
194 9 -62.432705626 136.272976201 0.005 0.703 nan 0.0666666666667 0 300 42
195 9 -160.501686278 332.410937506 0.01 0.208 nan 0.243333333333 0 300 42
196 0 -114.961451358 241.330467665 0.02 0.505 1.0 0.161073825503 2 298 42
197 23 -190.777520382 392.962605714 0.015 0.109 nan 0.346666666667 0 300 42
198 8 -56.9225883289 125.252741607 0.005 0.703 nan 0.0666666666667 0 300 42
199 11 -123.469472181 258.346509312 0.03 0.505 0.75 0.171232876712 8 292 42
200 22 -123.217599329 257.842763607 0.005 0.307 nan 0.156666666667 0 300 42
202 17 -130.886018221 273.179601392 0.095 0.703 0.542857142857 0.184905660377 35 265 42
203 7 -127.745911038 266.899387025 0.005 0.307 nan 0.156666666667 0 300 42
204 22 -114.901626874 241.210818697 0.005 0.307 nan 0.14 0 300 42
206 32 -118.737446799 248.882458546 0.005 0.307 nan 0.143333333333 0 300 42
207 6 -74.7205982116 160.848761373 0.01 0.703 1.0 0.0936454849498 1 299 42
208 34 -133.697330713 278.802226374 0.01 0.307 nan 0.186666666667 0 300 42
212 1 -92.4571117961 196.321788541 0.03 0.802 0.833333333333 0.132653061224 6 294 42
213 18 -204.641838889 420.691242727 0.185 0.109 0.480769230769 0.423387096774 52 248 42
215 8 -88.3283462094 188.064257368 0.005 0.406 nan 0.106666666667 0 300 42
216 1 -100.151797486 211.711159921 0.01 0.505 nan 0.126666666667 0 300 42
217 16 -148.861996167 309.131557283 0.005 0.208 nan 0.203333333333 0 300 42
218 3 -136.349219084 284.106003117 0.015 0.307 nan 0.196666666667 0 300 42
220 26 -86.2659647991 183.939494548 0.005 0.505 nan 0.09 0 300 42
221 3 -108.813629192 229.034823333 0.075 0.901 0.607142857143 0.161764705882 28 272 42
223 15 -95.9437149975 203.294994944 0.005 0.406 nan 0.113333333333 0 300 42
225 4 -128.807296731 269.02215841 0.03 0.406 0.666666666667 0.195286195286 3 297 42
226 22 -144.174612603 299.756790156 0.02 0.307 1.0 0.214046822742 1 299 42
227 39 -137.444146096 286.295857142 0.01 0.307 0.25 0.182432432432 4 296 42
228 12 -118.888260459 249.184085868 0.005 0.307 0.333333333333 0.13468013468 3 297 42
229 16 -116.771835559 244.951236068 0.005 0.307 nan 0.146666666667 0 300 42
230 8 -61.7902460802 134.98805711 0.005 0.703 nan 0.0766666666667 0 300 42
231 40 -145.061420787 301.530406523 0.005 0.208 nan 0.196666666667 0 300 42
232 7 -124.109677973 259.626920895 0.01 0.307 nan 0.166666666667 0 300 42
234 8 -94.1660036494 199.739572248 0.005 0.406 nan 0.11 0 300 42
235 11 -131.482768251 274.37310145 0.015 0.307 nan 0.186666666667 0 300 42
236 12 -180.51749649 372.442557929 0.005 0.109 nan 0.293333333333 0 300 42
237 3 -131.77069754 274.94896003 0.01 0.307 0.5 0.167785234899 2 298 42
238 25 -149.578673307 310.564911563 0.005 0.208 nan 0.206666666667 0 300 42
240 3 -99.5766256512 210.560816252 0.005 0.406 nan 0.12 0 300 42
241 4 -146.239352023 303.886268995 0.005 0.208 nan 0.203333333333 0 300 42
242 7 -79.3910689138 170.189702777 0.005 0.505 nan 0.09 0 300 42
243 13 -116.509233431 244.42603181 0.09 0.901 0.551724137931 0.184501845018 29 271 42
244 28 -157.54548173 326.49852841 0.01 0.208 nan 0.226666666667 0 300 42
245 9 -120.651319797 252.710204544 0.055 0.604 0.588235294118 0.17667844523 17 283 42
247 15 -127.309146198 266.025857346 0.03 0.406 0.5 0.179310344828 10 290 42
248 35 -187.16561739 385.73879973 0.005 0.109 nan 0.32 0 300 42
253 4 -81.8790883755 175.1657417 0.005 0.505 nan 0.0966666666667 0 300 42
256 10 -119.526964808 250.461494566 0.015 0.406 nan 0.16 0 300 42
257 24 -121.561527448 254.530619846 0.02 0.406 0.666666666667 0.171717171717 3 297 42
258 8 -122.300158391 256.007881732 0.1 0.802 0.526315789474 0.187022900763 38 262 42
259 14 -53.7762346149 118.960034179 0.005 0.901 nan 0.0666666666667 0 300 42
260 13 -138.735667402 288.878899754 0.055 0.505 0.35 0.214285714286 20 280 42
261 7 -176.999164097 365.405893143 0.025 0.208 1.0 0.290969899666 1 299 42
262 11 -125.988269527 263.384104002 0.01 0.307 nan 0.173333333333 0 300 42
263 8 -82.4529292385 176.313423426 0.01 0.604 nan 0.103333333333 0 300 42
264 3 -98.1997457505 207.80705645 0.005 0.406 0.5 0.107382550336 2 298 42
1519 17 -119.907330272 251.222225494 0.055 0.604 0.444444444444 0.187943262411 18 282 42
1520 4 -111.128857683 233.665280316 0.005 0.307 nan 0.13 0 300 42
1521 17 -141.616793935 294.641152819 0.005 0.208 nan 0.193333333333 0 300 42
1523 14 -123.170529936 257.748624822 0.095 0.802 0.545454545455 0.176029962547 33 267 42
1524 11 -132.992971786 277.393508521 0.03 0.406 0.428571428571 0.18771331058 7 293 42
1525 12 -140.338263714 292.084092377 0.04 0.406 0.625 0.208904109589 8 292 42
1526 11 -123.880665341 259.168895632 0.005 0.307 nan 0.16 0 300 42
1527 15 -129.403702287 270.214969524 0.015 0.307 nan 0.18 0 300 42
1528 2 -111.282123541 233.971812032 0.005 0.307 nan 0.133333333333 0 300 42
1529 2 -101.629500088 214.666565126 0.01 0.505 1.0 0.127090301003 1 299 42
1530 15 -87.9338422553 187.27524946 0.005 0.406 nan 0.1 0 300 42
1531 10 -104.602908536 220.613382021 0.015 0.505 nan 0.143333333333 0 300 42
1532 15 -79.6871116863 170.781788322 0.005 0.505 nan 0.0933333333333 0 300 42
1533 22 -83.5980142624 178.603593474 0.01 0.604 0.4 0.0915254237288 5 295 42
1534 19 -144.21527831 299.838121569 0.12 0.604 0.565217391304 0.204724409449 46 254 42
1535 15 -125.080849281 261.569263511 0.08 0.703 0.571428571429 0.200716845878 21 279 42
1536 5 -117.890338271 247.188241491 0.045 0.604 0.5 0.166666666667 12 288 43
1537 12 -148.429099539 308.265764027 0.005 0.208 nan 0.206666666667 0 300 43
1538 32 -164.026873351 339.46131165 0.055 0.307 0.5625 0.25 16 284 43
1539 24 -113.345301593 238.098168136 0.01 0.406 nan 0.146666666667 0 300 43
1540 8 -137.587829726 286.5832244 0.01 0.307 1.0 0.183946488294 1 299 43
1541 11 -135.004947395 281.41745974 0.115 0.703 0.54 0.188 50 250 43
1542 7 -138.428001163 288.263567276 0.015 0.307 nan 0.193333333333 0 300 43
1543 7 -106.321661489 224.050887928 0.025 0.604 0.461538461538 0.1393728223 13 287 43
1544 13 -134.025820751 279.459206451 0.01 0.307 nan 0.176666666667 0 300 43
1545 25 -157.577958395 326.56348174 0.005 0.208 nan 0.216666666667 0 300 43
1546 12 -103.548909103 218.505383156 0.005 0.406 nan 0.116666666667 0 300 43
1547 23 -205.184483255 421.776531459 0.205 0.109 0.53488372093 0.443579766537 43 257 43
1549 27 -149.662604795 310.73277454 0.005 0.208 nan 0.203333333333 0 300 43
1550 4 -153.195508798 317.798582546 0.01 0.208 nan 0.216666666667 0 300 43
1553 11 -128.587724189 268.583013327 0.07 0.604 0.703703703704 0.168498168498 27 273 43
140 11 -86.3600245198 184.127613989 0.005 0.505 nan 0.1 0 300 43
141 4 -107.627999622 226.663564194 0.02 0.505 1.0 0.150501672241 1 299 43
142 10 -90.3437603727 192.095085695 0.005 0.406 nan 0.106666666667 0 300 43
143 21 -174.641270988 360.690106925 0.165 0.406 0.481481481481 0.30487804878 54 246 43
144 16 -87.1873363293 185.782237608 0.005 0.505 nan 0.0966666666667 0 300 43
145 10 -124.051534975 259.5106349 0.005 0.307 nan 0.163333333333 0 300 43
146 24 -147.106878931 305.621322811 0.005 0.208 nan 0.206666666667 0 300 43
147 11 -114.995495625 241.3985562 0.07 0.802 0.633333333333 0.155555555556 30 270 43
148 3 -121.736610078 254.880785105 0.075 0.703 0.619047619048 0.189964157706 21 279 43
149 5 -116.285449829 243.978464608 0.04 0.604 0.333333333333 0.173611111111 12 288 43
150 25 -142.768327738 296.944220426 0.005 0.208 nan 0.183333333333 0 300 43
151 21 -139.012510111 289.43258517 0.005 0.208 1.0 0.167224080268 1 299 43
152 9 -105.966741235 223.341047419 0.005 0.406 nan 0.126666666667 0 300 43
153 15 -180.171818936 371.751202822 0.075 0.208 0.583333333333 0.322916666667 12 288 43
154 3 -117.233900298 245.875365545 0.035 0.604 0.461538461538 0.16724738676 13 287 43
155 0 -114.891990562 241.191546074 0.005 0.307 nan 0.146666666667 0 300 43
157 8 -139.70224039 290.812045729 0.005 0.208 nan 0.183333333333 0 300 43
158 9 -82.8621146466 177.131794243 0.005 0.505 nan 0.1 0 300 43
159 15 -70.292169947 151.991904843 0.005 0.604 nan 0.08 0 300 43
160 29 -77.2237617383 165.855088426 0.005 0.505 nan 0.0966666666667 0 300 43
161 4 -76.2168664229 163.841297795 0.01 0.703 0.4 0.0847457627119 5 295 43
162 19 -175.604488632 362.616542213 0.005 0.109 nan 0.273333333333 0 300 43
163 3 -133.897907915 279.20338078 0.01 0.307 nan 0.18 0 300 43
164 2 -130.330460536 272.068486021 0.03 0.406 0.363636363636 0.18339100346 11 289 43
165 12 -153.494269203 318.396103354 0.04 0.307 0.625 0.236301369863 8 292 43
166 1 -113.54832237 238.50420969 0.055 0.703 0.666666666667 0.15770609319 21 279 43
168 37 -117.070700924 245.548966798 0.005 0.307 1.0 0.137123745819 1 299 43
170 12 -134.382311152 280.172187253 0.02 0.307 nan 0.2 0 300 43
171 5 -112.879665315 237.166895578 0.005 0.307 nan 0.136666666667 0 300 43
172 9 -147.589308473 306.586181895 0.02 0.307 nan 0.22 0 300 43
173 5 -100.713738225 212.835041399 0.015 0.505 nan 0.133333333333 0 300 43
174 1 -150.510013608 312.427592166 0.005 0.208 nan 0.216666666667 0 300 43
175 12 -100.029279006 211.466122961 0.005 0.406 nan 0.116666666667 0 300 43
176 21 -140.425607004 292.258778957 0.125 0.703 0.645833333333 0.190476190476 48 252 43
177 40 -205.181330721 421.770226391 0.205 0.109 0.520833333333 0.420634920635 48 252 43
178 8 -125.600305113 262.608175176 0.02 0.406 0.333333333333 0.171717171717 3 297 43
179 4 -136.492745341 284.393055631 0.06 0.505 0.478260869565 0.198555956679 23 277 43
180 8 -123.53957667 258.48671829 0.06 0.604 0.571428571429 0.185314685315 14 286 43
181 4 -128.171163843 267.749892635 0.105 0.802 0.694444444444 0.185606060606 36 264 43
183 5 -116.72992256 244.867410068 0.005 0.307 nan 0.146666666667 0 300 43
184 3 -147.168770367 305.745105684 0.01 0.208 nan 0.213333333333 0 300 43
185 7 -105.545424982 222.498414912 0.005 0.406 nan 0.123333333333 0 300 43
186 11 -90.1986307456 191.804826441 0.005 0.406 nan 0.11 0 300 43
187 8 -106.795560702 224.998686353 0.01 0.406 nan 0.136666666667 0 300 43
188 20 -149.134465332 309.676495613 0.005 0.208 nan 0.203333333333 0 300 43
189 3 -128.836989351 269.081543651 0.065 0.604 0.785714285714 0.188811188811 14 286 43
190 32 -188.290847534 387.989260018 0.015 0.109 nan 0.33 0 300 43
192 7 -135.260910559 281.929386068 0.02 0.307 1.0 0.19397993311 1 299 43
193 2 -131.541470265 274.490505479 0.01 0.307 nan 0.17 0 300 43
194 9 -54.2866013268 119.980767603 0.005 0.802 nan 0.07 0 300 43
195 9 -157.377980446 326.163525841 0.005 0.208 nan 0.226666666667 0 300 43
196 0 -127.279644777 265.966854503 0.025 0.406 0.25 0.180555555556 12 288 43
197 23 -189.868354984 391.144274917 0.01 0.109 nan 0.333333333333 0 300 43
198 8 -58.1256976817 127.658960313 0.005 0.703 nan 0.0766666666667 0 300 43
199 11 -111.211555754 233.830676458 0.02 0.505 0.25 0.154109589041 8 292 43
200 22 -113.408906814 238.225378578 0.005 0.307 nan 0.14 0 300 43
202 17 -157.443268121 326.294101192 0.095 0.406 0.565217391304 0.249097472924 23 277 43
203 7 -112.798826636 237.005218222 0.01 0.406 nan 0.143333333333 0 300 43
204 22 -114.032270371 239.47210569 0.01 0.406 1.0 0.14381270903 1 299 43
206 32 -105.847030916 223.101626782 0.005 0.406 nan 0.123333333333 0 300 43
207 6 -75.2551601197 161.917885189 0.005 0.505 nan 0.09 0 300 43
208 34 -150.562722281 312.533009511 0.005 0.208 nan 0.21 0 300 43
212 1 -107.164270169 225.736105287 0.03 0.604 0.625 0.147260273973 8 292 43
213 18 -208.058479119 427.524523188 0.205 0.01 0.514285714286 0.51320754717 35 265 43
215 8 -89.094159625 189.595884199 0.01 0.604 0.5 0.107382550336 2 298 43
216 1 -86.329468871 184.066502691 0.005 0.406 nan 0.1 0 300 43
217 16 -146.635854991 304.679274932 0.005 0.208 nan 0.196666666667 0 300 43
218 3 -135.627943561 282.66345207 0.01 0.307 nan 0.18 0 300 43
220 26 -79.623730365 170.655025679 0.005 0.505 nan 0.1 0 300 43
221 3 -104.112339214 219.632243377 0.07 1.0 0.545454545455 0.142322097378 33 267 43
223 15 -89.6881348706 190.783834691 0.005 0.406 nan 0.113333333333 0 300 43
225 4 -119.707101196 250.821767341 0.04 0.604 0.5 0.171328671329 14 286 43
226 22 -142.202426259 295.812417467 0.005 0.208 nan 0.193333333333 0 300 43
227 39 -151.771122779 314.949810508 0.01 0.208 nan 0.216666666667 0 300 43
228 12 -100.352115921 212.111796791 0.01 0.505 nan 0.123333333333 0 300 43
229 16 -119.157581853 249.722728655 0.005 0.307 nan 0.15 0 300 43
230 8 -48.4273080393 108.262181028 0.005 0.901 nan 0.0633333333333 0 300 43
231 40 -153.744674256 318.896913461 0.01 0.208 nan 0.226666666667 0 300 43
232 7 -133.525297529 278.458160007 0.01 0.307 1.0 0.183946488294 1 299 43
234 8 -107.654194871 226.71595469 0.005 0.307 nan 0.126666666667 0 300 43
235 11 -139.137689638 289.682944225 0.005 0.208 nan 0.18 0 300 43
236 12 -191.363250065 394.134065079 0.005 0.109 nan 0.33 0 300 43
237 3 -156.220634411 323.848833771 0.01 0.208 nan 0.223333333333 0 300 43
238 25 -137.67692344 286.761411829 0.005 0.208 nan 0.183333333333 0 300 43
240 3 -95.6158698029 202.639304555 0.005 0.406 nan 0.113333333333 0 300 43
241 4 -147.380133655 306.167832259 0.005 0.208 nan 0.206666666667 0 300 43
242 7 -86.2496574209 183.906879791 0.005 0.505 nan 0.0966666666667 0 300 43
243 13 -108.826925362 229.061415674 0.075 1.0 0.69696969697 0.14606741573 33 267 43
244 28 -159.25221189 329.911988729 0.02 0.208 nan 0.24 0 300 43
245 9 -118.286703059 247.980971067 0.08 0.802 0.583333333333 0.18115942029 24 276 43
247 15 -125.079166131 261.565897211 0.06 0.604 0.578947368421 0.188612099644 19 281 43
248 35 -178.981441015 369.37044698 0.005 0.109 nan 0.286666666667 0 300 43
253 4 -95.3985585885 202.204682126 0.01 0.505 0.0 0.114864864865 4 296 43
256 10 -116.226428661 243.860422271 0.01 0.406 1.0 0.150501672241 1 299 43
257 24 -120.244649878 251.896864706 0.005 0.307 nan 0.153333333333 0 300 43
258 8 -122.367319274 256.142203497 0.055 0.604 0.590909090909 0.172661870504 22 278 43
259 14 -54.9452591253 121.2980832 0.005 0.802 nan 0.06 0 300 43
260 13 -132.236508605 275.88058216 0.035 0.406 0.6 0.203389830508 5 295 43
261 7 -177.63497977 366.67752449 0.005 0.109 nan 0.283333333333 0 300 43
262 11 -134.210704786 279.828974521 0.01 0.307 nan 0.18 0 300 43
263 8 -93.4166484353 198.24086182 0.005 0.406 nan 0.113333333333 0 300 43
264 3 -89.8865556965 191.180676342 0.005 0.406 nan 0.106666666667 0 300 43
1519 17 -112.132365795 235.672296539 0.08 0.901 0.620689655172 0.162361623616 29 271 43
1520 4 -106.261139496 223.929843942 0.01 0.406 1.0 0.137123745819 1 299 43
1521 17 -140.393180998 292.193926945 0.04 0.406 0.545454545455 0.200692041522 11 289 43
1523 14 -138.747791101 288.90314715 0.05 0.406 0.666666666667 0.211805555556 12 288 43
1524 11 -134.756393878 280.920352705 0.02 0.307 0.333333333333 0.195286195286 3 297 43
1525 12 -138.65394866 288.715462268 0.045 0.406 0.5 0.199300699301 14 286 43
1526 11 -96.9866769961 205.380918942 0.005 0.406 nan 0.12 0 300 43
1527 15 -133.406724863 278.221014676 0.02 0.307 nan 0.2 0 300 43
1528 2 -122.40060795 256.208780848 0.005 0.307 nan 0.143333333333 0 300 43
1529 2 -94.7749553292 200.957475608 0.005 0.406 nan 0.11 0 300 43
1530 15 -101.405712455 214.218989859 0.005 0.406 nan 0.123333333333 0 300 43
1531 10 -101.332036211 214.071637372 0.015 0.505 0.333333333333 0.131313131313 3 297 43
1532 15 -72.595635417 156.598835783 0.005 0.604 nan 0.08 0 300 43
1533 22 -86.9226556211 185.252876191 0.01 0.505 1.0 0.107023411371 1 299 43
1534 19 -127.300198654 266.007962256 0.1 0.802 0.541666666667 0.170634920635 48 252 43
1535 15 -126.072277628 263.552120206 0.03 0.406 0.4 0.193220338983 5 295 43
1536 5 -109.6313184 230.670201749 0.045 0.703 0.388888888889 0.156028368794 18 282 44
1537 12 -152.455038004 316.317640958 0.01 0.208 nan 0.223333333333 0 300 44
1538 32 -152.276210195 315.959985339 0.045 0.307 0.666666666667 0.249158249158 3 297 44
1539 24 -117.882471944 247.172508838 0.005 0.307 nan 0.153333333333 0 300 44
1540 8 -136.954856407 285.317277763 0.005 0.208 nan 0.17 0 300 44
1541 11 -139.532948023 290.473460995 0.11 0.604 0.541666666667 0.194444444444 48 252 44
1542 7 -131.418024485 274.243613919 0.02 0.307 0.666666666667 0.181818181818 3 297 44
1543 7 -102.930342555 217.268250059 0.015 0.505 nan 0.143333333333 0 300 44
1544 13 -123.394890974 258.197346897 0.005 0.307 nan 0.156666666667 0 300 44
1545 25 -139.683939738 290.775444425 0.005 0.208 nan 0.186666666667 0 300 44
1546 12 -124.618027111 260.643619171 0.01 0.307 nan 0.16 0 300 44
1547 23 -206.164375162 423.736315273 0.205 0.109 0.604166666667 0.420634920635 48 252 44
1549 27 -155.525829172 322.459223294 0.01 0.208 nan 0.23 0 300 44
1550 4 -148.053831961 307.515228871 0.005 0.208 nan 0.21 0 300 44
1553 11 -119.412402277 250.232369504 0.07 0.703 0.586206896552 0.166051660517 29 271 44
140 11 -84.539399509 180.486363967 0.005 0.505 nan 0.09 0 300 44
141 4 -110.652240559 232.712046067 0.01 0.406 nan 0.143333333333 0 300 44
142 10 -96.6611551264 204.729875202 0.005 0.406 nan 0.11 0 300 44
143 21 -167.784947406 346.977459761 0.08 0.307 0.647058823529 0.272084805654 17 283 44
144 16 -82.1320592804 175.67168351 0.005 0.505 nan 0.0933333333333 0 300 44
145 10 -126.755091128 264.917747204 0.005 0.307 nan 0.163333333333 0 300 44
146 24 -140.293303927 291.994172804 0.02 0.307 nan 0.2 0 300 44
147 11 -126.683319842 264.774204633 0.055 0.604 0.371428571429 0.166037735849 35 265 44
148 3 -137.249837074 285.907239098 0.05 0.505 0.45 0.2 20 280 44
149 5 -121.918584806 255.244734562 0.03 0.505 0.8 0.172881355932 5 295 44
150 25 -145.821949665 303.05146428 0.005 0.208 nan 0.193333333333 0 300 44
151 21 -146.758221933 304.924008815 0.005 0.208 nan 0.2 0 300 44
152 9 -105.774027844 222.955620637 0.005 0.307 nan 0.126666666667 0 300 44
153 15 -180.515245273 372.438055496 0.14 0.307 0.666666666667 0.322463768116 24 276 44
154 3 -125.953231306 263.314027561 0.03 0.406 0.75 0.185810810811 4 296 44
155 0 -119.692602343 250.792769635 0.005 0.307 nan 0.14 0 300 44
157 8 -164.915253799 341.238072548 0.01 0.208 nan 0.24 0 300 44
158 9 -62.3952775801 136.198120109 0.005 0.604 nan 0.08 0 300 44
159 15 -76.7710601022 164.949685154 0.005 0.505 nan 0.09 0 300 44
160 29 -75.1850525295 161.777670008 0.01 0.802 0.666666666667 0.0875420875421 3 297 44
161 4 -74.8468533289 161.101271607 0.005 0.505 nan 0.0866666666667 0 300 44
162 19 -184.623688646 380.654942242 0.005 0.109 nan 0.31 0 300 44
163 3 -146.685768375 304.7791017 0.01 0.208 nan 0.21 0 300 44
164 2 -124.276872119 259.961309188 0.02 0.406 1.0 0.171717171717 3 297 44
165 12 -145.511019661 302.429604272 0.05 0.406 0.5 0.223776223776 14 286 44
166 1 -105.878051421 223.163667791 0.085 1.0 0.628571428571 0.150943396226 35 265 44
168 37 -121.651735021 254.711034991 0.005 0.307 nan 0.15 0 300 44
170 12 -131.409677178 274.226919304 0.055 0.505 0.388888888889 0.202127659574 18 282 44
171 5 -126.710856298 264.829277546 0.005 0.307 nan 0.16 0 300 44
172 9 -138.491279391 288.390123732 0.02 0.307 nan 0.206666666667 0 300 44
173 5 -101.425059318 214.257683586 0.02 0.604 0.5 0.135135135135 4 296 44
174 1 -148.373568173 308.154701295 0.005 0.208 nan 0.21 0 300 44
175 12 -94.514982861 200.437530671 0.005 0.406 nan 0.116666666667 0 300 44
176 21 -128.106665864 267.620896677 0.17 1.0 0.605633802817 0.161572052402 71 229 44
177 40 -206.752558569 424.912682088 0.005 0.01 nan 0.443333333333 0 300 44
178 8 -126.316126266 264.039817481 0.02 0.406 0.333333333333 0.173469387755 6 294 44
179 4 -141.739970859 294.887506667 0.105 0.604 0.555555555556 0.192156862745 45 255 44
180 8 -119.44400497 250.295574889 0.05 0.604 0.6875 0.169014084507 16 284 44
181 4 -129.942887092 271.293339133 0.09 0.703 0.533333333333 0.196296296296 30 270 44
183 5 -120.62990845 252.667381849 0.005 0.307 nan 0.146666666667 0 300 44
184 3 -156.036595715 323.480756379 0.01 0.208 nan 0.23 0 300 44
185 7 -97.6775879042 206.762740758 0.005 0.406 nan 0.113333333333 0 300 44
186 11 -88.9558691841 189.319303318 0.005 0.406 nan 0.106666666667 0 300 44
187 8 -110.198576899 231.804718747 0.015 0.505 0.333333333333 0.139455782313 6 294 44
188 20 -154.654791849 320.717148647 0.015 0.208 nan 0.233333333333 0 300 44
189 3 -125.931159792 263.269884534 0.065 0.604 0.5625 0.19014084507 16 284 44
190 32 -174.256950305 359.92146556 0.02 0.208 nan 0.276666666667 0 300 44
192 7 -141.612448394 294.632461737 0.02 0.307 nan 0.216666666667 0 300 44
193 2 -142.312085455 296.031735858 0.035 0.406 0.444444444444 0.209621993127 9 291 44
194 9 -55.3516490452 122.11086304 0.01 1.0 1.0 0.0704697986577 2 298 44
195 9 -149.726913329 310.861391607 0.005 0.208 nan 0.21 0 300 44
196 0 -117.360166961 246.127898871 0.025 0.505 1.0 0.173913043478 1 299 44
197 23 -191.099410907 393.606386763 0.015 0.109 nan 0.343333333333 0 300 44
198 8 -67.9039653784 147.215495706 0.005 0.604 nan 0.07 0 300 44
199 11 -119.940978121 251.289521192 0.02 0.406 1.0 0.171140939597 2 298 44
200 22 -110.991551738 233.390668425 0.005 0.307 nan 0.136666666667 0 300 44
202 17 -154.505105076 320.417775101 0.105 0.505 0.571428571429 0.22480620155 42 258 44
203 7 -101.584327419 214.576219787 0.005 0.406 nan 0.123333333333 0 300 44
204 22 -113.822516347 239.052597644 0.005 0.307 nan 0.143333333333 0 300 44
206 32 -112.917421921 237.242408791 0.01 0.406 1.0 0.137123745819 1 299 44
207 6 -65.018431454 141.444427857 0.005 0.604 nan 0.0833333333333 0 300 44
208 34 -153.582256858 318.572078665 0.005 0.208 nan 0.22 0 300 44
212 1 -109.351409906 230.110384762 0.03 0.604 0.4 0.162068965517 10 290 44
213 18 -207.962046552 427.331658053 0.205 0.01 0.612903225806 0.498141263941 31 269 44
215 8 -92.9165508958 197.240666741 0.005 0.406 nan 0.11 0 300 44
216 1 -90.5446851255 192.4969352 0.005 0.406 nan 0.103333333333 0 300 44
217 16 -147.605366305 306.61829756 0.005 0.208 nan 0.2 0 300 44
218 3 -145.400575369 302.208715687 0.02 0.307 nan 0.216666666667 0 300 44
220 26 -82.8380954881 177.083755926 0.005 0.505 nan 0.1 0 300 44
221 3 -104.446523876 220.300612702 0.065 1.0 0.555555555556 0.139194139194 27 273 44
223 15 -99.8722014083 211.151967766 0.005 0.406 nan 0.11 0 300 44
225 4 -124.646567138 260.700699225 0.025 0.406 0.6 0.179661016949 5 295 44
226 22 -136.131953564 283.671472078 0.02 0.307 nan 0.203333333333 0 300 44
227 39 -150.907174729 313.221914408 0.005 0.208 nan 0.21 0 300 44
228 12 -106.361991239 224.131547427 0.01 0.406 nan 0.136666666667 0 300 44
229 16 -103.824624989 219.056814927 0.005 0.406 nan 0.116666666667 0 300 44
230 8 -62.7743748512 136.956314652 0.005 0.703 nan 0.0733333333333 0 300 44
231 40 -143.706531953 298.820628856 0.005 0.208 nan 0.203333333333 0 300 44
232 7 -129.31825416 270.044073269 0.01 0.307 nan 0.173333333333 0 300 44
234 8 -107.089574571 225.586714091 0.005 0.307 nan 0.13 0 300 44
235 11 -143.022242954 297.452050858 0.005 0.208 nan 0.193333333333 0 300 44
236 12 -188.201065706 387.809696361 0.015 0.109 nan 0.323333333333 0 300 44
237 3 -146.431468079 304.270501108 0.005 0.208 nan 0.206666666667 0 300 44
238 25 -148.284117041 307.975799032 0.01 0.208 nan 0.206666666667 0 300 44
240 3 -90.3246579615 192.056880872 0.005 0.406 nan 0.116666666667 0 300 44
241 4 -119.946279549 251.300124048 0.005 0.307 nan 0.153333333333 0 300 44
242 7 -73.3423849981 158.092334946 0.005 0.604 nan 0.09 0 300 44
243 13 -94.7881953808 200.983955711 0.075 1.0 0.636363636364 0.158273381295 22 278 44
244 28 -156.719970803 324.847506556 0.015 0.208 nan 0.233333333333 0 300 44
245 9 -124.330856981 260.06927891 0.085 0.802 0.5 0.17803030303 36 264 44
247 15 -124.48517643 260.377917809 0.065 0.604 0.6 0.189473684211 15 285 44
248 35 -169.764155373 350.935875695 0.02 0.208 nan 0.27 0 300 44
253 4 -89.7892603501 190.986085649 0.005 0.505 nan 0.103333333333 0 300 44
256 10 -113.78504816 238.977661269 0.005 0.307 nan 0.136666666667 0 300 44
257 24 -118.760234768 248.928034485 0.01 0.307 nan 0.156666666667 0 300 44
258 8 -129.17927824 269.766121429 0.07 0.604 0.590909090909 0.194244604317 22 278 44
259 14 -54.1259723627 119.659509675 0.005 0.703 nan 0.07 0 300 44
260 13 -134.962150512 281.331865974 0.05 0.505 0.45 0.2 20 280 44
261 7 -189.139592216 389.686749382 0.015 0.109 nan 0.333333333333 0 300 44
262 11 -135.948845765 283.305256479 0.005 0.208 nan 0.173333333333 0 300 44
263 8 -83.6739534876 178.755471925 0.005 0.406 0.5 0.0939597315436 2 298 44
264 3 -88.7411494929 188.889863935 0.005 0.505 nan 0.103333333333 0 300 44
1519 17 -114.667179084 240.741923118 0.09 1.0 0.709677419355 0.163568773234 31 269 44
1520 4 -116.269121983 243.945808916 0.005 0.307 nan 0.143333333333 0 300 44
1521 17 -142.282861846 295.97328864 0.02 0.307 0.5 0.19387755102 6 294 44
1523 14 -123.67375908 258.755083109 0.04 0.505 0.384615384615 0.188153310105 13 287 44
1524 11 -138.957998746 289.323562441 0.02 0.307 1.0 0.200668896321 1 299 44
1525 12 -151.220429627 313.848424204 0.035 0.307 1.0 0.224080267559 1 299 44
1526 11 -100.474682272 212.356929494 0.005 0.406 nan 0.12 0 300 44
1527 15 -146.592363828 304.592292605 0.005 0.208 nan 0.203333333333 0 300 44
1528 2 -100.516484301 212.440533552 0.01 0.505 nan 0.126666666667 0 300 44
1529 2 -104.861306793 221.130178536 0.005 0.406 nan 0.123333333333 0 300 44
1530 15 -98.8964773488 209.200519647 0.005 0.406 nan 0.12 0 300 44
1531 10 -104.109448792 219.626462533 0.01 0.406 nan 0.143333333333 0 300 44
1532 15 -79.5238065259 170.455178001 0.005 0.505 nan 0.09 0 300 44
1533 22 -101.7014211 214.81040715 0.01 0.505 nan 0.13 0 300 44
1534 19 -132.637087148 276.681739245 0.15 0.901 0.558139534884 0.217898832685 43 257 44
1535 15 -131.529158767 274.465882484 0.06 0.505 0.458333333333 0.192028985507 24 276 44
1536 5 -112.609233467 236.626031884 0.03 0.505 0.75 0.165540540541 4 296 45
1537 12 -150.604169677 312.615904303 0.005 0.208 nan 0.21 0 300 45
1538 32 -150.95224179 313.312048529 0.1 0.505 0.5 0.21484375 44 256 45
1539 24 -110.230245155 231.868055259 0.005 0.307 nan 0.116666666667 0 300 45
1540 8 -140.640209121 292.687983192 0.005 0.208 nan 0.19 0 300 45
1541 11 -134.129388741 279.666342432 0.13 0.802 0.5 0.204724409449 46 254 45
1542 7 -147.423655797 306.254876544 0.01 0.208 nan 0.213333333333 0 300 45
1543 7 -119.689867538 250.787300025 0.005 0.307 nan 0.15 0 300 45
1544 13 -134.296771185 280.00110732 0.005 0.208 nan 0.176666666667 0 300 45
1545 25 -132.499261397 276.406087744 0.01 0.307 nan 0.176666666667 0 300 45
1546 12 -123.516125365 258.439815679 0.005 0.307 nan 0.156666666667 0 300 45
1547 23 -203.439173105 418.28591116 0.205 0.109 0.536585365854 0.440154440154 41 259 45
1549 27 -146.274935841 303.957436632 0.005 0.208 nan 0.2 0 300 45
1550 4 -143.270100182 297.947765314 0.035 0.406 0.3 0.2 20 280 45
1553 11 -119.130535025 249.668634999 0.075 0.802 0.394736842105 0.171755725191 38 262 45
140 11 -76.5615119053 164.53058876 0.005 0.505 nan 0.0933333333333 0 300 45
141 4 -130.59747443 272.602513808 0.01 0.307 0.5 0.174496644295 2 298 45
142 10 -106.221529375 223.850623699 0.005 0.307 nan 0.126666666667 0 300 45
143 21 -173.430436814 358.268438578 0.155 0.406 0.46511627907 0.291828793774 43 257 45
144 16 -70.2134524476 151.834469844 0.005 0.505 nan 0.0866666666667 0 300 45
145 10 -110.741337323 232.890239595 0.005 0.307 nan 0.136666666667 0 300 45
146 24 -161.890945765 335.189456479 0.015 0.208 nan 0.243333333333 0 300 45
147 11 -123.309245571 258.026056091 0.075 0.703 0.515151515152 0.172284644195 33 267 45
148 3 -144.876706585 301.16097812 0.03 0.307 0.5 0.212328767123 8 292 45
149 5 -120.405273125 252.218111198 0.04 0.505 0.6 0.175862068966 10 290 45
150 25 -154.059436916 319.526438782 0.005 0.208 nan 0.216666666667 0 300 45
151 21 -141.244827597 293.897220144 0.005 0.208 nan 0.193333333333 0 300 45
152 9 -98.8681446663 209.143854282 0.005 0.406 nan 0.123333333333 0 300 45
153 15 -172.187230567 355.782026084 0.1 0.307 0.48275862069 0.291512915129 29 271 45
154 3 -115.731070265 242.869705479 0.03 0.505 0.4 0.179661016949 5 295 45
155 0 -105.788042731 222.98365041 0.005 0.307 nan 0.13 0 300 45
157 8 -145.240249178 301.888063306 0.005 0.208 nan 0.186666666667 0 300 45
158 9 -88.9161052856 189.23977552 0.005 0.505 nan 0.103333333333 0 300 45
159 15 -80.7134181499 172.834401249 0.005 0.505 0.5 0.0906040268456 2 298 45
160 29 -78.6529793231 168.713523595 0.005 0.505 nan 0.0966666666667 0 300 45
161 4 -73.0072148641 157.421994677 0.005 0.604 nan 0.0866666666667 0 300 45
162 19 -191.173733341 393.755031632 0.025 0.109 1.0 0.338926174497 2 298 45
163 3 -155.646764129 322.701093207 0.01 0.208 nan 0.226666666667 0 300 45
164 2 -121.005664023 253.418892996 0.015 0.406 nan 0.163333333333 0 300 45
165 12 -136.527215862 284.461996674 0.06 0.505 0.538461538462 0.216027874564 13 287 45
166 1 -100.057590368 211.522745686 0.07 1.0 0.586206896552 0.151291512915 29 271 45
168 37 -117.90582575 247.219216449 0.005 0.307 nan 0.14 0 300 45
170 12 -137.316639522 286.040843994 0.085 0.604 0.58064516129 0.193308550186 31 269 45
171 5 -122.341601307 256.090767563 0.005 0.307 nan 0.156666666667 0 300 45
172 9 -153.42081591 318.24919677 0.01 0.208 nan 0.223333333333 0 300 45
173 5 -113.337107732 238.081780414 0.01 0.406 nan 0.146666666667 0 300 45
174 1 -161.077077944 333.561720837 0.01 0.208 nan 0.24 0 300 45
175 12 -90.0984796026 191.604524155 0.005 0.406 nan 0.113333333333 0 300 45
176 21 -126.356412559 264.120390068 0.145 0.901 0.6875 0.201492537313 32 268 45
177 40 -207.015880471 425.439325891 0.005 0.01 nan 0.446666666667 0 300 45
178 8 -113.808630379 239.024825708 0.02 0.505 0.5 0.152027027027 4 296 45
179 4 -129.666281875 270.740128699 0.035 0.406 0.4 0.203389830508 5 295 45
180 8 -127.547134642 266.501834233 0.07 0.604 0.555555555556 0.186813186813 27 273 45
181 4 -128.542986119 268.493537188 0.12 0.802 0.547619047619 0.201550387597 42 258 45
183 5 -116.699218409 244.806001768 0.005 0.307 nan 0.15 0 300 45
184 3 -153.377053757 318.161672462 0.01 0.208 nan 0.223333333333 0 300 45
185 7 -92.1146698678 195.636904685 0.005 0.406 nan 0.11 0 300 45
186 11 -110.725402791 232.858370531 0.005 0.307 nan 0.13 0 300 45
187 8 -97.8060628713 207.019690692 0.01 0.505 nan 0.133333333333 0 300 45
188 20 -137.392295333 286.192155615 0.005 0.208 nan 0.18 0 300 45
189 3 -115.616311548 242.640188045 0.08 0.802 0.555555555556 0.155303030303 36 264 45
190 32 -189.709263691 390.826092331 0.015 0.109 nan 0.34 0 300 45
192 7 -136.995581801 285.398728552 0.015 0.307 nan 0.2 0 300 45
193 2 -127.993202927 267.393970803 0.03 0.406 0.666666666667 0.176870748299 6 294 45
194 9 -55.8567500941 123.121065137 0.005 0.703 nan 0.07 0 300 45
195 9 -151.23971164 313.88698823 0.005 0.208 nan 0.21 0 300 45
196 0 -113.082765504 237.573095958 0.03 0.604 0.583333333333 0.149305555556 12 288 45
197 23 -192.324873567 396.057312083 0.015 0.109 nan 0.346666666667 0 300 45
198 8 -55.4866441916 122.380853333 0.005 0.703 nan 0.0733333333333 0 300 45
199 11 -132.375185568 276.157936086 0.025 0.406 0.6 0.183050847458 5 295 45
200 22 -105.915833536 223.239232022 0.005 0.406 0.142857142857 0.119453924915 7 293 45
202 17 -154.996535971 321.400636891 0.105 0.406 0.652173913043 0.256317689531 23 277 45
203 7 -116.287659564 243.982884077 0.015 0.406 1.0 0.157190635452 1 299 45
204 22 -116.275568253 243.958701456 0.005 0.307 nan 0.143333333333 0 300 45
206 32 -110.970111793 233.347788535 0.005 0.307 nan 0.136666666667 0 300 45
207 6 -86.4542979135 184.316160776 0.005 0.505 nan 0.103333333333 0 300 45
208 34 -143.468239808 298.344044565 0.005 0.208 nan 0.193333333333 0 300 45
212 1 -100.161646861 211.730858672 0.045 0.802 0.571428571429 0.143356643357 14 286 45
213 18 -208.30146544 428.01049583 0.205 0.01 0.46875 0.544776119403 32 268 45
215 8 -96.9286818727 205.264928695 0.005 0.406 nan 0.113333333333 0 300 45
216 1 -86.4091066145 184.225778178 0.005 0.406 nan 0.106666666667 0 300 45
217 16 -147.981928961 307.371422871 0.005 0.208 nan 0.206666666667 0 300 45
218 3 -127.073604992 265.554774932 0.025 0.406 0.272727272727 0.18339100346 11 289 45
220 26 -85.0207045373 181.448974024 0.005 0.505 nan 0.0966666666667 0 300 45
221 3 -110.537697575 232.4829601 0.05 0.703 0.619047619048 0.150537634409 21 279 45
223 15 -93.8457130944 199.098991138 0.005 0.406 nan 0.113333333333 0 300 45
225 4 -142.179191846 295.765948642 0.03 0.307 0.0 0.218855218855 3 297 45
226 22 -136.272877738 283.953320424 0.035 0.406 0.428571428571 0.19795221843 7 293 45
227 39 -146.176204351 303.759973651 0.005 0.208 nan 0.2 0 300 45
228 12 -123.068086324 257.543737597 0.005 0.307 nan 0.153333333333 0 300 45
229 16 -100.095506412 211.598577773 0.005 0.406 nan 0.116666666667 0 300 45
230 8 -51.8903299983 115.188224946 0.005 0.901 nan 0.0633333333333 0 300 45
231 40 -146.384396093 304.176357135 0.005 0.208 nan 0.203333333333 0 300 45
232 7 -133.612223041 278.632011032 0.03 0.406 0.5 0.195945945946 4 296 45
234 8 -89.1832144007 189.773993751 0.005 0.406 nan 0.103333333333 0 300 45
235 11 -141.531761603 294.471088155 0.015 0.307 nan 0.2 0 300 45
236 12 -184.30261102 380.012786989 0.01 0.109 nan 0.31 0 300 45
