1536 5 -116.985310502 245.378185953 0.05 0.703 0.434782608696 0.162454873646 23 277 61
1537 12 -153.243342467 317.894249884 0.01 0.208 nan 0.226666666667 0 300 61
1538 32 -157.232459136 325.872483221 0.04 0.307 0.461538461538 0.233449477352 13 287 61
1539 24 -122.569539148 256.546643246 0.005 0.307 nan 0.156666666667 0 300 61
1540 8 -155.56931619 322.54619733 0.045 0.307 0.666666666667 0.237113402062 9 291 61
1541 11 -137.123779768 285.655124485 0.12 0.703 0.577777777778 0.207843137255 45 255 61
1542 7 -132.581830469 276.571225887 0.015 0.307 nan 0.186666666667 0 300 61
1543 7 -89.9835894852 191.37474392 0.03 0.901 0.47619047619 0.111111111111 21 279 61
1544 13 -117.99527831 247.398121568 0.005 0.307 nan 0.146666666667 0 300 61
1545 25 -142.390345135 296.188255219 0.005 0.208 nan 0.19 0 300 61
1546 12 -116.939730154 245.287025258 0.005 0.307 nan 0.146666666667 0 300 61
1547 23 -195.524299664 402.456164277 0.015 0.109 nan 0.346666666667 0 300 61
1549 27 -147.271232761 305.950030472 0.005 0.208 nan 0.203333333333 0 300 61
1550 4 -124.275817895 259.959200739 0.02 0.406 0.666666666667 0.16835016835 3 297 61
1553 11 -131.653960274 274.715485498 0.06 0.505 0.533333333333 0.20350877193 15 285 61
140 11 -77.8295968569 167.066758663 0.005 0.505 nan 0.09 0 300 61
141 4 -119.397854909 250.203274767 0.015 0.406 nan 0.17 0 300 61
142 10 -98.6087136524 208.624992254 0.005 0.406 nan 0.116666666667 0 300 61
143 21 -168.377009683 348.161584316 0.135 0.406 0.514285714286 0.275471698113 35 265 61
144 16 -88.2966392976 188.000843544 0.005 0.505 1.0 0.0936454849498 1 299 61
145 10 -112.94414905 237.295863049 0.005 0.307 nan 0.14 0 300 61
146 24 -132.922205714 277.251976377 0.01 0.307 nan 0.176666666667 0 300 61
147 11 -122.030661358 255.468887665 0.08 0.802 0.487179487179 0.172413793103 39 261 61
148 3 -132.320853247 276.049271444 0.035 0.406 0.6 0.196610169492 5 295 61
149 5 -114.011576637 239.430718222 0.04 0.604 0.642857142857 0.157342657343 14 286 61
150 25 -151.456709413 314.320983775 0.005 0.208 nan 0.206666666667 0 300 61
151 21 -148.287077436 307.981719821 0.005 0.208 nan 0.196666666667 0 300 61
152 9 -90.8989637174 193.205492384 0.005 0.406 nan 0.11 0 300 61
153 15 -175.250514327 361.908593604 0.17 0.406 0.55737704918 0.271966527197 61 239 61
154 3 -108.546086556 228.499738062 0.04 0.703 0.75 0.16095890411 8 292 61
155 0 -122.657713543 256.722992036 0.005 0.307 nan 0.153333333333 0 300 61
157 8 -145.827844133 303.063253216 0.005 0.208 nan 0.203333333333 0 300 61
158 9 -82.9969916989 177.401548347 0.005 0.505 nan 0.103333333333 0 300 61
159 15 -72.4031830341 156.213931017 0.005 0.505 nan 0.0833333333333 0 300 61
160 29 -87.054065465 185.515695879 0.005 0.406 nan 0.1 0 300 61
161 4 -65.6575065303 142.72257801 0.005 0.604 nan 0.0766666666667 0 300 61
162 19 -186.589927048 384.587419044 0.01 0.109 nan 0.323333333333 0 300 61
163 3 -143.461558427 298.330681803 0.005 0.208 nan 0.19 0 300 61
164 2 -128.128116105 267.663797159 0.03 0.406 0.571428571429 0.184300341297 7 293 61
165 12 -133.471020046 278.34960504 0.055 0.505 0.611111111111 0.198581560284 18 282 61
166 1 -120.548059387 252.503683724 0.06 0.604 0.533333333333 0.182456140351 15 285 61
168 37 -123.075332218 257.558229386 0.005 0.307 nan 0.16 0 300 61
170 12 -154.512324582 320.432214113 0.045 0.307 0.384615384615 0.240418118467 13 287 61
171 5 -131.230869093 273.869303136 0.005 0.307 nan 0.163333333333 0 300 61
172 9 -139.867148025 291.141861 0.02 0.307 nan 0.21 0 300 61
173 5 -107.925789532 227.259144014 0.02 0.505 0.5 0.139455782313 6 294 61
174 1 -139.241854598 289.891274145 0.005 0.208 nan 0.19 0 300 61
175 12 -91.6406000739 194.688765097 0.005 0.406 nan 0.11 0 300 61
176 21 -133.65759915 278.722763249 0.13 0.802 0.533333333333 0.207843137255 45 255 61
177 40 -207.863008008 427.133580965 0.075 0.01 0.5 0.486206896552 10 290 61
178 8 -122.832003495 257.07157194 0.025 0.406 1.0 0.183946488294 1 299 61
179 4 -122.716676382 256.840917714 0.075 0.703 0.53125 0.175373134328 32 268 61
180 8 -116.008839442 243.425243833 0.06 0.703 0.6 0.175438596491 15 285 61
181 4 -117.425783825 246.2591326 0.13 1.0 0.660377358491 0.153846153846 53 247 61
183 5 -117.688422502 246.784409953 0.005 0.307 nan 0.14 0 300 61
184 3 -149.033827318 309.475219585 0.005 0.208 nan 0.206666666667 0 300 61
185 7 -91.0981983879 193.603961725 0.005 0.406 nan 0.11 0 300 61
186 11 -100.88403068 213.175626308 0.005 0.406 nan 0.126666666667 0 300 61
187 8 -112.779490088 236.966545126 0.01 0.406 1.0 0.14381270903 1 299 61
188 20 -142.897239396 297.202043742 0.005 0.208 nan 0.2 0 300 61
189 3 -120.896327315 253.200219579 0.075 0.703 0.5 0.183823529412 28 272 61
190 32 -184.919637936 381.246840822 0.005 0.109 nan 0.313333333333 0 300 61
192 7 -148.323723738 308.055012425 0.01 0.208 nan 0.213333333333 0 300 61
193 2 -116.834965671 245.07749629 0.02 0.406 0.3 0.148275862069 10 290 61
194 9 -67.580357218 146.568279385 0.005 0.703 nan 0.08 0 300 61
195 9 -168.151692527 347.710950004 0.01 0.208 nan 0.253333333333 0 300 61
196 0 -104.467642959 220.342850868 0.04 0.703 0.615384615385 0.1393728223 13 287 61
197 23 -189.730169926 390.867904801 0.015 0.109 nan 0.333333333333 0 300 61
198 8 -61.7046014942 134.816767938 0.005 0.703 nan 0.07 0 300 61
199 11 -110.636753437 232.681071822 0.025 0.505 0.6 0.15593220339 5 295 61
200 22 -107.142052258 225.691669465 0.005 0.307 nan 0.133333333333 0 300 61
202 17 -143.974292788 299.356150525 0.085 0.505 0.464285714286 0.227941176471 28 272 61
203 7 -112.325908543 236.059382036 0.015 0.406 0.333333333333 0.151515151515 3 297 61
204 22 -124.406054173 260.219673296 0.005 0.307 nan 0.16 0 300 61
206 32 -111.004126721 233.415818391 0.005 0.307 nan 0.133333333333 0 300 61
207 6 -84.737670572 180.882906093 0.005 0.505 nan 0.1 0 300 61
208 34 -143.263428492 297.934421934 0.005 0.208 nan 0.193333333333 0 300 61
212 1 -105.937594074 223.282753097 0.025 0.604 0.5 0.149659863946 6 294 61
213 18 -207.729833264 426.867231478 0.16 0.01 0.5 0.496296296296 30 270 61
215 8 -94.8416447618 201.090854473 0.005 0.406 nan 0.1 0 300 61
216 1 -99.8002411377 211.008047225 0.005 0.406 nan 0.12 0 300 61
217 16 -132.98032696 277.368218869 0.005 0.307 nan 0.17 0 300 61
218 3 -142.248833215 295.905231378 0.015 0.307 nan 0.206666666667 0 300 61
220 26 -75.6887051591 162.784975267 0.005 0.505 nan 0.0833333333333 0 300 61
221 3 -98.8449493266 209.097463603 0.065 1.0 0.611111111111 0.159574468085 18 282 61
223 15 -81.7484357364 174.904436422 0.005 0.505 nan 0.0966666666667 0 300 61
225 4 -126.770761443 264.949087836 0.025 0.406 nan 0.196666666667 0 300 61
226 22 -142.072611853 295.552788656 0.02 0.307 0.5 0.211409395973 2 298 61
227 39 -137.118781902 285.645128753 0.005 0.208 nan 0.176666666667 0 300 61
228 12 -119.621237218 250.650039386 0.005 0.307 nan 0.146666666667 0 300 61
229 16 -134.454741381 280.31704771 0.005 0.307 nan 0.173333333333 0 300 61
230 8 -46.9865466323 105.380658214 0.005 0.802 nan 0.06 0 300 61
231 40 -146.86749208 305.142549108 0.025 0.307 0.428571428571 0.215017064846 7 293 61
232 7 -130.305374459 272.018313868 0.01 0.307 nan 0.176666666667 0 300 61
234 8 -88.830970352 189.069505653 0.005 0.406 nan 0.11 0 300 61
235 11 -156.418443416 324.244451781 0.005 0.208 nan 0.216666666667 0 300 61
236 12 -185.412773147 382.233111243 0.005 0.109 nan 0.306666666667 0 300 61
237 3 -147.63845746 306.684479869 0.005 0.208 nan 0.203333333333 0 300 61
238 25 -142.58646224 296.58048943 0.005 0.208 nan 0.186666666667 0 300 61
240 3 -104.73323979 220.874044529 0.005 0.406 nan 0.12 0 300 61
241 4 -140.781179681 292.969924311 0.005 0.208 nan 0.19 0 300 61
242 7 -61.5793898321 134.566344614 0.005 0.604 nan 0.0733333333333 0 300 61
243 13 -114.143188434 239.693941818 0.085 0.901 0.533333333333 0.177777777778 30 270 61
244 28 -157.508962964 326.425490878 0.01 0.208 0.5 0.224832214765 2 298 61
245 9 -121.691480355 254.790525659 0.06 0.604 0.7 0.2 10 290 61
247 15 -111.095077836 233.597720621 0.05 0.703 0.538461538462 0.142335766423 26 274 61
248 35 -190.416247097 392.240059144 0.01 0.109 nan 0.333333333333 0 300 61
253 4 -94.4514416649 200.310448279 0.01 0.505 nan 0.12 0 300 61
256 10 -126.901550876 265.210666702 0.005 0.307 nan 0.163333333333 0 300 61
257 24 -114.783828629 240.975222208 0.015 0.406 1.0 0.157190635452 1 299 61
258 8 -118.905447919 249.218460786 0.075 0.802 0.567567567568 0.163498098859 37 263 61
259 14 -51.4104123234 114.228389596 0.005 0.802 nan 0.0633333333333 0 300 61
260 13 -135.040330803 281.488226556 0.035 0.406 0.8 0.186206896552 10 290 61
261 7 -186.701757681 384.81108031 0.005 0.109 nan 0.313333333333 0 300 61
262 11 -136.725700667 284.858966283 0.015 0.307 nan 0.183333333333 0 300 61
263 8 -85.6561673352 182.71989962 0.005 0.505 nan 0.103333333333 0 300 61
264 3 -91.2691224639 193.945809877 0.005 0.406 nan 0.113333333333 0 300 61
1519 17 -116.514734469 244.437033888 0.07 0.802 0.612903225806 0.156133828996 31 269 61
1520 4 -125.774467683 262.956500315 0.005 0.307 nan 0.153333333333 0 300 61
1521 17 -134.05270024 279.512965429 0.01 0.307 nan 0.183333333333 0 300 61
1523 14 -140.057493809 291.522552568 0.04 0.406 0.857142857143 0.204778156997 7 293 61
1524 11 -150.318750545 312.04506604 0.04 0.307 0.235294117647 0.229681978799 17 283 61
1525 12 -138.804039246 289.015643441 0.025 0.307 1.0 0.207357859532 1 299 61
1526 11 -94.1613036215 199.730172192 0.005 0.406 nan 0.116666666667 0 300 61
1527 15 -142.819598053 297.046761056 0.03 0.307 1.0 0.214765100671 2 298 61
1528 2 -128.455857414 268.319279778 0.005 0.307 nan 0.16 0 300 61
1529 2 -97.6353007042 206.678166358 0.005 0.406 nan 0.123333333333 0 300 61
1530 15 -92.4801583525 196.367881654 0.005 0.406 nan 0.11 0 300 61
1531 10 -112.561249413 236.530063776 0.015 0.406 nan 0.156666666667 0 300 61
1532 15 -66.7086961801 144.824957309 0.005 0.604 nan 0.0766666666667 0 300 61
1533 22 -82.8494424543 177.106449858 0.005 0.505 nan 0.09 0 300 61
1534 19 -132.116087156 275.639739262 0.12 0.802 0.54 0.192 50 250 61
1535 15 -125.190947962 261.789460873 0.05 0.505 0.625 0.202054794521 8 292 61
1536 5 -119.018050615 249.443666179 0.03 0.505 0.5 0.163194444444 12 288 62
1537 12 -143.562251813 298.532068576 0.005 0.208 nan 0.193333333333 0 300 62
1538 32 -168.74035402 348.88827299 0.03 0.208 0.5 0.275167785235 2 298 62
1539 24 -107.55716754 226.52190003 0.005 0.307 nan 0.133333333333 0 300 62
1540 8 -146.304526996 304.016618942 0.005 0.208 nan 0.193333333333 0 300 62
1541 11 -138.73745851 288.882481969 0.135 0.703 0.657894736842 0.202290076336 38 262 62
1542 7 -122.364110898 256.135786745 0.03 0.505 0.375 0.171232876712 8 292 62
1543 7 -100.794408194 212.996381338 0.015 0.505 nan 0.143333333333 0 300 62
1544 13 -100.600358419 212.608281788 0.01 0.406 nan 0.123333333333 0 300 62
1545 25 -152.468685807 316.344936563 0.01 0.208 nan 0.22 0 300 62
1546 12 -115.000261076 241.408087101 0.005 0.307 nan 0.14 0 300 62
1547 23 -197.048511738 405.504588425 0.205 0.208 0.56862745098 0.377510040161 51 249 62
1549 27 -156.33625121 324.08006737 0.03 0.307 0.5 0.238095238095 6 294 62
1550 4 -130.81723958 273.04204411 0.015 0.307 nan 0.186666666667 0 300 62
1553 11 -126.497503495 264.402571939 0.05 0.505 0.625 0.183098591549 16 284 62
140 11 -84.706157337 180.819879623 0.005 0.505 nan 0.1 0 300 62
141 4 -105.646269248 222.700103444 0.02 0.505 0.5 0.139455782313 6 294 62
142 10 -106.564367464 224.536299877 0.005 0.307 nan 0.126666666667 0 300 62
143 21 -171.274564703 353.956694356 0.16 0.406 0.545454545455 0.281632653061 55 245 62
144 16 -77.737389111 166.882343171 0.005 0.505 nan 0.0933333333333 0 300 62
145 10 -101.401176011 214.209916971 0.005 0.406 nan 0.123333333333 0 300 62
146 24 -143.66296898 298.73350291 0.005 0.208 nan 0.19 0 300 62
147 11 -128.133028238 267.673621425 0.06 0.604 0.434782608696 0.187725631769 23 277 62
148 3 -146.355551042 304.118667034 0.03 0.307 nan 0.233333333333 0 300 62
149 5 -115.508104099 242.423773147 0.045 0.604 0.4375 0.165492957746 16 284 62
150 25 -157.341338665 326.09024228 0.005 0.208 nan 0.226666666667 0 300 62
151 21 -145.243061896 301.893688741 0.005 0.208 nan 0.196666666667 0 300 62
152 9 -87.727937846 186.863440641 0.005 0.406 nan 0.11 0 300 62
153 15 -170.413726224 352.235017398 0.14 0.406 0.516129032258 0.289962825279 31 269 62
154 3 -115.910408689 243.228382327 0.03 0.505 0.8 0.162711864407 5 295 62
155 0 -116.389174166 244.185913282 0.005 0.307 nan 0.136666666667 0 300 62
157 8 -142.528260238 296.464085426 0.005 0.208 nan 0.186666666667 0 300 62
158 9 -85.3918765933 182.191318136 0.015 0.703 0.25 0.102739726027 8 292 62
159 15 -78.4890238318 168.385612613 0.005 0.505 0.333333333333 0.0841750841751 3 297 62
160 29 -74.9373861084 161.282337166 0.01 0.703 1.0 0.0936454849498 1 299 62
161 4 -83.379817515 178.167199979 0.005 0.505 nan 0.1 0 300 62
162 19 -190.336348513 392.080261975 0.01 0.109 nan 0.33 0 300 62
163 3 -147.518483247 306.444531442 0.005 0.208 nan 0.21 0 300 62
164 2 -124.329014234 260.065593418 0.025 0.406 1.0 0.175084175084 3 297 62
165 12 -144.913658865 301.234882679 0.025 0.307 nan 0.223333333333 0 300 62
166 1 -95.7600011812 202.927567312 0.065 1.0 0.571428571429 0.160839160839 14 286 62
168 37 -120.1083835 251.624331949 0.005 0.307 nan 0.146666666667 0 300 62
170 12 -150.836906744 313.081378438 0.025 0.307 0.666666666667 0.222222222222 3 297 62
171 5 -124.548121788 260.503808525 0.01 0.307 nan 0.163333333333 0 300 62
172 9 -135.654494103 282.716553155 0.035 0.406 1.0 0.204697986577 2 298 62
173 5 -127.228663368 265.864891686 0.015 0.406 0.333333333333 0.16835016835 3 297 62
174 1 -146.9048034 305.21717175 0.005 0.208 nan 0.2 0 300 62
175 12 -101.754239635 214.91604422 0.005 0.406 nan 0.12 0 300 62
176 21 -127.557323436 266.522211822 0.165 1.0 0.634920634921 0.172995780591 63 237 62
177 40 -206.224351219 423.856267388 0.205 0.109 0.477272727273 0.44921875 44 256 62
178 8 -119.62815217 250.66386929 0.015 0.406 0.333333333333 0.161616161616 3 297 62
179 4 -143.982005713 299.371576374 0.05 0.406 0.473684210526 0.213523131673 19 281 62
180 8 -119.797510046 251.002585042 0.06 0.703 0.448275862069 0.166051660517 29 271 62
181 4 -116.596861703 244.601288355 0.1 0.901 0.55 0.176923076923 40 260 62
183 5 -133.183026275 277.7736175 0.005 0.307 nan 0.17 0 300 62
184 3 -161.458235288 334.324035526 0.01 0.208 nan 0.24 0 300 62
185 7 -92.5867995182 196.581163986 0.01 0.505 nan 0.12 0 300 62
186 11 -86.9039333504 185.21543165 0.005 0.406 nan 0.11 0 300 62
187 8 -104.350335489 220.108235928 0.01 0.406 nan 0.14 0 300 62
188 20 -161.767535775 334.9426365 0.01 0.208 nan 0.233333333333 0 300 62
189 3 -132.925483888 277.258532725 0.06 0.505 0.529411764706 0.208480565371 17 283 62
190 32 -180.200687529 371.808940007 0.04 0.208 0.833333333333 0.292517006803 6 294 62
192 7 -140.794882403 292.997329755 0.025 0.307 0.5 0.204081632653 6 294 62
193 2 -137.484708826 286.376982602 0.005 0.208 nan 0.183333333333 0 300 62
194 9 -59.1441854095 129.695935768 0.01 1.0 1.0 0.0673400673401 3 297 62
195 9 -159.414980523 330.237525994 0.015 0.208 0.25 0.233108108108 4 296 62
196 0 -112.640868274 236.689301498 0.025 0.505 1.0 0.167224080268 1 299 62
197 23 -185.305867231 382.019299412 0.065 0.208 0.833333333333 0.319727891156 6 294 62
198 8 -57.3640070126 126.135578974 0.005 0.703 nan 0.0666666666667 0 300 62
199 11 -121.415082465 254.237729879 0.045 0.604 0.35 0.175 20 280 62
200 22 -111.366634358 234.140833665 0.01 0.406 nan 0.14 0 300 62
202 17 -134.293457213 279.994479376 0.16 0.901 0.636363636364 0.166666666667 66 234 62
203 7 -108.157653967 227.722872884 0.005 0.307 nan 0.133333333333 0 300 62
204 22 -111.549229659 234.506024267 0.005 0.307 nan 0.13 0 300 62
206 32 -114.609882915 240.627330779 0.01 0.406 nan 0.146666666667 0 300 62
207 6 -77.9812499708 167.370064891 0.005 0.505 nan 0.0933333333333 0 300 62
208 34 -163.273832512 337.955229973 0.01 0.208 nan 0.24 0 300 62
212 1 -109.898968335 231.205501619 0.025 0.505 0.666666666667 0.146258503401 6 294 62
213 18 -207.947698706 427.302962362 0.205 0.01 0.475 0.496153846154 40 260 62
215 8 -97.1501708189 205.707906587 0.005 0.406 nan 0.12 0 300 62
216 1 -105.266369269 221.940303488 0.01 0.505 nan 0.133333333333 0 300 62
217 16 -131.799066604 275.005698157 0.01 0.307 nan 0.176666666667 0 300 62
218 3 -136.2434271 283.89441915 0.01 0.307 nan 0.186666666667 0 300 62
220 26 -89.8295313683 191.066627686 0.005 0.406 nan 0.106666666667 0 300 62
221 3 -105.001991174 221.411547298 0.06 1.0 0.484848484848 0.14606741573 33 267 62
223 15 -94.4465923724 200.300749694 0.005 0.406 1.0 0.103678929766 1 299 62
225 4 -135.303941822 282.015448593 0.04 0.406 0.384615384615 0.205574912892 13 287 62
226 22 -121.928401352 255.264367654 0.01 0.307 nan 0.166666666667 0 300 62
227 39 -152.206591993 315.820748935 0.01 0.208 nan 0.216666666667 0 300 62
228 12 -114.29157088 239.990706709 0.005 0.307 nan 0.143333333333 0 300 62
229 16 -121.216440849 253.840446647 0.005 0.307 nan 0.146666666667 0 300 62
230 8 -58.9103742061 129.228313362 0.005 0.703 nan 0.0766666666667 0 300 62
231 40 -162.810710345 337.028985639 0.01 0.208 0.5 0.234899328859 2 298 62
232 7 -109.939006569 231.285578087 0.02 0.505 1.0 0.153846153846 1 299 62
234 8 -101.133738363 213.675041676 0.005 0.406 nan 0.123333333333 0 300 62
235 11 -150.893438665 313.194442279 0.005 0.208 nan 0.2 0 300 62
236 12 -181.87409781 375.155760569 0.005 0.109 nan 0.3 0 300 62
237 3 -154.898757708 321.205080365 0.01 0.208 nan 0.226666666667 0 300 62
238 25 -158.019288072 327.446141093 0.015 0.208 nan 0.23 0 300 62
240 3 -105.32908942 222.06574379 0.005 0.406 nan 0.123333333333 0 300 62
241 4 -131.117266442 273.642097833 0.01 0.307 nan 0.18 0 300 62
242 7 -82.4780571095 176.363679168 0.005 0.505 1.0 0.0836120401338 1 299 62
243 13 -108.261019703 227.929604355 0.095 1.0 0.75 0.178571428571 20 280 62
244 28 -161.397924171 334.203413292 0.01 0.208 nan 0.246666666667 0 300 62
245 9 -121.622289595 254.652144138 0.085 0.802 0.516129032258 0.185873605948 31 269 62
247 15 -112.352957521 236.113479991 0.05 0.703 0.631578947368 0.160142348754 19 281 62
248 35 -191.440759152 394.289083253 0.025 0.109 1.0 0.342281879195 2 298 62
253 4 -89.5611594082 190.529883766 0.005 0.406 nan 0.103333333333 0 300 62
256 10 -107.085989277 225.579543502 0.005 0.307 nan 0.133333333333 0 300 62
257 24 -121.708455764 254.824476478 0.005 0.307 nan 0.156666666667 0 300 62
258 8 -125.027861097 261.463287144 0.095 0.802 0.533333333333 0.188888888889 30 270 62
259 14 -60.9295571992 133.266679348 0.005 0.703 nan 0.0733333333333 0 300 62
260 13 -137.025703667 285.458972284 0.035 0.406 0.6 0.203389830508 5 295 62
261 7 -177.151095304 365.709755558 0.005 0.109 nan 0.28 0 300 62
262 11 -131.215638103 273.838841156 0.01 0.307 nan 0.173333333333 0 300 62
263 8 -99.6272352356 210.66203542 0.005 0.406 nan 0.126666666667 0 300 62
264 3 -107.097167838 225.601900625 0.005 0.307 nan 0.13 0 300 62
1519 17 -112.891297588 237.190160124 0.085 0.901 0.653846153846 0.175182481752 26 274 62
1520 4 -110.056137551 231.519840052 0.005 0.307 nan 0.136666666667 0 300 62
1521 17 -143.256167385 297.919899719 0.03 0.307 0.333333333333 0.21768707483 6 294 62
1523 14 -133.940298026 279.288161002 0.03 0.406 0.352941176471 0.180212014134 17 283 62
1524 11 -140.274695673 291.956956296 0.02 0.307 0.4 0.2 5 295 62
1525 12 -118.688628726 248.7848224 0.06 0.802 0.485714285714 0.154716981132 35 265 62
1526 11 -108.664859663 228.737284275 0.005 0.307 nan 0.136666666667 0 300 62
1527 15 -144.327527321 300.062619591 0.02 0.307 1.0 0.208053691275 2 298 62
1528 2 -126.066653583 263.540872116 0.005 0.307 nan 0.163333333333 0 300 62
1529 2 -93.2617713639 197.931107677 0.01 0.505 nan 0.12 0 300 62
1530 15 -100.994571214 213.396707376 0.005 0.406 1.0 0.117056856187 1 299 62
1531 10 -113.590403155 238.58837126 0.015 0.406 0.5 0.147651006711 2 298 62
1532 15 -77.2228357451 165.853236439 0.005 0.604 nan 0.0933333333333 0 300 62
1533 22 -107.910200738 227.227966425 0.005 0.307 nan 0.13 0 300 62
1534 19 -141.855925117 295.119415184 0.095 0.505 0.631578947368 0.23487544484 19 281 62
1535 15 -130.814673309 273.036911568 0.065 0.604 0.647058823529 0.194346289753 17 283 62
1536 5 -118.534542064 248.476649078 0.045 0.604 0.6 0.18275862069 10 290 63
1537 12 -139.522224063 290.452013076 0.005 0.208 nan 0.18 0 300 63
1538 32 -153.478053965 318.363672879 0.04 0.307 0.8 0.224137931034 10 290 63
1539 24 -126.972766356 265.353097662 0.01 0.307 0.5 0.161073825503 2 298 63
1540 8 -152.134194012 315.675952974 0.005 0.208 nan 0.206666666667 0 300 63
1541 11 -139.039146799 289.485858548 0.105 0.604 0.651162790698 0.182879377432 43 257 63
1542 7 -133.845531801 279.098628552 0.015 0.307 1.0 0.190635451505 1 299 63
1543 7 -91.3213779484 194.050320846 0.025 0.703 0.444444444444 0.116838487973 9 291 63
1544 13 -117.498153438 246.403871825 0.005 0.307 nan 0.136666666667 0 300 63
1545 25 -140.101060976 291.609686901 0.015 0.307 0.333333333333 0.191919191919 3 297 63
1546 12 -106.660225872 224.728016693 0.005 0.307 nan 0.13 0 300 63
1547 23 -207.606937569 426.621440088 0.125 0.01 0.428571428571 0.5 14 286 63
1549 27 -136.496303529 284.400172007 0.015 0.307 1.0 0.1872909699 1 299 63
1550 4 -126.081370211 263.570305371 0.02 0.406 0.666666666667 0.178451178451 3 297 63
1553 11 -126.13363262 263.67483019 0.06 0.604 0.666666666667 0.18085106383 18 282 63
140 11 -93.7201840798 198.847933109 0.005 0.406 nan 0.113333333333 0 300 63
141 4 -115.64572384 242.69901263 0.015 0.406 0.5 0.154362416107 2 298 63
142 10 -99.4366066791 210.280778308 0.005 0.406 nan 0.12 0 300 63
143 21 -169.850770199 351.109105347 0.14 0.406 0.533333333333 0.292592592593 30 270 63
144 16 -62.1041631607 135.615891271 0.01 1.0 nan 0.08 0 300 63
145 10 -114.006321645 239.420208239 0.005 0.307 nan 0.133333333333 0 300 63
146 24 -148.236993103 307.881551156 0.01 0.208 nan 0.206666666667 0 300 63
147 11 -129.237926774 269.883418497 0.075 0.604 0.447368421053 0.18320610687 38 262 63
148 3 -139.966971372 291.341507693 0.04 0.406 0.666666666667 0.189473684211 15 285 63
149 5 -123.730810255 258.86918546 0.035 0.505 0.75 0.182432432432 4 296 63
150 25 -157.728423063 326.864411076 0.01 0.208 nan 0.23 0 300 63
151 21 -157.764779158 326.937123265 0.01 0.208 nan 0.23 0 300 63
152 9 -100.364258202 212.136081353 0.01 0.505 0.0 0.123745819398 1 299 63
153 15 -176.467226335 364.342017619 0.18 0.406 0.538461538462 0.306451612903 52 248 63
154 3 -120.465045274 252.337655497 0.045 0.604 0.363636363636 0.190311418685 11 289 63
155 0 -104.590207348 220.587979645 0.01 0.406 nan 0.133333333333 0 300 63
157 8 -145.018727265 301.445019479 0.005 0.208 nan 0.19 0 300 63
158 9 -76.6823419682 164.772248886 0.005 0.505 nan 0.0966666666667 0 300 63
159 15 -81.5275134357 174.462591821 0.01 0.604 0.4 0.0949152542373 5 295 63
160 29 -77.9656214114 167.338807772 0.005 0.505 nan 0.0966666666667 0 300 63
161 4 -78.7131613834 168.833887716 0.005 0.505 nan 0.0966666666667 0 300 63
162 19 -185.192826006 381.793216961 0.01 0.109 nan 0.32 0 300 63
163 3 -148.673352919 308.754270788 0.005 0.208 nan 0.206666666667 0 300 63
164 2 -131.487003198 274.381571346 0.015 0.307 0.333333333333 0.188552188552 3 297 63
165 12 -147.169726781 305.747018511 0.025 0.307 nan 0.226666666667 0 300 63
166 1 -113.993498019 239.394560988 0.05 0.703 0.631578947368 0.163701067616 19 281 63
168 37 -126.312079441 264.031723832 0.005 0.307 nan 0.156666666667 0 300 63
170 12 -144.319362026 300.046289001 0.075 0.505 0.464285714286 0.220588235294 28 272 63
171 5 -119.578419089 250.564403127 0.005 0.307 nan 0.15 0 300 63
172 9 -151.83276508 315.07309511 0.03 0.307 0.5 0.222602739726 8 292 63
173 5 -95.4382086141 202.283982177 0.02 0.604 0.4 0.132203389831 5 295 63
174 1 -164.114287073 339.636139094 0.015 0.208 0.25 0.25 4 296 63
175 12 -86.9731742778 185.353913505 0.005 0.505 nan 0.103333333333 0 300 63
176 21 -146.030107974 303.467780897 0.13 0.604 0.487804878049 0.235521235521 41 259 63
177 40 -207.934120965 427.27580688 0.2 0.01 0.525 0.488461538462 40 260 63
178 8 -111.227863221 233.863291391 0.04 0.703 0.52380952381 0.146953405018 21 279 63
179 4 -147.701235635 306.810036219 0.085 0.505 0.615384615385 0.222627737226 26 274 63
180 8 -122.708449041 256.824463031 0.07 0.703 0.809523809524 0.168458781362 21 279 63
181 4 -113.682723861 238.773012671 0.13 1.0 0.634146341463 0.173745173745 41 259 63
183 5 -113.149377854 237.706320656 0.005 0.307 nan 0.14 0 300 63
184 3 -161.830477184 335.068519317 0.02 0.208 nan 0.25 0 300 63
185 7 -93.0597571732 197.527079296 0.005 0.406 nan 0.1 0 300 63
186 11 -91.3507680909 194.109101131 0.005 0.406 nan 0.11 0 300 63
187 8 -104.798768286 221.005101522 0.01 0.406 nan 0.14 0 300 63
188 20 -144.444549322 300.296663593 0.005 0.208 nan 0.196666666667 0 300 63
189 3 -120.998743575 253.405052099 0.075 0.703 0.592592592593 0.18315018315 27 273 63
190 32 -186.674406977 384.756378903 0.095 0.208 0.375 0.345070422535 16 284 63
192 7 -148.880068489 309.167701928 0.03 0.307 0.428571428571 0.21843003413 7 293 63
193 2 -133.274463526 277.956492001 0.015 0.307 0.333333333333 0.178451178451 3 297 63
194 9 -56.3627470721 124.133059093 0.005 0.802 nan 0.07 0 300 63
195 9 -154.793067193 320.993699336 0.04 0.307 0.571428571429 0.238907849829 7 293 63
196 0 -108.176065499 227.759695947 0.025 0.505 nan 0.163333333333 0 300 63
197 23 -191.806821305 395.02120756 0.01 0.109 nan 0.336666666667 0 300 63
198 8 -60.0935818143 131.594728578 0.005 0.604 nan 0.07 0 300 63
199 11 -123.586885784 258.581336517 0.025 0.406 0.75 0.168918918919 4 296 63
200 22 -115.298713665 242.004992279 0.02 0.505 0.25 0.149305555556 12 288 63
202 17 -145.877553628 303.162672205 0.09 0.505 0.461538461538 0.233576642336 26 274 63
203 7 -116.527386319 244.462337588 0.005 0.307 nan 0.15 0 300 63
204 22 -113.133738881 237.675042711 0.005 0.307 nan 0.136666666667 0 300 63
206 32 -111.653786357 234.715137663 0.005 0.307 nan 0.13 0 300 63
207 6 -79.8395628946 171.086690739 0.005 0.505 nan 0.0966666666667 0 300 63
208 34 -140.444317822 292.296200593 0.005 0.208 nan 0.186666666667 0 300 63
212 1 -105.703505493 222.814575936 0.04 0.802 0.555555555556 0.145390070922 18 282 63
213 18 -208.440325718 428.288216385 0.205 0.01 0.45 0.534615384615 40 260 63
215 8 -93.4063202149 198.220205379 0.005 0.406 nan 0.103333333333 0 300 63
216 1 -87.3972527426 186.202070435 0.005 0.406 nan 0.103333333333 0 300 63
217 16 -152.762917413 316.933399775 0.005 0.208 nan 0.21 0 300 63
218 3 -144.50420073 300.41596641 0.02 0.307 0.333333333333 0.204081632653 6 294 63
220 26 -70.7486001538 152.904765257 0.005 0.604 nan 0.0866666666667 0 300 63
221 3 -104.707346624 220.822258198 0.07 1.0 0.575757575758 0.14606741573 33 267 63
223 15 -91.6556953039 194.718955557 0.005 0.505 nan 0.103333333333 0 300 63
225 4 -127.727103843 266.861772636 0.025 0.406 0.555555555556 0.164948453608 9 291 63
226 22 -141.026729087 293.461023123 0.005 0.208 nan 0.186666666667 0 300 63
227 39 -137.196907651 285.801380252 0.015 0.307 nan 0.186666666667 0 300 63
228 12 -125.782794326 262.973153601 0.005 0.307 nan 0.156666666667 0 300 63
229 16 -114.814508499 241.036581947 0.005 0.307 nan 0.146666666667 0 300 63
230 8 -60.2757678937 131.959100737 0.005 0.703 nan 0.0733333333333 0 300 63
231 40 -137.89388356 287.19533207 0.015 0.307 0.5 0.187919463087 2 298 63
232 7 -127.31808433 266.04373361 0.01 0.307 nan 0.173333333333 0 300 63
234 8 -98.5580937196 208.523752389 0.005 0.406 nan 0.116666666667 0 300 63
235 11 -138.971610175 289.3507853 0.005 0.208 nan 0.176666666667 0 300 63
236 12 -188.383771062 388.175107074 0.01 0.109 nan 0.326666666667 0 300 63
237 3 -156.819094869 325.045754687 0.005 0.208 nan 0.22 0 300 63
238 25 -139.850494115 291.10855318 0.005 0.208 nan 0.19 0 300 63
240 3 -103.902226321 219.212017592 0.005 0.307 nan 0.126666666667 0 300 63
241 4 -148.987382525 309.382329999 0.005 0.208 nan 0.206666666667 0 300 63
242 7 -71.6429269359 154.693418821 0.005 0.604 nan 0.0833333333333 0 300 63
243 13 -114.814536265 241.036637478 0.085 0.901 0.666666666667 0.159259259259 30 270 63
244 28 -151.735640449 314.878845848 0.01 0.208 nan 0.22 0 300 63
245 9 -113.577329191 238.562223332 0.06 0.802 0.586206896552 0.143911439114 29 271 63
247 15 -115.695729311 242.799023571 0.045 0.604 0.307692307692 0.174216027875 13 287 63
248 35 -195.689073333 402.785711614 0.005 0.109 nan 0.343333333333 0 300 63
253 4 -101.265829227 213.939223403 0.005 0.406 nan 0.123333333333 0 300 63
256 10 -120.908615992 253.224796933 0.005 0.307 nan 0.146666666667 0 300 63
257 24 -116.778064616 244.963694181 0.015 0.406 nan 0.16 0 300 63
258 8 -126.06092364 263.52941223 0.065 0.604 0.466666666667 0.20701754386 15 285 63
259 14 -52.5574991171 116.522563184 0.005 0.802 nan 0.0633333333333 0 300 63
260 13 -140.710281067 292.828127083 0.035 0.406 0.714285714286 0.204778156997 7 293 63
261 7 -179.219480205 369.84652536 0.005 0.109 nan 0.28 0 300 63
262 11 -129.819751703 271.047068356 0.01 0.307 nan 0.173333333333 0 300 63
263 8 -99.8241101794 211.055785308 0.005 0.406 nan 0.116666666667 0 300 63
264 3 -105.081907888 221.571380726 0.005 0.307 nan 0.13 0 300 63
1519 17 -120.070771022 251.549106993 0.09 0.802 0.483870967742 0.182156133829 31 269 63
1520 4 -118.30848263 248.024530209 0.005 0.307 nan 0.15 0 300 63
1521 17 -136.567935194 284.543435337 0.02 0.307 0.666666666667 0.198653198653 3 297 63
1523 14 -144.793908955 300.99538286 0.06 0.406 0.47619047619 0.215053763441 21 279 63
1524 11 -138.401338923 288.210242795 0.02 0.307 1.0 0.204013377926 1 299 63
1525 12 -146.64395286 304.69547067 0.03 0.307 1.0 0.224832214765 2 298 63
1526 11 -104.093309682 219.594184313 0.005 0.406 nan 0.123333333333 0 300 63
1527 15 -153.972123368 319.351811686 0.035 0.307 0.4 0.240677966102 5 295 63
1528 2 -110.048059852 231.503684654 0.005 0.307 nan 0.136666666667 0 300 63
1529 2 -98.5478843902 208.50333373 0.005 0.406 nan 0.11 0 300 63
1530 15 -90.18458171 191.776728369 0.005 0.406 nan 0.113333333333 0 300 63
1531 10 -112.815909137 237.039383223 0.01 0.406 nan 0.15 0 300 63
1532 15 -91.7382567924 194.884078534 0.005 0.505 nan 0.103333333333 0 300 63
1533 22 -87.1238201313 185.655205212 0.005 0.505 nan 0.103333333333 0 300 63
1534 19 -143.135599272 297.678763493 0.06 0.406 0.5 0.229166666667 12 288 63
1535 15 -134.476138673 280.359842296 0.05 0.505 0.473684210526 0.192170818505 19 281 63
1536 5 -117.72120303 246.84997101 0.075 0.802 0.633333333333 0.159259259259 30 270 64
1537 12 -148.197073582 307.801712113 0.02 0.307 0.5 0.209459459459 4 296 64
1538 32 -154.404918867 320.217402683 0.03 0.307 0.625 0.22602739726 8 292 64
1539 24 -116.739022679 244.885610307 0.005 0.307 nan 0.146666666667 0 300 64
1540 8 -152.750179402 316.907923753 0.005 0.208 nan 0.216666666667 0 300 64
1541 11 -136.959608364 285.326781678 0.11 0.703 0.58 0.18 50 250 64
1542 7 -131.943608715 275.294782379 0.01 0.307 nan 0.183333333333 0 300 64
1543 7 -107.624441506 226.656447962 0.015 0.505 nan 0.143333333333 0 300 64
1544 13 -121.425057881 254.257680712 0.005 0.307 nan 0.146666666667 0 300 64
1545 25 -137.086846914 285.581258777 0.02 0.307 0.0 0.185185185185 3 297 64
1546 12 -125.673295677 262.754156303 0.005 0.307 nan 0.156666666667 0 300 64
1547 23 -206.778222321 424.964009592 0.205 0.109 0.636363636364 0.47191011236 33 267 64
1549 27 -146.212693693 303.832952336 0.005 0.208 nan 0.196666666667 0 300 64
1550 4 -136.941949201 285.291463351 0.02 0.307 0.666666666667 0.188552188552 3 297 64
1553 11 -116.319570949 244.046706847 0.115 1.0 0.592592592593 0.150406504065 54 246 64
140 11 -72.3632434344 156.134051818 0.005 0.604 nan 0.0833333333333 0 300 64
141 4 -120.616971309 252.641507567 0.015 0.406 nan 0.17 0 300 64
142 10 -90.8627751956 193.133115341 0.01 0.505 nan 0.11 0 300 64
143 21 -165.882101572 343.171768094 0.07 0.307 0.52 0.261818181818 25 275 64
144 16 -73.6209958116 158.649556573 0.005 0.505 nan 0.0833333333333 0 300 64
145 10 -113.246132832 237.899830613 0.005 0.307 nan 0.133333333333 0 300 64
146 24 -140.131387727 291.670340404 0.005 0.208 nan 0.183333333333 0 300 64
147 11 -122.691906188 256.791377325 0.055 0.604 0.666666666667 0.185964912281 15 285 64
148 3 -141.855139234 295.117843417 0.055 0.406 0.545454545455 0.228373702422 11 289 64
149 5 -131.29873541 274.005035769 0.025 0.406 0.5 0.189189189189 4 296 64
150 25 -144.463577582 300.334720113 0.005 0.208 nan 0.196666666667 0 300 64
151 21 -146.842047024 305.091658997 0.005 0.208 nan 0.2 0 300 64
152 9 -107.385421736 226.17840842 0.005 0.406 nan 0.123333333333 0 300 64
153 15 -173.869909302 359.147383553 0.125 0.307 0.533333333333 0.3 30 270 64
154 3 -103.261700398 217.930965746 0.04 0.703 0.346153846154 0.142335766423 26 274 64
155 0 -119.100341677 249.608248304 0.005 0.307 nan 0.15 0 300 64
157 8 -158.645278519 328.698121987 0.01 0.208 nan 0.23 0 300 64
158 9 -67.5568641273 146.521293204 0.01 0.901 0.285714285714 0.0750853242321 7 293 64
159 15 -79.5060421159 170.419649181 0.005 0.505 nan 0.0933333333333 0 300 64
160 29 -75.3329981979 162.073561345 0.005 0.505 nan 0.0933333333333 0 300 64
161 4 -82.6167718451 176.64110864 0.005 0.505 nan 0.1 0 300 64
162 19 -190.031579921 391.470724792 0.01 0.109 nan 0.33 0 300 64
163 3 -154.185037433 319.777639815 0.01 0.208 nan 0.223333333333 0 300 64
164 2 -120.569885481 252.547335911 0.02 0.406 0.4 0.166101694915 5 295 64
165 12 -153.347012389 318.101589727 0.04 0.307 0.5 0.231034482759 10 290 64
166 1 -110.441578618 232.290722185 0.075 0.901 0.558823529412 0.157894736842 34 266 64
168 37 -120.782653266 252.972871481 0.005 0.307 nan 0.15 0 300 64
170 12 -137.024933898 285.457432744 0.045 0.406 0.666666666667 0.19587628866 9 291 64
171 5 -115.624454036 242.656473021 0.005 0.307 nan 0.14 0 300 64
172 9 -138.895706476 289.198977901 0.02 0.307 nan 0.21 0 300 64
173 5 -100.992522712 213.392610373 0.015 0.505 1.0 0.130434782609 1 299 64
174 1 -154.377798082 320.163161114 0.005 0.208 nan 0.216666666667 0 300 64
175 12 -102.287893621 215.98335219 0.005 0.406 nan 0.123333333333 0 300 64
176 21 -135.882419225 283.1724034 0.15 0.802 0.5 0.236641221374 38 262 64
177 40 -207.48105743 426.369679809 0.005 0.01 nan 0.473333333333 0 300 64
178 8 -119.841040254 251.089645456 0.015 0.406 nan 0.173333333333 0 300 64
179 4 -141.513505461 294.434575871 0.075 0.505 0.444444444444 0.208333333333 36 264 64
180 8 -123.470965244 258.349495438 0.065 0.703 0.541666666667 0.177536231884 24 276 64
181 4 -129.685850143 270.779265236 0.115 0.802 0.577777777778 0.188235294118 45 255 64
183 5 -102.640258132 216.688081213 0.005 0.406 nan 0.12 0 300 64
184 3 -151.978937254 315.365439458 0.005 0.208 nan 0.216666666667 0 300 64
185 7 -105.396065361 222.19969567 0.005 0.406 nan 0.133333333333 0 300 64
186 11 -96.7477558158 204.903076581 0.01 0.505 nan 0.12 0 300 64
187 8 -115.656239867 242.720044682 0.01 0.406 nan 0.153333333333 0 300 64
188 20 -156.101079896 323.609724742 0.01 0.208 nan 0.226666666667 0 300 64
189 3 -113.420149001 238.247862952 0.085 0.901 0.617647058824 0.154135338346 34 266 64
190 32 -179.328237208 370.064039366 0.04 0.208 0.25 0.301369863014 8 292 64
192 7 -149.117081484 309.641727918 0.05 0.406 0.533333333333 0.221052631579 15 285 64
193 2 -142.228797097 295.865159143 0.015 0.307 nan 0.21 0 300 64
194 9 -56.6125293402 124.63262363 0.005 0.703 nan 0.07 0 300 64
195 9 -148.584949723 308.577464395 0.01 0.208 nan 0.21 0 300 64
196 0 -112.122674233 235.652913415 0.025 0.505 0.5 0.15306122449 6 294 64
197 23 -181.707618111 374.822801171 0.005 0.109 nan 0.303333333333 0 300 64
198 8 -67.4391274981 146.285819946 0.005 0.604 nan 0.0766666666667 0 300 64
199 11 -103.885196146 219.177957242 0.03 0.604 0.4 0.162711864407 5 295 64
200 22 -123.507739014 258.423042978 0.005 0.307 nan 0.153333333333 0 300 64
202 17 -145.048447006 301.504458961 0.085 0.505 0.586206896552 0.214022140221 29 271 64
203 7 -101.156529747 213.720624443 0.005 0.406 nan 0.126666666667 0 300 64
204 22 -114.076215066 239.559995082 0.01 0.406 1.0 0.14381270903 1 299 64
206 32 -109.712680551 230.832926051 0.005 0.307 nan 0.133333333333 0 300 64
207 6 -66.4876168862 144.382798722 0.005 0.604 nan 0.0833333333333 0 300 64
208 34 -141.036062187 293.479689323 0.005 0.208 nan 0.186666666667 0 300 64
212 1 -111.487597544 234.382760037 0.035 0.604 0.625 0.164383561644 8 292 64
213 18 -206.801660357 425.010885663 0.005 0.01 nan 0.443333333333 0 300 64
215 8 -88.6581814185 188.723927786 0.005 0.505 nan 0.1 0 300 64
216 1 -94.8072025191 201.021969988 0.005 0.406 nan 0.113333333333 0 300 64
217 16 -142.7873324 296.982229749 0.005 0.208 nan 0.19 0 300 64
218 3 -139.624307978 290.656180906 0.005 0.208 nan 0.19 0 300 64
220 26 -92.7933826472 196.994330244 0.005 0.406 nan 0.116666666667 0 300 64
221 3 -104.210303846 219.82817264 0.07 1.0 0.631578947368 0.125954198473 38 262 64
223 15 -92.9302231406 197.26801123 0.01 0.505 0.5 0.107382550336 2 298 64
225 4 -118.615259946 248.638084841 0.04 0.604 0.545454545455 0.147482014388 22 278 64
226 22 -126.528679854 264.464924658 0.025 0.406 0.625 0.171232876712 8 292 64
227 39 -142.306472557 296.020510063 0.005 0.208 nan 0.196666666667 0 300 64
228 12 -119.237765786 249.883096522 0.005 0.307 nan 0.146666666667 0 300 64
229 16 -110.066896697 231.541358344 0.005 0.307 nan 0.133333333333 0 300 64
230 8 -50.4615799507 112.330724851 0.005 0.901 nan 0.06 0 300 64
