1536 5 -113.683171065 238.773907079 0.045 0.604 0.533333333333 0.164912280702 15 285 86
1537 12 -141.888896612 295.185358174 0.005 0.208 nan 0.193333333333 0 300 86
1538 32 -145.473394764 302.354354477 0.03 0.307 1.0 0.224832214765 2 298 86
1539 24 -97.2000994997 205.807763949 0.005 0.406 nan 0.113333333333 0 300 86
1540 8 -145.479456254 302.366477457 0.015 0.307 nan 0.203333333333 0 300 86
1541 11 -130.906647395 273.220859739 0.075 0.604 0.5 0.213768115942 24 276 86
1542 7 -143.927670356 299.262905661 0.02 0.307 1.0 0.204013377926 1 299 86
1543 7 -95.3434699369 202.094504823 0.015 0.505 nan 0.136666666667 0 300 86
1544 13 -108.661650487 228.730865922 0.005 0.406 nan 0.126666666667 0 300 86
1545 25 -162.163331365 335.73422768 0.005 0.208 nan 0.233333333333 0 300 86
1546 12 -113.03284718 237.473259309 0.005 0.307 nan 0.143333333333 0 300 86
1547 23 -206.788799175 424.985163299 0.005 0.01 nan 0.446666666667 0 300 86
1549 27 -147.487251122 306.382067193 0.005 0.208 nan 0.21 0 300 86
1550 4 -145.902960746 303.213486441 0.02 0.307 0.5 0.214765100671 2 298 86
1553 11 -112.040757645 235.48908024 0.09 1.0 0.588235294118 0.161654135338 34 266 86
140 11 -80.4461364947 172.299837939 0.005 0.505 nan 0.1 0 300 86
141 4 -102.898973218 217.205511384 0.035 0.802 0.571428571429 0.13986013986 14 286 86
142 10 -83.6316266138 178.670818177 0.005 0.505 nan 0.0966666666667 0 300 86
143 21 -178.668453964 368.744472877 0.13 0.307 0.564102564103 0.287356321839 39 261 86
144 16 -70.4976789754 152.4029229 0.005 0.604 nan 0.0833333333333 0 300 86
145 10 -113.050719702 237.509004354 0.005 0.307 nan 0.143333333333 0 300 86
146 24 -149.991091187 311.389747324 0.005 0.208 nan 0.21 0 300 86
147 11 -127.683077444 266.773719837 0.07 0.604 0.708333333333 0.18115942029 24 276 86
148 3 -136.614873437 284.637311823 0.045 0.406 0.727272727273 0.190311418685 11 289 86
149 5 -119.559234488 250.526033925 0.055 0.703 0.466666666667 0.159259259259 30 270 86
150 25 -142.605486044 296.618537038 0.005 0.208 nan 0.196666666667 0 300 86
151 21 -138.656811716 288.721188381 0.015 0.307 nan 0.19 0 300 86
152 9 -117.688408377 246.784381704 0.005 0.307 nan 0.136666666667 0 300 86
153 15 -155.038220028 321.484005005 0.14 0.505 0.575 0.246153846154 40 260 86
154 3 -110.951904061 233.311373071 0.035 0.604 0.6 0.165517241379 10 290 86
155 0 -119.951450934 251.310466818 0.005 0.307 nan 0.156666666667 0 300 86
157 8 -138.127126564 287.661818077 0.015 0.307 nan 0.193333333333 0 300 86
158 9 -68.2788574239 147.965279797 0.005 0.604 nan 0.0833333333333 0 300 86
159 15 -78.0360683513 167.479701652 0.005 0.505 nan 0.0866666666667 0 300 86
160 29 -91.262227806 193.932020561 0.005 0.406 nan 0.106666666667 0 300 86
161 4 -61.059616724 133.526798397 0.005 0.604 nan 0.0766666666667 0 300 86
162 19 -185.925449803 383.258464556 0.005 0.109 nan 0.31 0 300 86
163 3 -155.925455982 323.258476913 0.005 0.208 nan 0.22 0 300 86
164 2 -121.97613183 255.359828609 0.01 0.307 nan 0.166666666667 0 300 86
165 12 -146.639059246 304.685683442 0.06 0.406 0.777777777778 0.237113402062 9 291 86
166 1 -101.0005406 213.40864615 0.065 1.0 0.521739130435 0.15523465704 23 277 86
168 37 -114.431305593 240.270176135 0.005 0.307 nan 0.143333333333 0 300 86
170 12 -131.264174034 273.935913017 0.1 0.703 0.520833333333 0.18253968254 48 252 86
171 5 -126.082739071 263.573043092 0.005 0.307 nan 0.16 0 300 86
172 9 -134.830502931 281.068570811 0.02 0.307 nan 0.206666666667 0 300 86
173 5 -125.244609848 261.896784646 0.005 0.307 nan 0.163333333333 0 300 86
174 1 -148.140505798 307.688576545 0.005 0.208 nan 0.203333333333 0 300 86
175 12 -74.4627672035 160.333099356 0.005 0.505 nan 0.0833333333333 0 300 86
176 21 -126.612351077 264.632267102 0.155 1.0 0.645161290323 0.223048327138 31 269 86
177 40 -208.056803337 427.521171623 0.205 0.01 0.560975609756 0.494208494208 41 259 86
178 8 -121.911668083 255.230901115 0.03 0.505 0.555555555556 0.171821305842 9 291 86
179 4 -143.977360471 299.362285891 0.07 0.505 0.571428571429 0.202205882353 28 272 86
180 8 -126.168800457 263.745165864 0.065 0.604 0.583333333333 0.197916666667 12 288 86
181 4 -125.202957116 261.813479181 0.09 0.802 0.64 0.192727272727 25 275 86
183 5 -108.712409726 228.832384401 0.005 0.307 nan 0.133333333333 0 300 86
184 3 -149.926980777 311.261526504 0.01 0.208 nan 0.216666666667 0 300 86
185 7 -91.7652888203 194.93814259 0.01 0.505 nan 0.126666666667 0 300 86
186 11 -99.4189345806 210.24543411 0.005 0.406 nan 0.12 0 300 86
187 8 -108.992036657 229.391638264 0.01 0.406 nan 0.146666666667 0 300 86
188 20 -136.993631296 285.394827541 0.015 0.307 nan 0.183333333333 0 300 86
189 3 -120.986493624 253.380552197 0.11 0.901 0.551020408163 0.163346613546 49 251 86
190 32 -189.507486561 390.422538071 0.025 0.109 1.0 0.33779264214 1 299 86
192 7 -139.549716794 290.506998538 0.02 0.307 0.571428571429 0.18771331058 7 293 86
193 2 -151.196931147 313.801427243 0.01 0.208 nan 0.216666666667 0 300 86
194 9 -62.8715126828 137.150590315 0.005 0.703 nan 0.08 0 300 86
195 9 -153.566451526 318.540468002 0.015 0.208 nan 0.233333333333 0 300 86
196 0 -99.7386845667 210.884934083 0.04 0.802 0.611111111111 0.131205673759 18 282 86
197 23 -185.025532165 381.458629279 0.005 0.109 nan 0.313333333333 0 300 86
198 8 -57.6595029071 126.726570764 0.005 0.604 nan 0.07 0 300 86
199 11 -109.088679426 229.584923801 0.025 0.505 0.333333333333 0.15306122449 6 294 86
200 22 -113.9025372 239.212639349 0.005 0.307 nan 0.143333333333 0 300 86
202 17 -169.050858642 349.509282234 0.1 0.307 0.558823529412 0.274436090226 34 266 86
203 7 -116.647771103 244.703107156 0.005 0.307 nan 0.146666666667 0 300 86
204 22 -131.98021925 275.368003449 0.01 0.307 0.25 0.168918918919 4 296 86
206 32 -116.216287793 243.840140536 0.005 0.307 nan 0.143333333333 0 300 86
207 6 -75.7452996431 162.898164236 0.005 0.505 nan 0.09 0 300 86
208 34 -139.138499064 289.684563077 0.005 0.208 nan 0.18 0 300 86
212 1 -104.891284945 221.190134839 0.035 0.703 0.636363636364 0.145328719723 11 289 86
213 18 -205.023702856 421.454970662 0.205 0.109 0.487179487179 0.452107279693 39 261 86
215 8 -94.5918877263 200.591340402 0.015 0.604 1.0 0.124161073826 2 298 86
216 1 -84.1997459929 179.807056935 0.005 0.505 nan 0.103333333333 0 300 86
217 16 -145.323620581 302.054806112 0.005 0.208 nan 0.193333333333 0 300 86
218 3 -137.513434693 286.434434335 0.015 0.307 nan 0.186666666667 0 300 86
220 26 -72.9892687098 157.386102369 0.005 0.604 nan 0.0866666666667 0 300 86
221 3 -107.904556219 227.216677386 0.065 0.901 0.583333333333 0.155797101449 24 276 86
223 15 -86.4452154218 184.297995793 0.005 0.406 nan 0.1 0 300 86
225 4 -122.950216072 257.307997093 0.02 0.406 nan 0.183333333333 0 300 86
226 22 -143.591713709 298.590992367 0.025 0.307 nan 0.213333333333 0 300 86
227 39 -146.500454206 304.408473361 0.005 0.208 nan 0.203333333333 0 300 86
228 12 -123.649879421 258.707323792 0.005 0.307 nan 0.15 0 300 86
229 16 -121.476726296 254.361017542 0.005 0.307 nan 0.156666666667 0 300 86
230 8 -49.1574768309 109.722518611 0.005 0.901 nan 0.0666666666667 0 300 86
231 40 -140.045615587 291.498796124 0.005 0.208 nan 0.186666666667 0 300 86
232 7 -116.486655219 244.380875388 0.015 0.406 1.0 0.153846153846 1 299 86
234 8 -100.190252672 211.788070294 0.005 0.406 nan 0.12 0 300 86
235 11 -141.842888214 295.093341378 0.005 0.208 nan 0.193333333333 0 300 86
236 12 -187.081991785 385.57154852 0.01 0.109 nan 0.323333333333 0 300 86
237 3 -144.731630893 300.870826735 0.005 0.208 nan 0.2 0 300 86
238 25 -142.673993497 296.755551943 0.005 0.208 nan 0.193333333333 0 300 86
240 3 -103.292397666 217.992360282 0.005 0.406 nan 0.126666666667 0 300 86
241 4 -151.063496263 313.534557475 0.005 0.208 nan 0.21 0 300 86
242 7 -80.49055195 172.388668849 0.005 0.505 nan 0.09 0 300 86
243 13 -112.893959694 237.195484336 0.08 0.901 0.6 0.154716981132 35 265 86
244 28 -161.635254195 334.678073338 0.02 0.208 0.2 0.24406779661 5 295 86
245 9 -119.515760751 250.439086452 0.1 1.0 0.576923076923 0.149193548387 52 248 86
247 15 -112.568266226 236.544097402 0.045 0.703 0.647058823529 0.159010600707 17 283 86
248 35 -177.532477654 366.472520257 0.005 0.109 nan 0.29 0 300 86
253 4 -102.079836216 215.567237381 0.005 0.406 nan 0.123333333333 0 300 86
256 10 -120.103863653 251.615292255 0.005 0.307 nan 0.146666666667 0 300 86
257 24 -108.587822019 228.583208987 0.025 0.604 0.333333333333 0.145833333333 12 288 86
258 8 -126.780153192 264.967871333 0.045 0.505 0.615384615385 0.184668989547 13 287 86
259 14 -54.1745016127 119.756568175 0.005 0.802 nan 0.0666666666667 0 300 86
260 13 -127.883850531 267.175266012 0.03 0.406 0.833333333333 0.180272108844 6 294 86
261 7 -184.321021396 380.049607742 0.06 0.208 0.545454545455 0.307958477509 11 289 86
262 11 -120.294858785 251.99728252 0.01 0.307 0.5 0.151006711409 2 298 86
263 8 -96.3835037188 204.174572387 0.005 0.406 nan 0.116666666667 0 300 86
264 3 -102.302065222 216.011695393 0.005 0.406 nan 0.116666666667 0 300 86
1519 17 -109.968910585 231.34538612 0.09 1.0 0.655172413793 0.166051660517 29 271 86
1520 4 -113.584527962 238.576620874 0.005 0.307 nan 0.14 0 300 86
1521 17 -145.334970814 302.077506577 0.02 0.307 0.142857142857 0.211604095563 7 293 86
1523 14 -144.19384316 299.795251268 0.03 0.307 0.714285714286 0.211604095563 7 293 86
1524 11 -150.128425851 311.664416651 0.025 0.307 0.5 0.208904109589 8 292 86
1525 12 -144.398423259 300.204411468 0.015 0.307 0.333333333333 0.20202020202 3 297 86
1526 11 -122.512958167 256.433481283 0.005 0.307 nan 0.15 0 300 86
1527 15 -136.783508212 284.974581373 0.03 0.406 0.4 0.193103448276 10 290 86
1528 2 -98.1887822384 207.785129426 0.005 0.406 nan 0.113333333333 0 300 86
1529 2 -98.4252276088 208.258020167 0.005 0.406 nan 0.123333333333 0 300 86
1530 15 -95.2367895201 201.88114399 0.005 0.406 nan 0.12 0 300 86
1531 10 -105.871163116 223.14989118 0.015 0.505 0.5 0.137583892617 2 298 86
1532 15 -65.6971436015 142.801852152 0.005 0.604 nan 0.08 0 300 86
1533 22 -82.1499264159 175.707417781 0.005 0.505 nan 0.0966666666667 0 300 86
1534 19 -142.980823562 297.369212072 0.1 0.604 0.605263157895 0.206106870229 38 262 86
1535 15 -131.903920672 275.215406293 0.045 0.505 0.388888888889 0.195035460993 18 282 86
1536 5 -110.11212845 231.631821849 0.05 0.703 0.5 0.171328671329 14 286 87
1537 12 -148.420491291 308.248547531 0.005 0.208 nan 0.203333333333 0 300 87
1538 32 -140.804975154 293.017515257 0.075 0.505 0.483870967742 0.208178438662 31 269 87
1539 24 -115.161043819 241.729652588 0.005 0.307 nan 0.143333333333 0 300 87
1540 8 -137.147263964 285.702092876 0.015 0.307 1.0 0.190635451505 1 299 87
1541 11 -140.569326763 292.546218476 0.095 0.604 0.64 0.214545454545 25 275 87
1542 7 -138.508732159 288.425029267 0.015 0.307 nan 0.2 0 300 87
1543 7 -89.3427129686 190.092990887 0.02 0.703 0.5 0.11301369863 8 292 87
1544 13 -111.744185522 234.895935993 0.005 0.307 nan 0.14 0 300 87
1545 25 -133.97868721 279.364939369 0.015 0.307 nan 0.183333333333 0 300 87
1546 12 -112.165192002 235.737948954 0.005 0.307 nan 0.133333333333 0 300 87
1547 23 -198.610802371 408.629169691 0.095 0.109 0.421052631579 0.391459074733 19 281 87
1549 27 -139.967348512 291.342261973 0.005 0.208 nan 0.193333333333 0 300 87
1550 4 -147.863959543 307.135484035 0.02 0.307 0.333333333333 0.207482993197 6 294 87
1553 11 -124.631440457 260.670445863 0.065 0.703 0.647058823529 0.190812720848 17 283 87
140 11 -72.1461417059 155.699848361 0.005 0.505 nan 0.0866666666667 0 300 87
141 4 -125.485826481 262.379217911 0.01 0.307 nan 0.176666666667 0 300 87
142 10 -105.682666696 222.772898341 0.005 0.406 nan 0.126666666667 0 300 87
143 21 -162.211634392 335.830833733 0.205 0.604 0.516666666667 0.275 60 240 87
144 16 -76.2572918652 163.92214868 0.005 0.505 nan 0.0866666666667 0 300 87
145 10 -118.676909345 248.761383639 0.005 0.307 nan 0.146666666667 0 300 87
146 24 -154.272905305 319.953375559 0.01 0.208 nan 0.226666666667 0 300 87
147 11 -126.819012062 265.045589073 0.05 0.505 0.7 0.193103448276 10 290 87
148 3 -156.212695392 323.832955734 0.04 0.307 0.625 0.229452054795 8 292 87
149 5 -119.176777151 249.761119251 0.02 0.406 1.0 0.170568561873 1 299 87
150 25 -149.790864795 310.98929454 0.005 0.208 nan 0.206666666667 0 300 87
151 21 -150.372017105 312.15159916 0.025 0.307 0.166666666667 0.21768707483 6 294 87
152 9 -89.9686686605 191.34490227 0.005 0.406 nan 0.1 0 300 87
153 15 -170.37367646 352.154917869 0.095 0.307 0.692307692308 0.299651567944 13 287 87
154 3 -128.831351285 269.070267519 0.025 0.406 0.5 0.194630872483 2 298 87
155 0 -119.134951281 249.677467511 0.005 0.307 nan 0.146666666667 0 300 87
157 8 -146.960247074 305.328059097 0.005 0.208 nan 0.2 0 300 87
158 9 -84.2639421226 179.935449194 0.005 0.505 nan 0.1 0 300 87
159 15 -83.2962024 177.999969749 0.005 0.505 nan 0.0933333333333 0 300 87
160 29 -79.4092036569 170.225972263 0.005 0.505 nan 0.0933333333333 0 300 87
161 4 -84.5413077002 180.49018035 0.005 0.505 nan 0.09 0 300 87
162 19 -178.924031824 369.255628598 0.005 0.109 nan 0.276666666667 0 300 87
163 3 -141.177795434 293.763155818 0.005 0.208 nan 0.186666666667 0 300 87
164 2 -127.146862856 265.701290661 0.025 0.406 1.0 0.183946488294 1 299 87
165 12 -134.070229238 279.548023426 0.06 0.505 0.55 0.185714285714 20 280 87
166 1 -119.19695475 249.80147445 0.05 0.604 0.434782608696 0.176895306859 23 277 87
168 37 -103.872167171 219.151899291 0.01 0.406 1.0 0.130434782609 1 299 87
170 12 -142.495346417 296.398257784 0.08 0.505 0.481481481481 0.216117216117 27 273 87
171 5 -114.821704409 241.050973767 0.005 0.307 nan 0.146666666667 0 300 87
172 9 -137.106266096 285.620097141 0.02 0.307 0.0 0.2 5 295 87
173 5 -109.810725178 231.029015306 0.01 0.406 nan 0.136666666667 0 300 87
174 1 -159.991742216 331.391049382 0.005 0.208 nan 0.226666666667 0 300 87
175 12 -106.08902287 223.585610689 0.005 0.406 nan 0.126666666667 0 300 87
176 21 -141.743487569 294.894540087 0.155 0.802 0.625 0.223076923077 40 260 87
177 40 -206.964593052 425.336751053 0.205 0.109 0.540540540541 0.467680608365 37 263 87
178 8 -111.24787062 233.90330619 0.02 0.505 0.5 0.161073825503 2 298 87
179 4 -144.91991907 301.24740309 0.06 0.406 0.636363636364 0.235294117647 11 289 87
180 8 -122.731435285 256.870435519 0.07 0.703 0.551724137931 0.177121771218 29 271 87
181 4 -125.411361888 262.230288725 0.11 0.802 0.529411764706 0.168674698795 51 249 87
183 5 -116.298289266 244.004143481 0.005 0.307 nan 0.143333333333 0 300 87
184 3 -154.304692719 320.016950387 0.03 0.307 0.4 0.227586206897 10 290 87
185 7 -81.9338372126 175.275239375 0.005 0.505 nan 0.0933333333333 0 300 87
186 11 -88.3674571322 188.142479214 0.005 0.406 nan 0.106666666667 0 300 87
187 8 -101.497715264 214.402995476 0.01 0.505 0.0 0.127946127946 3 297 87
188 20 -150.776947265 312.961459478 0.005 0.208 nan 0.216666666667 0 300 87
189 3 -126.298408586 264.004382122 0.06 0.604 0.65 0.182142857143 20 280 87
190 32 -200.070772016 411.549108981 0.025 0.109 nan 0.373333333333 0 300 87
192 7 -136.980766731 285.369098411 0.03 0.406 0.75 0.199324324324 4 296 87
193 2 -128.077299775 267.562164499 0.03 0.406 1.0 0.185810810811 4 296 87
194 9 -55.2412449488 121.890054847 0.005 0.703 nan 0.07 0 300 87
195 9 -140.600266225 292.608097399 0.015 0.307 nan 0.203333333333 0 300 87
196 0 -103.64503378 218.697632509 0.04 0.703 0.777777777778 0.154639175258 9 291 87
197 23 -192.1748407 395.75724635 0.03 0.109 0.25 0.35472972973 4 296 87
198 8 -70.440019799 152.287604547 0.005 0.604 nan 0.0833333333333 0 300 87
199 11 -108.294716417 227.996997783 0.04 0.703 0.636363636364 0.155709342561 11 289 87
200 22 -117.089538465 245.586641879 0.005 0.307 nan 0.143333333333 0 300 87
202 17 -149.422096219 310.251757387 0.155 0.604 0.733333333333 0.244444444444 30 270 87
203 7 -113.651662807 238.710890563 0.005 0.307 nan 0.14 0 300 87
204 22 -111.075618065 233.558801079 0.005 0.307 nan 0.133333333333 0 300 87
206 32 -103.697400559 218.802366068 0.01 0.505 1.0 0.123745819398 1 299 87
207 6 -73.9337903218 159.275145593 0.005 0.604 nan 0.0833333333333 0 300 87
208 34 -146.760564164 304.928693276 0.005 0.208 nan 0.2 0 300 87
212 1 -109.466043079 230.339651108 0.045 0.703 0.888888888889 0.158075601375 9 291 87
213 18 -207.792995692 426.993556334 0.005 0.01 nan 0.483333333333 0 300 87
215 8 -86.2098296713 183.827224292 0.005 0.406 nan 0.103333333333 0 300 87
216 1 -87.2052265989 185.818018147 0.005 0.406 nan 0.11 0 300 87
217 16 -149.106351015 309.620266979 0.005 0.208 nan 0.206666666667 0 300 87
218 3 -124.139523052 259.686611054 0.01 0.307 nan 0.166666666667 0 300 87
220 26 -74.140618459 159.688801867 0.005 0.505 nan 0.0866666666667 0 300 87
221 3 -109.732834742 230.873234434 0.1 1.0 0.592592592593 0.130081300813 54 246 87
223 15 -81.0594068627 173.526378675 0.005 0.505 nan 0.0966666666667 0 300 87
225 4 -131.854767353 275.117099655 0.03 0.406 0.444444444444 0.185567010309 9 291 87
226 22 -130.985166991 273.377898932 0.035 0.505 0.666666666667 0.182130584192 9 291 87
227 39 -141.586814456 294.581193862 0.015 0.307 0.5 0.192567567568 4 296 87
228 12 -113.865472652 239.138510253 0.005 0.307 nan 0.14 0 300 87
229 16 -102.742667994 216.892900938 0.005 0.406 nan 0.13 0 300 87
230 8 -55.5291080591 122.465781068 0.005 0.703 nan 0.0633333333333 0 300 87
231 40 -148.698055369 308.803675686 0.005 0.208 nan 0.2 0 300 87
232 7 -128.271679406 267.950923761 0.015 0.307 nan 0.183333333333 0 300 87
234 8 -90.5149312311 192.437427411 0.005 0.406 nan 0.11 0 300 87
235 11 -150.151790753 311.711146454 0.005 0.208 nan 0.213333333333 0 300 87
236 12 -178.261320228 367.930205405 0.005 0.109 nan 0.28 0 300 87
237 3 -131.928258767 275.264082483 0.005 0.208 nan 0.166666666667 0 300 87
238 25 -152.642658405 316.692881759 0.005 0.208 nan 0.213333333333 0 300 87
240 3 -91.2759443966 193.959453743 0.005 0.505 nan 0.103333333333 0 300 87
241 4 -129.539961945 270.48748884 0.01 0.307 nan 0.173333333333 0 300 87
242 7 -76.1046492319 163.616863413 0.01 0.703 nan 0.0966666666667 0 300 87
243 13 -111.38704363 234.18165221 0.095 1.0 0.607142857143 0.172794117647 28 272 87
244 28 -154.086222649 319.580010247 0.01 0.208 nan 0.23 0 300 87
245 9 -123.305795997 258.019156944 0.06 0.604 0.533333333333 0.19298245614 15 285 87
247 15 -109.006943913 229.421452774 0.04 0.703 0.5 0.166666666667 12 288 87
248 35 -192.782530881 396.972626712 0.01 0.109 nan 0.333333333333 0 300 87
253 4 -82.6049323833 176.617429716 0.01 0.604 nan 0.103333333333 0 300 87
256 10 -97.5424062054 206.49237736 0.02 0.703 0.4 0.124137931034 10 290 87
257 24 -98.2877843946 207.983133739 0.02 0.604 1.0 0.14381270903 1 299 87
258 8 -126.810241258 265.028047465 0.065 0.604 0.7 0.203448275862 10 290 87
259 14 -46.1470938112 103.701752572 0.005 0.901 nan 0.06 0 300 87
260 13 -151.571693755 314.55095246 0.01 0.208 nan 0.223333333333 0 300 87
261 7 -180.78100863 372.96958221 0.005 0.109 nan 0.293333333333 0 300 87
262 11 -137.43687151 286.281307969 0.01 0.307 nan 0.18 0 300 87
263 8 -104.66098203 220.729529008 0.005 0.406 nan 0.12 0 300 87
264 3 -113.68499461 238.777554169 0.005 0.307 nan 0.133333333333 0 300 87
1519 17 -116.771854603 244.951274156 0.125 1.0 0.56 0.164 50 250 87
1520 4 -114.535530923 240.478626796 0.005 0.307 nan 0.136666666667 0 300 87
1521 17 -139.768465049 290.944495046 0.02 0.307 0.571428571429 0.18771331058 7 293 87
1523 14 -131.110363925 273.6282928 0.02 0.307 nan 0.193333333333 0 300 87
1524 11 -135.273187993 281.953940936 0.035 0.406 1.0 0.204697986577 2 298 87
1525 12 -141.402409601 294.212384152 0.015 0.307 0.333333333333 0.195286195286 3 297 87
1526 11 -113.73435617 238.876277289 0.005 0.307 0.5 0.127516778523 2 298 87
1527 15 -136.737232797 284.882030542 0.03 0.406 0.375 0.183098591549 16 284 87
1528 2 -125.822907371 263.053379691 0.005 0.307 nan 0.156666666667 0 300 87
1529 2 -85.9510487555 183.30966246 0.005 0.406 nan 0.1 0 300 87
1530 15 -97.3813458257 206.170256601 0.005 0.406 nan 0.12 0 300 87
1531 10 -115.348980118 242.105525186 0.01 0.406 nan 0.15 0 300 87
1532 15 -86.0660337035 183.539632356 0.005 0.505 nan 0.103333333333 0 300 87
1533 22 -97.5357186761 206.479002301 0.005 0.406 nan 0.113333333333 0 300 87
1534 19 -122.792188228 256.991941405 0.095 0.802 0.51724137931 0.19557195572 29 271 87
1535 15 -124.208479201 259.824523351 0.045 0.505 0.625 0.188356164384 8 292 87
1536 5 -119.947652431 251.302869812 0.065 0.703 0.533333333333 0.189473684211 15 285 88
1537 12 -139.809396292 291.026357534 0.005 0.208 nan 0.19 0 300 88
1538 32 -165.050135286 341.507835521 0.065 0.307 0.5 0.262237762238 14 286 88
1539 24 -100.326961563 212.061488076 0.01 0.406 nan 0.133333333333 0 300 88
1540 8 -138.237290641 287.882146231 0.005 0.208 nan 0.186666666667 0 300 88
1541 11 -132.775286401 276.95813775 0.14 0.802 0.53488372093 0.214007782101 43 257 88
1542 7 -143.68987638 298.787317709 0.015 0.307 nan 0.213333333333 0 300 88
1543 7 -92.6449004936 196.697365936 0.02 0.604 0.666666666667 0.138047138047 3 297 88
1544 13 -108.079395208 227.566355365 0.005 0.307 nan 0.133333333333 0 300 88
1545 25 -161.852773776 335.113112501 0.01 0.208 nan 0.24 0 300 88
1546 12 -123.994283282 259.396131513 0.01 0.307 nan 0.163333333333 0 300 88
1547 23 -206.935466464 425.278497877 0.005 0.01 nan 0.45 0 300 88
1549 27 -138.411553513 288.230671975 0.01 0.307 nan 0.186666666667 0 300 88
1550 4 -133.487634504 278.382833956 0.03 0.406 0.444444444444 0.189003436426 9 291 88
1553 11 -139.837460329 291.082485607 0.055 0.406 0.5 0.214788732394 16 284 88
140 11 -83.3907626275 178.189090204 0.005 0.505 nan 0.103333333333 0 300 88
141 4 -110.808730444 233.025025838 0.015 0.406 nan 0.153333333333 0 300 88
142 10 -91.4468722637 194.301309477 0.005 0.406 nan 0.106666666667 0 300 88
143 21 -159.035838343 329.479241635 0.17 0.505 0.533333333333 0.254166666667 60 240 88
144 16 -85.9908182753 183.3892015 0.005 0.505 nan 0.1 0 300 88
145 10 -114.67020391 240.747972768 0.005 0.307 nan 0.14 0 300 88
146 24 -142.819109586 297.04578412 0.005 0.208 nan 0.186666666667 0 300 88
147 11 -126.913519699 265.234604348 0.065 0.604 0.666666666667 0.189473684211 15 285 88
148 3 -138.27779675 287.96315845 0.035 0.406 0.666666666667 0.200680272109 6 294 88
149 5 -114.646741772 240.701048493 0.04 0.604 0.533333333333 0.157894736842 15 285 88
150 25 -147.834444751 307.076454452 0.005 0.208 nan 0.2 0 300 88
151 21 -152.333011714 316.073588376 0.01 0.208 nan 0.216666666667 0 300 88
152 9 -95.4206198038 202.248804557 0.005 0.406 0.142857142857 0.105802047782 7 293 88
153 15 -166.735880736 344.87932642 0.15 0.406 0.487804878049 0.277992277992 41 259 88
154 3 -122.744168613 256.895902175 0.04 0.505 0.545454545455 0.176470588235 11 289 88
155 0 -109.251491891 229.910548732 0.005 0.307 nan 0.13 0 300 88
157 8 -151.85351249 315.11458993 0.01 0.208 nan 0.22 0 300 88
158 9 -83.9585701616 179.324705272 0.005 0.505 nan 0.103333333333 0 300 88
159 15 -70.6336815398 152.674928029 0.005 0.505 nan 0.09 0 300 88
160 29 -77.797454928 167.002474805 0.005 0.505 1.0 0.0869565217391 1 299 88
161 4 -68.972726518 149.353017985 0.005 0.604 nan 0.0833333333333 0 300 88
162 19 -176.751597868 364.910760686 0.03 0.208 1.0 0.279461279461 3 297 88
163 3 -154.251942698 319.911450346 0.01 0.208 nan 0.223333333333 0 300 88
164 2 -116.730819736 244.869204421 0.03 0.505 0.8 0.159322033898 5 295 88
165 12 -146.724665062 304.856895073 0.05 0.406 0.666666666667 0.233676975945 9 291 88
166 1 -115.082923463 241.573411875 0.05 0.703 0.45 0.178571428571 20 280 88
168 37 -101.878742215 215.16504938 0.01 0.406 1.0 0.127090301003 1 299 88
170 12 -142.893503218 297.194571386 0.05 0.406 0.6 0.210526315789 15 285 88
171 5 -125.05407948 261.51572391 0.005 0.307 nan 0.16 0 300 88
172 9 -134.443274594 280.294114137 0.02 0.307 nan 0.2 0 300 88
173 5 -113.084381728 237.576328406 0.005 0.307 nan 0.143333333333 0 300 88
174 1 -154.336875619 320.081316186 0.005 0.208 nan 0.22 0 300 88
175 12 -86.9306795135 185.268923976 0.005 0.406 nan 0.106666666667 0 300 88
176 21 -141.904581564 295.216728076 0.145 0.703 0.585365853659 0.220077220077 41 259 88
177 40 -208.03535553 427.478276009 0.205 0.01 0.51724137931 0.523985239852 29 271 88
178 8 -138.381071062 288.169707073 0.015 0.307 nan 0.193333333333 0 300 88
179 4 -145.992679019 303.392922987 0.065 0.406 0.444444444444 0.219858156028 18 282 88
180 8 -113.633829477 238.675223902 0.065 0.703 0.888888888889 0.185567010309 9 291 88
181 4 -131.071122983 273.549810914 0.11 0.703 0.545454545455 0.1953125 44 256 88
183 5 -122.371375231 256.150315411 0.01 0.307 nan 0.16 0 300 88
184 3 -150.757291151 312.922147251 0.005 0.208 nan 0.21 0 300 88
185 7 -77.9338852759 167.275335501 0.01 0.703 nan 0.0966666666667 0 300 88
186 11 -99.6251934892 210.657951928 0.015 0.505 0.25 0.128378378378 4 296 88
187 8 -113.103821998 237.615208946 0.005 0.307 nan 0.143333333333 0 300 88
188 20 -160.351377679 332.110320308 0.01 0.208 nan 0.23 0 300 88
189 3 -133.564999375 278.537563699 0.08 0.604 0.566666666667 0.188888888889 30 270 88
190 32 -182.398327731 376.204220411 0.005 0.109 nan 0.3 0 300 88
192 7 -153.12768454 317.66293403 0.015 0.208 0.4 0.216949152542 5 295 88
193 2 -123.34932582 258.10621659 0.02 0.406 1.0 0.167224080268 1 299 88
194 9 -59.4482094495 130.303983848 0.005 0.604 nan 0.0766666666667 0 300 88
195 9 -158.297562552 328.002690054 0.015 0.208 1.0 0.23745819398 1 299 88
196 0 -110.099090909 231.605746767 0.03 0.505 0.75 0.158783783784 4 296 88
197 23 -188.667565769 388.742696488 0.01 0.109 nan 0.323333333333 0 300 88
198 8 -71.6251435968 154.657852143 0.005 0.604 0.25 0.0743243243243 4 296 88
199 11 -111.237130459 233.881825867 0.02 0.505 1.0 0.160535117057 1 299 88
200 22 -113.992822411 239.393209772 0.005 0.307 nan 0.146666666667 0 300 88
202 17 -132.880454248 277.168473446 0.11 0.703 0.510638297872 0.201581027668 47 253 88
203 7 -117.514934324 246.437433597 0.005 0.307 nan 0.143333333333 0 300 88
204 22 -119.710784331 250.829133612 0.005 0.307 nan 0.15 0 300 88
206 32 -112.968491082 237.344547113 0.005 0.307 nan 0.14 0 300 88
207 6 -83.3239674914 178.055499932 0.005 0.505 nan 0.103333333333 0 300 88
208 34 -151.639595858 314.686756666 0.01 0.208 nan 0.216666666667 0 300 88
212 1 -112.79082908 236.98922311 0.035 0.604 0.583333333333 0.159722222222 12 288 88
213 18 -208.010646848 427.428858646 0.205 0.01 0.571428571429 0.498113207547 35 265 88
215 8 -105.274749919 221.957064787 0.005 0.406 nan 0.12 0 300 88
216 1 -100.567171312 212.541907573 0.005 0.406 nan 0.116666666667 0 300 88
217 16 -146.503944531 304.415454012 0.005 0.208 nan 0.2 0 300 88
218 3 -134.816785532 281.041136013 0.015 0.307 nan 0.19 0 300 88
220 26 -67.1576657497 145.722896449 0.005 0.604 nan 0.0833333333333 0 300 88
221 3 -110.975190563 233.357946076 0.08 1.0 0.560975609756 0.146718146718 41 259 88
223 15 -99.8771624018 211.161889753 0.005 0.406 nan 0.116666666667 0 300 88
225 4 -117.630110232 246.667785412 0.03 0.505 0.8 0.169491525424 5 295 88
226 22 -135.757985443 282.923535836 0.015 0.307 1.0 0.190635451505 1 299 88
227 39 -151.815732227 315.039029404 0.005 0.208 nan 0.21 0 300 88
228 12 -120.949761659 253.307088268 0.005 0.307 nan 0.15 0 300 88
229 16 -128.261307486 267.930179922 0.005 0.307 nan 0.153333333333 0 300 88
230 8 -48.1497687694 107.707102488 0.005 1.0 nan 0.06 0 300 88
231 40 -133.068513173 277.544591296 0.01 0.307 nan 0.176666666667 0 300 88
232 7 -130.768704506 272.944973961 0.01 0.307 nan 0.16 0 300 88
234 8 -85.236299662 181.880164273 0.005 0.406 nan 0.0966666666667 0 300 88
235 11 -141.338089949 294.083744847 0.005 0.208 nan 0.173333333333 0 300 88
236 12 -186.405735238 384.219035426 0.02 0.109 nan 0.323333333333 0 300 88
237 3 -160.407234676 332.222034302 0.01 0.208 nan 0.23 0 300 88
238 25 -138.744196986 288.895958921 0.005 0.208 nan 0.176666666667 0 300 88
240 3 -116.649034743 244.705634436 0.005 0.307 nan 0.14 0 300 88
241 4 -170.818748828 353.045062605 0.01 0.208 nan 0.243333333333 0 300 88
242 7 -78.7852241283 168.978013206 0.005 0.505 nan 0.0933333333333 0 300 88
243 13 -107.727425874 226.862416696 0.085 1.0 0.666666666667 0.161172161172 27 273 88
244 28 -159.744781299 330.897127547 0.01 0.208 nan 0.236666666667 0 300 88
