1536 5 -119.438311737 250.284188424 0.045 0.604 0.555555555556 0.185567010309 9 291 81
1537 12 -137.782080206 286.971725361 0.005 0.208 nan 0.183333333333 0 300 81
1538 32 -156.81176958 325.031104109 0.035 0.307 1.0 0.233108108108 4 296 81
1539 24 -114.907611333 241.222787616 0.005 0.307 nan 0.14 0 300 81
1540 8 -136.374946826 284.157458601 0.01 0.307 nan 0.183333333333 0 300 81
1541 11 -121.559844016 254.527252981 0.12 1.0 0.574074074074 0.162601626016 54 246 81
1542 7 -125.424929985 262.257424919 0.04 0.505 0.52380952381 0.164874551971 21 279 81
1543 7 -103.739323403 218.886211755 0.015 0.505 nan 0.15 0 300 81
1544 13 -114.62226689 240.652098729 0.005 0.307 nan 0.143333333333 0 300 81
1545 25 -147.61117899 306.629922928 0.005 0.208 nan 0.203333333333 0 300 81
1546 12 -118.919619569 249.246804087 0.005 0.307 nan 0.15 0 300 81
1547 23 -206.185666467 423.778897883 0.205 0.109 0.459459459459 0.475285171103 37 263 81
1549 27 -149.155109771 309.717784491 0.005 0.208 nan 0.206666666667 0 300 81
1550 4 -134.270187817 279.947940583 0.015 0.307 nan 0.19 0 300 81
1553 11 -123.417374575 258.242314099 0.065 0.604 0.533333333333 0.19649122807 15 285 81
140 11 -76.5976233271 164.602811603 0.005 0.505 nan 0.0933333333333 0 300 81
141 4 -128.688749842 268.785064633 0.015 0.307 nan 0.18 0 300 81
142 10 -84.9956266916 181.398818332 0.005 0.505 nan 0.0966666666667 0 300 81
143 21 -176.542285857 364.492136664 0.11 0.307 0.515151515152 0.299625468165 33 267 81
144 16 -72.3765129742 156.160590898 0.005 0.505 nan 0.0866666666667 0 300 81
145 10 -112.58636554 236.580296029 0.01 0.406 nan 0.143333333333 0 300 81
146 24 -151.965528792 315.338622534 0.005 0.208 nan 0.213333333333 0 300 81
147 11 -113.047506511 237.502577971 0.075 0.901 0.588235294118 0.157894736842 34 266 81
148 3 -136.017086707 283.441738363 0.02 0.307 nan 0.2 0 300 81
149 5 -114.666280735 240.740126419 0.055 0.703 0.461538461538 0.160583941606 26 274 81
150 25 -138.650816068 288.709197085 0.015 0.307 nan 0.19 0 300 81
151 21 -151.764568819 314.936702588 0.005 0.208 nan 0.216666666667 0 300 81
152 9 -92.4542758742 196.316116698 0.005 0.406 nan 0.106666666667 0 300 81
153 15 -180.827688757 373.062942462 0.075 0.208 0.571428571429 0.297491039427 21 279 81
154 3 -123.618067607 258.643700162 0.025 0.406 0.666666666667 0.166666666667 6 294 81
155 0 -107.643937914 226.695440778 0.01 0.406 0.5 0.130872483221 2 298 81
157 8 -140.379371132 292.166307214 0.005 0.208 nan 0.183333333333 0 300 81
158 9 -73.1074575151 157.62247998 0.005 0.604 nan 0.09 0 300 81
159 15 -84.3736015978 180.154768145 0.005 0.505 nan 0.1 0 300 81
160 29 -84.1475744338 179.702713817 0.005 0.505 nan 0.0966666666667 0 300 81
161 4 -77.9905941294 167.388753208 0.005 0.505 nan 0.0933333333333 0 300 81
162 19 -188.508911468 388.425387886 0.015 0.109 nan 0.336666666667 0 300 81
163 3 -144.181611986 299.770788922 0.005 0.208 nan 0.19 0 300 81
164 2 -101.415968308 214.239501565 0.05 0.901 0.51724137931 0.129151291513 29 271 81
165 12 -142.347156305 296.101877559 0.05 0.406 0.571428571429 0.20979020979 14 286 81
166 1 -111.139594891 233.686754732 0.05 0.703 0.684210526316 0.153024911032 19 281 81
168 37 -120.840619457 253.088803863 0.005 0.307 nan 0.156666666667 0 300 81
170 12 -144.050796142 299.509157233 0.05 0.406 0.571428571429 0.213286713287 14 286 81
171 5 -107.583032628 226.573630204 0.005 0.307 nan 0.126666666667 0 300 81
172 9 -140.468679688 292.344924325 0.02 0.307 0.666666666667 0.198653198653 3 297 81
173 5 -109.617572182 230.642709312 0.01 0.406 nan 0.14 0 300 81
174 1 -148.436150048 308.279865045 0.005 0.208 nan 0.203333333333 0 300 81
175 12 -98.6750202303 208.75760541 0.005 0.406 nan 0.11 0 300 81
176 21 -128.197734478 267.803033906 0.15 1.0 0.642857142857 0.231617647059 28 272 81
177 40 -207.778210857 426.963986664 0.205 0.01 0.540540540541 0.494296577947 37 263 81
178 8 -126.141936399 263.691437747 0.015 0.406 0.25 0.168918918919 4 296 81
179 4 -140.15215958 291.711884109 0.05 0.406 0.5 0.213286713287 14 286 81
180 8 -119.317560412 250.042685773 0.08 0.802 0.575757575758 0.168539325843 33 267 81
181 4 -123.067751196 257.543067341 0.125 0.901 0.590909090909 0.1796875 44 256 81
183 5 -126.891251521 265.190067992 0.005 0.307 nan 0.156666666667 0 300 81
184 3 -158.380347197 328.168259343 0.01 0.208 nan 0.233333333333 0 300 81
185 7 -101.250737837 213.909040622 0.005 0.406 nan 0.126666666667 0 300 81
186 11 -87.8712308219 187.150026593 0.005 0.406 nan 0.11 0 300 81
187 8 -110.94923128 233.30602751 0.005 0.307 nan 0.136666666667 0 300 81
188 20 -143.511140867 298.429846683 0.02 0.307 0.666666666667 0.190476190476 6 294 81
189 3 -129.733720912 270.875006774 0.055 0.505 0.461538461538 0.205574912892 13 287 81
190 32 -193.924637174 399.256839297 0.015 0.109 nan 0.343333333333 0 300 81
192 7 -139.250890889 289.909346727 0.02 0.307 0.333333333333 0.208754208754 3 297 81
193 2 -126.756066917 264.919698783 0.01 0.307 nan 0.166666666667 0 300 81
194 9 -55.9854783291 123.378521608 0.005 0.802 nan 0.0766666666667 0 300 81
195 9 -160.603142655 332.613850258 0.01 0.208 nan 0.23 0 300 81
196 0 -107.893114348 227.193793646 0.025 0.604 0.625 0.143835616438 8 292 81
197 23 -189.43144392 390.270452789 0.015 0.109 nan 0.326666666667 0 300 81
198 8 -64.13755697 139.682678889 0.005 0.604 nan 0.0766666666667 0 300 81
199 11 -106.140521169 223.688607288 0.02 0.505 nan 0.16 0 300 81
200 22 -115.525640291 242.458845531 0.005 0.307 nan 0.14 0 300 81
202 17 -151.130582516 313.668729982 0.11 0.505 0.558823529412 0.244360902256 34 266 81
203 7 -117.081070444 245.569705838 0.005 0.307 nan 0.14 0 300 81
204 22 -115.709521347 242.826607643 0.005 0.307 nan 0.15 0 300 81
206 32 -109.925480045 231.258525039 0.015 0.406 0.333333333333 0.141414141414 3 297 81
207 6 -76.6409798118 164.689524573 0.005 0.505 nan 0.09 0 300 81
208 34 -144.298858342 300.005281634 0.005 0.208 nan 0.2 0 300 81
212 1 -104.925908845 221.259382639 0.035 0.703 1.0 0.158249158249 3 297 81
213 18 -208.103018323 427.613601595 0.205 0.01 0.5625 0.526119402985 32 268 81
215 8 -105.797096869 223.001758687 0.005 0.406 nan 0.123333333333 0 300 81
216 1 -98.8535825853 209.11473012 0.005 0.406 nan 0.113333333333 0 300 81
217 16 -141.858795719 295.125156388 0.015 0.307 0.25 0.195945945946 4 296 81
218 3 -137.634274316 286.676113582 0.01 0.307 0.333333333333 0.188552188552 3 297 81
220 26 -66.7457656878 144.899096325 0.005 0.604 nan 0.0833333333333 0 300 81
221 3 -101.710280876 214.828126701 0.06 1.0 0.625 0.141304347826 24 276 81
223 15 -99.2023971611 209.812359272 0.005 0.406 nan 0.123333333333 0 300 81
225 4 -133.430574399 278.268713747 0.035 0.406 0.625 0.191780821918 8 292 81
226 22 -131.028577368 273.464719685 0.01 0.307 nan 0.18 0 300 81
227 39 -154.221336527 319.850238003 0.005 0.208 nan 0.22 0 300 81
228 12 -112.114533921 235.63663279 0.005 0.307 nan 0.14 0 300 81
229 16 -113.883128169 239.173821288 0.005 0.307 nan 0.136666666667 0 300 81
230 8 -46.5494907792 104.506546508 0.005 1.0 nan 0.06 0 300 81
231 40 -151.933655864 315.274876677 0.005 0.208 nan 0.21 0 300 81
232 7 -114.25772528 239.923015509 0.01 0.406 nan 0.153333333333 0 300 81
234 8 -89.1774381906 189.762441331 0.01 0.604 1.0 0.107023411371 1 299 81
235 11 -136.883432328 285.174429606 0.01 0.307 nan 0.186666666667 0 300 81
236 12 -174.654155647 360.715876243 0.02 0.208 nan 0.283333333333 0 300 81
237 3 -143.248241355 297.904047658 0.02 0.307 nan 0.203333333333 0 300 81
238 25 -161.457104017 334.321772983 0.01 0.208 nan 0.236666666667 0 300 81
240 3 -103.844210483 219.095985915 0.005 0.406 nan 0.126666666667 0 300 81
241 4 -133.402816413 278.213197774 0.005 0.307 nan 0.166666666667 0 300 81
242 7 -78.1870697485 167.781704446 0.005 0.505 nan 0.0966666666667 0 300 81
243 13 -113.740488985 238.88854292 0.095 1.0 0.625 0.171641791045 32 268 81
244 28 -134.34684864 280.10126223 0.04 0.406 0.4375 0.197183098592 16 284 81
245 9 -132.203417379 275.814399707 0.05 0.505 0.571428571429 0.199300699301 14 286 81
247 15 -128.06326566 267.534096268 0.03 0.406 0.4 0.196610169492 5 295 81
248 35 -189.250608402 389.908781753 0.005 0.109 1.0 0.314381270903 1 299 81
253 4 -87.2492823853 185.90612972 0.005 0.406 nan 0.0966666666667 0 300 81
256 10 -111.060264625 233.528094199 0.01 0.406 nan 0.143333333333 0 300 81
257 24 -112.789539211 236.986643372 0.015 0.406 1.0 0.14381270903 1 299 81
258 8 -120.606395056 252.620355061 0.07 0.703 0.59375 0.160447761194 32 268 81
259 14 -56.5306176558 124.468800261 0.005 0.802 nan 0.07 0 300 81
260 13 -146.326975653 304.061516254 0.055 0.406 0.5 0.214285714286 20 280 81
261 7 -196.712540159 404.832645266 0.03 0.109 0.666666666667 0.360269360269 3 297 81
262 11 -121.428601241 254.264767431 0.015 0.406 1.0 0.163879598662 1 299 81
263 8 -87.2201668715 185.847898692 0.005 0.406 nan 0.0966666666667 0 300 81
264 3 -88.0461775956 187.499920141 0.005 0.406 nan 0.106666666667 0 300 81
1519 17 -125.754820202 262.917205354 0.085 0.802 0.487179487179 0.176245210728 39 261 81
1520 4 -122.840742455 257.08904986 0.005 0.307 nan 0.16 0 300 81
1521 17 -134.498061134 280.403687217 0.02 0.307 nan 0.193333333333 0 300 81
1523 14 -133.883451698 279.174468346 0.035 0.406 0.666666666667 0.20202020202 3 297 81
1524 11 -143.193173732 297.793912414 0.005 0.208 nan 0.2 0 300 81
1525 12 -147.055973771 305.519512491 0.025 0.307 0.375 0.208904109589 8 292 81
1526 11 -103.848152012 219.103868973 0.01 0.406 nan 0.136666666667 0 300 81
1527 15 -143.321732725 298.051030399 0.025 0.307 1.0 0.205387205387 3 297 81
1528 2 -99.0338970341 209.475359017 0.015 0.505 nan 0.143333333333 0 300 81
1529 2 -90.1474511363 191.702467222 0.01 0.604 nan 0.11 0 300 81
1530 15 -96.8773460276 205.162257005 0.005 0.406 nan 0.113333333333 0 300 81
1531 10 -107.32011934 226.047803629 0.01 0.406 nan 0.143333333333 0 300 81
1532 15 -78.2394478021 167.886460554 0.005 0.505 nan 0.0933333333333 0 300 81
1533 22 -109.647104147 230.701773244 0.005 0.307 nan 0.133333333333 0 300 81
1534 19 -135.30630218 282.020169309 0.09 0.604 0.548387096774 0.197026022305 31 269 81
1535 15 -123.399158794 258.205882538 0.055 0.604 0.5 0.189285714286 20 280 81
1536 5 -112.791804122 236.991173194 0.05 0.703 0.47619047619 0.164874551971 21 279 82
1537 12 -150.697553301 312.802671552 0.005 0.208 nan 0.203333333333 0 300 82
1538 32 -146.519545183 304.446655316 0.06 0.406 0.533333333333 0.224561403509 15 285 82
1539 24 -117.032137711 245.471840371 0.005 0.307 nan 0.153333333333 0 300 82
1540 8 -150.011485473 311.430535895 0.005 0.208 nan 0.21 0 300 82
1541 11 -137.209271634 285.826108218 0.075 0.505 0.551724137931 0.19926199262 29 271 82
1542 7 -133.23538997 277.87834489 0.015 0.307 nan 0.196666666667 0 300 82
1543 7 -105.983578128 223.374721206 0.015 0.505 nan 0.156666666667 0 300 82
1544 13 -107.423557406 226.254679762 0.005 0.406 nan 0.13 0 300 82
1545 25 -141.637636332 294.682837613 0.005 0.208 nan 0.19 0 300 82
1546 12 -118.639546022 248.686656993 0.005 0.307 nan 0.143333333333 0 300 82
1547 23 -199.532662926 410.472890802 0.085 0.109 0.5 0.386524822695 18 282 82
1549 27 -152.43274959 316.27306413 0.01 0.208 0.5 0.221476510067 2 298 82
1550 4 -141.63929077 294.686146489 0.015 0.307 nan 0.2 0 300 82
1553 11 -114.773447323 240.954459595 0.075 0.802 0.513513513514 0.152091254753 37 263 82
140 11 -77.7353843173 166.878333584 0.005 0.505 nan 0.0933333333333 0 300 82
141 4 -116.334413886 244.07639272 0.015 0.406 0.5 0.157718120805 2 298 82
142 10 -88.2369667501 187.88149845 0.005 0.406 nan 0.103333333333 0 300 82
143 21 -157.654634534 326.716834018 0.195 0.604 0.559322033898 0.257261410788 59 241 82
144 16 -77.4892380133 166.386040976 0.005 0.505 nan 0.0933333333333 0 300 82
145 10 -114.510428917 240.428422784 0.005 0.307 nan 0.136666666667 0 300 82
146 24 -147.159250624 305.726066198 0.01 0.208 nan 0.21 0 300 82
147 11 -123.581427523 258.570419995 0.06 0.604 0.473684210526 0.185053380783 19 281 82
148 3 -128.138572911 267.684710772 0.05 0.505 0.421052631579 0.181494661922 19 281 82
149 5 -120.84362306 253.094811069 0.035 0.505 0.8 0.176271186441 5 295 82
150 25 -148.019207013 307.445978975 0.005 0.208 nan 0.21 0 300 82
151 21 -134.524666837 280.456898623 0.015 0.307 0.333333333333 0.185185185185 3 297 82
152 9 -103.402098618 218.211762186 0.005 0.406 nan 0.123333333333 0 300 82
153 15 -186.867124157 385.141813264 0.12 0.208 0.583333333333 0.344202898551 24 276 82
154 3 -117.079163752 245.565892453 0.04 0.604 0.666666666667 0.168384879725 9 291 82
155 0 -109.936332795 231.28023054 0.005 0.307 nan 0.13 0 300 82
157 8 -153.209960538 317.827486025 0.005 0.208 nan 0.216666666667 0 300 82
158 9 -87.1501820344 185.707929018 0.005 0.505 nan 0.1 0 300 82
159 15 -74.0765871695 159.560739288 0.005 0.505 nan 0.09 0 300 82
160 29 -85.659237213 182.726039375 0.005 0.505 nan 0.0933333333333 0 300 82
161 4 -83.1085302493 177.624625448 0.01 0.604 0.5 0.0973154362416 2 298 82
162 19 -189.711299933 390.830164816 0.09 0.208 0.647058823529 0.332155477032 17 283 82
163 3 -144.58157989 300.570724729 0.005 0.208 nan 0.196666666667 0 300 82
164 2 -123.071569306 257.550703561 0.025 0.406 1.0 0.183946488294 1 299 82
165 12 -150.234340201 311.876245352 0.04 0.307 0.625 0.229452054795 8 292 82
166 1 -111.624988777 234.657542504 0.07 0.802 0.642857142857 0.154411764706 28 272 82
168 37 -116.048289792 243.504144533 0.01 0.406 nan 0.156666666667 0 300 82
170 12 -141.809843084 295.027251117 0.045 0.406 0.571428571429 0.221843003413 7 293 82
171 5 -112.436263695 236.28009234 0.005 0.307 nan 0.136666666667 0 300 82
172 9 -149.561145512 310.529855974 0.01 0.208 nan 0.22 0 300 82
173 5 -110.710317296 232.828199541 0.01 0.406 nan 0.146666666667 0 300 82
174 1 -146.630781665 304.66912828 0.005 0.208 nan 0.2 0 300 82
175 12 -110.769638738 232.946842425 0.005 0.307 nan 0.133333333333 0 300 82
176 21 -137.100172606 285.607910161 0.135 0.703 0.641025641026 0.206896551724 39 261 82
177 40 -207.51883092 426.445226789 0.005 0.01 nan 0.456666666667 0 300 82
178 8 -124.367073021 260.141710992 0.02 0.406 1.0 0.174496644295 2 298 82
179 4 -140.848655259 293.104875467 0.075 0.505 0.592592592593 0.201465201465 27 273 82
180 8 -111.342419347 234.092403643 0.09 0.901 0.56 0.178181818182 25 275 82
181 4 -116.272493758 243.952552464 0.12 1.0 0.681818181818 0.1640625 44 256 82
183 5 -124.259888043 259.927341035 0.005 0.307 nan 0.156666666667 0 300 82
184 3 -155.694128464 322.795821877 0.01 0.208 0.5 0.221476510067 2 298 82
185 7 -94.5188425804 200.44525011 0.005 0.406 nan 0.113333333333 0 300 82
186 11 -110.178620868 231.764806685 0.005 0.307 nan 0.133333333333 0 300 82
187 8 -119.507142234 250.421849418 0.015 0.406 0.5 0.148648648649 4 296 82
188 20 -144.401950351 300.211465652 0.005 0.208 nan 0.2 0 300 82
189 3 -121.011604598 253.430774145 0.07 0.703 0.590909090909 0.187050359712 22 278 82
190 32 -183.851609904 379.110784757 0.005 0.109 nan 0.31 0 300 82
192 7 -141.97194455 295.351454049 0.015 0.307 0.333333333333 0.20202020202 3 297 82
193 2 -127.374288496 266.156141942 0.01 0.307 nan 0.17 0 300 82
194 9 -63.0286111966 137.464787342 0.005 0.703 nan 0.0733333333333 0 300 82
195 9 -152.026028941 315.459622832 0.01 0.208 nan 0.22 0 300 82
196 0 -114.594925099 240.597415148 0.05 0.703 0.55 0.160714285714 20 280 82
197 23 -190.055433381 391.51843171 0.01 0.109 nan 0.33 0 300 82
198 8 -64.4479667167 140.303498383 0.005 0.703 nan 0.0766666666667 0 300 82
199 11 -112.305920758 236.019406466 0.025 0.505 1.0 0.161073825503 2 298 82
200 22 -114.605139801 240.617844551 0.005 0.307 nan 0.143333333333 0 300 82
202 17 -149.312563418 310.032691786 0.1 0.505 0.558823529412 0.229323308271 34 266 82
203 7 -116.266114328 243.939793606 0.005 0.307 nan 0.143333333333 0 300 82
204 22 -126.729913023 264.867390996 0.005 0.307 nan 0.163333333333 0 300 82
206 32 -104.462029498 220.331623945 0.01 0.406 1.0 0.127090301003 1 299 82
207 6 -80.6151186814 172.637802312 0.005 0.505 nan 0.09 0 300 82
208 34 -151.894333234 315.196231417 0.005 0.208 nan 0.21 0 300 82
212 1 -100.209825743 211.827216436 0.02 0.505 0.5 0.14527027027 4 296 82
213 18 -206.943189606 425.293944161 0.205 0.109 0.526315789474 0.469465648855 38 262 82
215 8 -82.0260165531 175.459598056 0.005 0.505 nan 0.1 0 300 82
216 1 -92.3045917964 196.016748542 0.005 0.406 nan 0.106666666667 0 300 82
217 16 -144.097608282 299.602781514 0.005 0.208 1.0 0.1872909699 1 299 82
218 3 -146.438312478 304.284189905 0.02 0.307 1.0 0.211409395973 2 298 82
220 26 -59.1891134984 129.785791946 0.005 0.604 nan 0.07 0 300 82
221 3 -99.8303816663 211.068328282 0.075 1.0 0.5625 0.152985074627 32 268 82
223 15 -104.42175337 220.251071689 0.005 0.406 nan 0.123333333333 0 300 82
225 4 -130.355980798 272.119526546 0.015 0.307 nan 0.186666666667 0 300 82
226 22 -124.404211199 260.215987346 0.01 0.307 nan 0.17 0 300 82
227 39 -148.252690839 307.912946627 0.005 0.208 nan 0.2 0 300 82
228 12 -115.281672834 241.970910618 0.01 0.406 nan 0.153333333333 0 300 82
229 16 -125.155146737 261.717858424 0.005 0.307 nan 0.153333333333 0 300 82
230 8 -63.3502880092 138.108140968 0.005 0.703 nan 0.0766666666667 0 300 82
231 40 -156.175501359 323.758567668 0.01 0.208 nan 0.226666666667 0 300 82
232 7 -126.190395748 263.788356445 0.01 0.307 nan 0.166666666667 0 300 82
234 8 -91.8941855289 195.195936007 0.005 0.406 0.5 0.10067114094 2 298 82
235 11 -155.772633099 322.952831148 0.005 0.208 nan 0.213333333333 0 300 82
236 12 -185.88749919 383.18256333 0.005 0.109 nan 0.313333333333 0 300 82
237 3 -159.355756263 330.119077475 0.005 0.208 nan 0.22 0 300 82
238 25 -151.157141518 313.721847984 0.01 0.208 nan 0.213333333333 0 300 82
240 3 -100.524398276 212.456361501 0.005 0.406 nan 0.116666666667 0 300 82
241 4 -143.059295303 297.526155555 0.005 0.208 nan 0.196666666667 0 300 82
242 7 -93.5819311978 198.571427345 0.005 0.406 nan 0.116666666667 0 300 82
243 13 -119.876042734 251.159650418 0.095 0.901 0.633333333333 0.177777777778 30 270 82
244 28 -136.174452755 283.756470459 0.015 0.307 0.2 0.193220338983 5 295 82
245 9 -108.29259558 227.992756109 0.085 1.0 0.636363636364 0.153558052434 33 267 82
247 15 -112.51875207 236.445069089 0.06 0.802 0.481481481481 0.150183150183 27 273 82
248 35 -178.09483853 367.597242009 0.005 0.109 nan 0.286666666667 0 300 82
253 4 -90.5701049346 192.547774819 0.005 0.406 nan 0.11 0 300 82
256 10 -116.19185827 243.791281488 0.005 0.307 nan 0.146666666667 0 300 82
257 24 -109.510221953 230.428008856 0.015 0.505 0.3 0.141379310345 10 290 82
258 8 -122.557033789 256.521632527 0.11 0.901 0.586956521739 0.169291338583 46 254 82
259 14 -55.0933867776 121.594338505 0.005 0.703 nan 0.0633333333333 0 300 82
260 13 -118.900708494 249.208981938 0.05 0.604 0.5 0.177304964539 18 282 82
261 7 -179.632236881 370.672038712 0.005 0.109 nan 0.28 0 300 82
262 11 -114.447492218 240.302549384 0.015 0.406 0.5 0.154362416107 2 298 82
263 8 -96.3496592335 204.106883416 0.005 0.406 nan 0.116666666667 0 300 82
264 3 -100.084940099 211.577445147 0.01 0.505 nan 0.123333333333 0 300 82
1519 17 -123.586735102 258.581035154 0.05 0.505 1.0 0.2 5 295 82
1520 4 -112.344887235 236.097339419 0.005 0.307 nan 0.136666666667 0 300 82
1521 17 -135.91252641 283.232617769 0.02 0.307 1.0 0.187919463087 2 298 82
1523 14 -131.474872505 274.357309959 0.03 0.406 0.75 0.192567567568 4 296 82
1524 11 -141.271969975 293.9515049 0.02 0.307 nan 0.21 0 300 82
1525 12 -137.951608861 287.310782672 0.01 0.307 nan 0.19 0 300 82
1526 11 -97.0351229432 205.477810836 0.005 0.406 nan 0.116666666667 0 300 82
1527 15 -133.577924062 278.563413073 0.015 0.307 nan 0.196666666667 0 300 82
1528 2 -100.210145184 211.827855317 0.01 0.406 0.5 0.124161073826 2 298 82
1529 2 -80.2174982846 171.842561519 0.005 0.505 nan 0.0966666666667 0 300 82
1530 15 -95.4572774272 202.322119804 0.005 0.406 nan 0.113333333333 0 300 82
1531 10 -111.683602606 234.774770161 0.01 0.406 nan 0.153333333333 0 300 82
1532 15 -80.4241557101 172.25587637 0.005 0.505 nan 0.09 0 300 82
1533 22 -115.933457416 243.274479782 0.005 0.307 nan 0.14 0 300 82
1534 19 -139.52693074 290.461426429 0.11 0.604 0.510638297872 0.201581027668 47 253 82
1535 15 -128.907069315 269.221703579 0.075 0.604 0.653846153846 0.182481751825 26 274 82
1536 5 -114.147921064 239.703407077 0.06 0.802 0.481481481481 0.164835164835 27 273 83
1537 12 -151.130491221 313.668547392 0.01 0.208 nan 0.216666666667 0 300 83
1538 32 -154.958551477 321.324667904 0.045 0.307 0.875 0.236301369863 8 292 83
1539 24 -114.983861668 241.375288285 0.005 0.307 nan 0.14 0 300 83
1540 8 -134.320509029 280.048583006 0.005 0.208 nan 0.176666666667 0 300 83
1541 11 -130.96744592 273.342456789 0.105 0.802 0.557692307692 0.16935483871 52 248 83
1542 7 -135.104236638 281.616038224 0.015 0.307 0.5 0.181208053691 2 298 83
1543 7 -100.560480919 212.528526787 0.02 0.604 0.4 0.138983050847 5 295 83
1544 13 -116.929462043 245.266489034 0.005 0.307 nan 0.14 0 300 83
1545 25 -155.013753403 321.435071756 0.005 0.208 nan 0.213333333333 0 300 83
1546 12 -105.980929267 223.369423483 0.005 0.307 nan 0.13 0 300 83
1547 23 -206.26245799 423.932480929 0.205 0.109 0.585365853659 0.440154440154 41 259 83
1549 27 -130.236258257 271.880081464 0.005 0.307 nan 0.166666666667 0 300 83
1550 4 -143.884021605 299.17560816 0.02 0.307 0.333333333333 0.20202020202 3 297 83
1553 11 -131.956485867 275.320536684 0.095 0.703 0.633333333333 0.188888888889 30 270 83
140 11 -83.9484218158 179.304408581 0.005 0.505 nan 0.1 0 300 83
141 4 -121.346443233 254.100451416 0.015 0.406 nan 0.17 0 300 83
142 10 -95.3340360032 202.075636956 0.005 0.406 nan 0.12 0 300 83
143 21 -173.857180569 359.121926088 0.17 0.406 0.547169811321 0.291497975709 53 247 83
144 16 -76.4102338893 164.228032728 0.005 0.505 nan 0.0966666666667 0 300 83
145 10 -114.344428083 240.096421115 0.005 0.307 nan 0.143333333333 0 300 83
146 24 -158.521330451 328.45022585 0.01 0.208 nan 0.233333333333 0 300 83
147 11 -117.567777965 246.54312088 0.075 0.802 0.567567567568 0.155893536122 37 263 83
148 3 -132.009361149 275.426287247 0.075 0.604 0.424242424242 0.198501872659 33 267 83
149 5 -118.028039045 247.463643039 0.03 0.505 0.5 0.176870748299 6 294 83
150 25 -136.368868065 284.145301079 0.015 0.307 0.5 0.191275167785 2 298 83
151 21 -137.867754797 287.143074543 0.01 0.307 nan 0.183333333333 0 300 83
152 9 -105.766778997 222.941122942 0.005 0.406 nan 0.116666666667 0 300 83
153 15 -172.537402762 356.482370473 0.04 0.208 0.5 0.295302013423 2 298 83
154 3 -122.774524388 256.956613724 0.035 0.505 0.75 0.164383561644 8 292 83
155 0 -117.161955085 245.73147512 0.005 0.307 nan 0.15 0 300 83
157 8 -157.12625341 325.660071769 0.01 0.208 nan 0.226666666667 0 300 83
158 9 -86.1601222626 183.727809475 0.005 0.406 nan 0.103333333333 0 300 83
159 15 -74.4737523435 160.355069636 0.005 0.505 nan 0.0766666666667 0 300 83
160 29 -86.397222447 184.202009843 0.005 0.505 nan 0.1 0 300 83
161 4 -84.9552363097 181.318037569 0.005 0.406 nan 0.0966666666667 0 300 83
162 19 -179.705052463 370.817669874 0.04 0.208 0.333333333333 0.302721088435 6 294 83
163 3 -139.276386777 289.960338504 0.005 0.208 nan 0.186666666667 0 300 83
164 2 -124.451195858 260.309956665 0.035 0.505 0.384615384615 0.177700348432 13 287 83
165 12 -127.978390862 267.364346672 0.055 0.505 0.666666666667 0.178947368421 15 285 83
166 1 -105.285412486 221.978389921 0.06 0.901 0.52380952381 0.15770609319 21 279 83
168 37 -117.686641367 246.780847684 0.015 0.406 0.5 0.154362416107 2 298 83
170 12 -139.391370995 290.190306939 0.04 0.406 0.5 0.2 10 290 83
171 5 -120.027047247 251.461659443 0.005 0.307 nan 0.143333333333 0 300 83
172 9 -138.951143001 289.309850951 0.02 0.307 0.5 0.204697986577 2 298 83
173 5 -108.421017406 228.249599761 0.01 0.406 nan 0.14 0 300 83
174 1 -148.26718717 307.94193929 0.005 0.208 nan 0.2 0 300 83
175 12 -108.986701261 229.38096747 0.005 0.307 nan 0.126666666667 0 300 83
176 21 -138.409549795 288.22666454 0.155 0.802 0.513513513514 0.235741444867 37 263 83
177 40 -207.815081173 427.037727295 0.105 0.01 0.409090909091 0.496402877698 22 278 83
178 8 -130.483888255 272.37534146 0.01 0.307 nan 0.183333333333 0 300 83
179 4 -132.149958177 275.707481303 0.075 0.604 0.571428571429 0.194852941176 28 272 83
180 8 -111.635156293 234.677877535 0.1 1.0 0.547619047619 0.158914728682 42 258 83
181 4 -120.862958261 253.133481471 0.1 0.901 0.545454545455 0.17578125 44 256 83
183 5 -123.683225908 258.774016766 0.01 0.307 nan 0.16 0 300 83
184 3 -171.860069729 355.127704407 0.025 0.208 1.0 0.277591973244 1 299 83
185 7 -93.9250137438 199.257592437 0.005 0.406 nan 0.116666666667 0 300 83
186 11 -91.7081194736 194.823803896 0.005 0.406 nan 0.11 0 300 83
187 8 -102.101546086 215.610657122 0.015 0.505 0.666666666667 0.127946127946 3 297 83
188 20 -149.038718495 309.485001939 0.005 0.208 nan 0.21 0 300 83
189 3 -114.014041828 239.435648605 0.09 1.0 0.65625 0.160447761194 32 268 83
190 32 -180.148874492 371.705313933 0.005 0.109 nan 0.29 0 300 83
192 7 -141.72626455 294.860094049 0.005 0.208 nan 0.193333333333 0 300 83
193 2 -131.341957366 274.091479681 0.01 0.307 nan 0.18 0 300 83
194 9 -70.797187584 153.001940117 0.005 0.604 nan 0.0833333333333 0 300 83
195 9 -163.28826703 337.984099009 0.015 0.208 nan 0.24 0 300 83
196 0 -119.84946755 251.10650005 0.04 0.604 0.714285714286 0.174061433447 7 293 83
197 23 -190.642633172 392.692831293 0.11 0.208 0.484848484848 0.337078651685 33 267 83
198 8 -67.2542903015 145.916145552 0.005 0.604 nan 0.08 0 300 83
199 11 -117.260146676 245.927858301 0.025 0.505 0.294117647059 0.151943462898 17 283 83
200 22 -114.772744585 240.95305412 0.005 0.307 nan 0.136666666667 0 300 83
202 17 -133.1440834 277.695731749 0.125 0.802 0.595744680851 0.185770750988 47 253 83
203 7 -112.379140558 236.165846066 0.01 0.406 nan 0.146666666667 0 300 83
204 22 -117.520471223 246.448507396 0.005 0.307 nan 0.146666666667 0 300 83
206 32 -118.433893386 248.275351722 0.005 0.307 nan 0.15 0 300 83
207 6 -74.8539917987 161.115548547 0.005 0.505 nan 0.0933333333333 0 300 83
208 34 -159.254623306 329.91681156 0.01 0.208 1.0 0.224080267559 1 299 83
212 1 -99.6347858436 210.677136636 0.035 0.802 0.545454545455 0.148788927336 11 289 83
213 18 -206.619650521 424.64686599 0.205 0.109 0.571428571429 0.449612403101 42 258 83
215 8 -94.8527095638 201.112984077 0.005 0.406 nan 0.116666666667 0 300 83
216 1 -99.7072094756 210.821983901 0.005 0.406 nan 0.12 0 300 83
217 16 -154.239845142 319.887255233 0.005 0.208 nan 0.213333333333 0 300 83
218 3 -135.649113206 282.70579136 0.015 0.307 nan 0.186666666667 0 300 83
220 26 -90.0440220092 191.495608968 0.005 0.505 1.0 0.0903010033445 1 299 83
221 3 -103.009823 217.42721095 0.075 1.0 0.609756097561 0.127413127413 41 259 83
223 15 -89.1593158894 189.726196728 0.01 0.505 nan 0.113333333333 0 300 83
225 4 -132.602378281 276.612321511 0.04 0.505 0.333333333333 0.197916666667 12 288 83
226 22 -135.655246805 282.718058559 0.025 0.307 0.5 0.197986577181 2 298 83
227 39 -160.824586662 333.056738273 0.01 0.208 nan 0.24 0 300 83
228 12 -110.76286572 232.93329639 0.01 0.406 0.5 0.137583892617 2 298 83
229 16 -119.435417804 250.278400557 0.01 0.307 nan 0.153333333333 0 300 83
230 8 -58.7597506971 128.927066343 0.005 0.901 nan 0.0666666666667 0 300 83
231 40 -135.729395132 282.866355213 0.015 0.307 0.4 0.186440677966 5 295 83
232 7 -131.958193912 275.323952773 0.015 0.307 1.0 0.177257525084 1 299 83
234 8 -97.4185318161 206.244628582 0.005 0.406 nan 0.12 0 300 83
235 11 -144.695012791 300.797590532 0.005 0.208 nan 0.196666666667 0 300 83
236 12 -187.501188331 386.409941612 0.015 0.109 nan 0.326666666667 0 300 83
237 3 -141.703975691 294.815516332 0.005 0.208 nan 0.19 0 300 83
238 25 -147.960083872 307.327732692 0.005 0.208 nan 0.206666666667 0 300 83
240 3 -79.2337184708 169.875001891 0.005 0.505 nan 0.0933333333333 0 300 83
241 4 -148.706293055 308.82015106 0.005 0.208 nan 0.203333333333 0 300 83
242 7 -78.060467359 167.528499667 0.01 0.703 1.0 0.0936454849498 1 299 83
243 13 -112.401886844 236.211338637 0.1 1.0 0.5 0.152 50 250 83
244 28 -161.857192897 335.121950743 0.01 0.208 nan 0.243333333333 0 300 83
245 9 -123.263499172 257.934563293 0.045 0.505 1.0 0.191919191919 3 297 83
247 15 -134.348336501 280.104237951 0.035 0.406 0.5 0.211409395973 2 298 83
248 35 -182.940694641 377.288954232 0.05 0.208 0.5 0.315068493151 8 292 83
253 4 -94.8369040341 201.081373018 0.01 0.505 1.0 0.117056856187 1 299 83
256 10 -116.906451126 245.220467201 0.005 0.307 nan 0.15 0 300 83
257 24 -119.086872257 249.581309464 0.02 0.406 0.4 0.162711864407 5 295 83
258 8 -115.5426717 242.492908348 0.125 1.0 0.684210526316 0.179389312977 38 262 83
259 14 -42.0603679984 95.5283009461 0.005 1.0 nan 0.0566666666667 0 300 83
260 13 -130.314053844 272.035672637 0.04 0.505 0.4 0.185714285714 20 280 83
261 7 -180.19786617 371.80329729 0.005 0.109 nan 0.296666666667 0 300 83
262 11 -130.713951858 272.835468665 0.01 0.307 nan 0.176666666667 0 300 83
263 8 -101.595726165 214.599017279 0.005 0.406 nan 0.12 0 300 83
264 3 -99.0726009931 209.552766935 0.005 0.406 nan 0.123333333333 0 300 83
1519 17 -109.952505213 231.312575375 0.08 0.901 0.6 0.166666666667 30 270 83
1520 4 -113.874578162 239.156721274 0.005 0.307 nan 0.133333333333 0 300 83
1521 17 -128.517563646 268.442692241 0.02 0.406 nan 0.19 0 300 83
1523 14 -133.912423355 279.232411659 0.04 0.406 0.4 0.2 10 290 83
1524 11 -138.631329983 288.670224916 0.035 0.406 0.5 0.203448275862 10 290 83
1525 12 -136.324547277 284.056659503 0.035 0.406 0.333333333333 0.204081632653 6 294 83
1526 11 -114.623349579 240.654264106 0.005 0.307 nan 0.146666666667 0 300 83
1527 15 -148.184900649 307.777366247 0.02 0.307 0.333333333333 0.215488215488 3 297 83
1528 2 -131.150293301 273.708151551 0.005 0.307 nan 0.166666666667 0 300 83
1529 2 -80.8683499804 173.14426491 0.005 0.505 nan 0.0966666666667 0 300 83
1530 15 -83.4258803268 178.259325603 0.01 0.604 nan 0.103333333333 0 300 83
1531 10 -97.8940993217 207.195763593 0.015 0.604 0.5 0.130872483221 2 298 83
1532 15 -76.2354792636 163.878523477 0.01 0.703 nan 0.0933333333333 0 300 83
1533 22 -91.9649015773 195.337368104 0.01 0.505 1.0 0.113712374582 1 299 83
1534 19 -143.254943816 297.917452582 0.08 0.505 0.590909090909 0.226618705036 22 278 83
1535 15 -139.722261312 290.852087573 0.035 0.406 0.428571428571 0.204778156997 7 293 83
1536 5 -114.309350668 240.026266284 0.045 0.604 0.444444444444 0.168384879725 9 291 84
1537 12 -141.960161674 295.327888298 0.005 0.208 nan 0.186666666667 0 300 84
1538 32 -150.122956595 311.65347814 0.065 0.406 0.833333333333 0.232638888889 12 288 84
1539 24 -107.540354926 226.488274801 0.005 0.307 nan 0.13 0 300 84
1540 8 -152.576458206 316.560481362 0.005 0.208 nan 0.21 0 300 84
1541 11 -131.182398496 273.772361942 0.07 0.604 0.64 0.189090909091 25 275 84
1542 7 -141.474253074 294.356071098 0.015 0.307 nan 0.21 0 300 84
1543 7 -100.146027848 211.699620644 0.03 0.703 0.307692307692 0.1393728223 13 287 84
1544 13 -112.409727294 236.227019537 0.005 0.307 nan 0.136666666667 0 300 84
1545 25 -137.977900851 287.363366652 0.005 0.208 nan 0.19 0 300 84
1546 12 -111.479858398 234.367281745 0.005 0.307 nan 0.14 0 300 84
1547 23 -207.073214047 425.553993044 0.205 0.109 0.558823529412 0.477443609023 34 266 84
1549 27 -138.610036413 288.627637776 0.005 0.208 nan 0.183333333333 0 300 84
1550 4 -127.583236333 266.574037616 0.01 0.307 nan 0.166666666667 0 300 84
1553 11 -122.350509249 256.108583448 0.075 0.703 0.625 0.184782608696 24 276 84
140 11 -88.9869780593 189.381521068 0.005 0.406 nan 0.106666666667 0 300 84
141 4 -117.36901821 246.14560137 0.015 0.406 nan 0.166666666667 0 300 84
142 10 -106.41857269 224.24471033 0.005 0.406 nan 0.13 0 300 84
143 21 -175.623017529 362.653600007 0.095 0.307 0.521739130435 0.292418772563 23 277 84
144 16 -69.5483316551 150.50422826 0.005 0.604 nan 0.08 0 300 84
145 10 -124.260457928 259.928480805 0.005 0.307 nan 0.163333333333 0 300 84
146 24 -154.409921024 320.227406998 0.005 0.208 nan 0.216666666667 0 300 84
147 11 -132.611372475 276.6303099 0.04 0.406 0.416666666667 0.201388888889 12 288 84
148 3 -145.797077905 303.001720759 0.06 0.406 0.666666666667 0.237113402062 9 291 84
149 5 -136.594023322 284.595611594 0.015 0.307 0.5 0.191275167785 2 298 84
150 25 -154.41612363 320.239812209 0.005 0.208 nan 0.22 0 300 84
151 21 -148.466407757 308.340380464 0.005 0.208 nan 0.203333333333 0 300 84
152 9 -85.8814145644 183.170394078 0.005 0.505 nan 0.103333333333 0 300 84
153 15 -166.970657102 345.348879154 0.075 0.307 0.555555555556 0.27304964539 18 282 84
154 3 -116.684875858 244.777316665 0.035 0.505 0.666666666667 0.176870748299 6 294 84
155 0 -119.502461999 250.412488947 0.005 0.307 nan 0.146666666667 0 300 84
157 8 -148.096188766 307.599942481 0.005 0.208 nan 0.206666666667 0 300 84
158 9 -79.6311771719 170.669919293 0.005 0.505 nan 0.0933333333333 0 300 84
159 15 -58.5650656435 128.537696236 0.005 0.703 nan 0.0666666666667 0 300 84
160 29 -83.953363788 179.314292525 0.005 0.505 nan 0.0966666666667 0 300 84
161 4 -82.5569523648 176.521469679 0.005 0.505 nan 0.1 0 300 84
162 19 -178.492304763 368.392174475 0.005 0.109 nan 0.28 0 300 84
163 3 -137.963770489 287.335105928 0.005 0.208 nan 0.173333333333 0 300 84
164 2 -126.958725426 265.325015801 0.015 0.406 nan 0.176666666667 0 300 84
165 12 -135.344776842 282.097118633 0.03 0.406 0.5 0.206081081081 4 296 84
166 1 -125.191271918 261.790108785 0.06 0.604 0.478260869565 0.180505415162 23 277 84
168 37 -110.535635078 232.478835105 0.005 0.307 nan 0.133333333333 0 300 84
170 12 -150.66881409 312.745193129 0.04 0.307 0.428571428571 0.230769230769 14 286 84
171 5 -116.356265926 244.120096801 0.005 0.307 nan 0.143333333333 0 300 84
172 9 -145.906581575 303.220728099 0.025 0.307 0.4 0.213559322034 5 295 84
173 5 -109.282836732 229.973238413 0.015 0.505 0.666666666667 0.141414141414 3 297 84
174 1 -150.227266731 311.862098412 0.005 0.208 nan 0.203333333333 0 300 84
175 12 -106.010997395 223.429559739 0.005 0.406 nan 0.123333333333 0 300 84
176 21 -131.409348888 274.226262726 0.125 0.802 0.659090909091 0.1875 44 256 84
177 40 -208.409878826 428.2273226 0.205 0.01 0.47619047619 0.53488372093 42 258 84
178 8 -115.803651668 243.014868285 0.04 0.604 0.636363636364 0.16955017301 11 289 84
179 4 -144.752993626 300.913552202 0.055 0.406 0.533333333333 0.217543859649 15 285 84
180 8 -131.231904919 273.871374787 0.075 0.604 0.607142857143 0.1875 28 272 84
181 4 -127.308010774 266.023586496 0.11 0.802 0.552631578947 0.19465648855 38 262 84
183 5 -103.945352858 219.298270665 0.01 0.406 1.0 0.127090301003 1 299 84
184 3 -152.613788041 316.63514103 0.01 0.208 nan 0.226666666667 0 300 84
185 7 -89.1416674835 189.690899916 0.005 0.406 nan 0.106666666667 0 300 84
186 11 -102.450603576 216.308772102 0.005 0.406 nan 0.126666666667 0 300 84
187 8 -107.842680542 227.092926034 0.01 0.406 nan 0.133333333333 0 300 84
188 20 -138.992903981 289.393372911 0.005 0.208 nan 0.19 0 300 84
189 3 -121.117429139 253.642423228 0.085 0.802 0.571428571429 0.183823529412 28 272 84
190 32 -189.596019614 390.599604177 0.025 0.109 nan 0.336666666667 0 300 84
192 7 -149.95921753 311.32600001 0.02 0.307 1.0 0.220735785953 1 299 84
193 2 -135.9251634 283.257891749 0.015 0.307 1.0 0.190635451505 1 299 84
194 9 -64.0822759331 139.572116815 0.005 0.703 nan 0.0733333333333 0 300 84
195 9 -153.759517682 318.926600313 0.015 0.208 nan 0.23 0 300 84
196 0 -116.27119955 243.949964049 0.03 0.505 0.8 0.162711864407 5 295 84
197 23 -190.51384617 392.43525729 0.11 0.208 0.567567567568 0.32319391635 37 263 84
198 8 -62.7448126538 136.897190257 0.005 0.703 nan 0.0733333333333 0 300 84
199 11 -98.4260433103 208.25965157 0.02 0.604 0.5 0.134228187919 2 298 84
200 22 -134.39285911 280.193283169 0.005 0.307 nan 0.17 0 300 84
202 17 -146.077221626 303.5620082 0.16 0.703 0.606060606061 0.183760683761 66 234 84
203 7 -122.84024379 257.08805253 0.01 0.307 nan 0.156666666667 0 300 84
204 22 -110.365247686 232.138060321 0.005 0.307 nan 0.13 0 300 84
206 32 -126.976100007 265.359764964 0.005 0.307 nan 0.16 0 300 84
207 6 -86.691210489 184.789985927 0.005 0.406 nan 0.106666666667 0 300 84
208 34 -148.100553339 307.608671628 0.005 0.208 nan 0.203333333333 0 300 84
212 1 -116.341434312 244.090433573 0.035 0.604 0.5 0.163194444444 12 288 84
213 18 -208.322069531 428.051704011 0.205 0.01 0.558823529412 0.541353383459 34 266 84
215 8 -87.6999798751 186.8075247 0.01 0.604 1.0 0.107023411371 1 299 84
216 1 -83.4685870225 178.344738994 0.005 0.505 nan 0.103333333333 0 300 84
217 16 -140.207729572 291.823024094 0.02 0.307 0.5 0.201342281879 2 298 84
218 3 -131.819332321 275.046229592 0.015 0.307 nan 0.193333333333 0 300 84
220 26 -80.0170335701 171.441632089 0.01 0.703 1.0 0.0936454849498 1 299 84
221 3 -94.5507343497 200.509033649 0.075 1.0 0.65625 0.134328358209 32 268 84
223 15 -102.375767697 216.159100342 0.005 0.406 nan 0.12 0 300 84
225 4 -129.260830748 269.929226446 0.025 0.406 1.0 0.190635451505 1 299 84
226 22 -140.526895753 292.461356456 0.015 0.307 nan 0.2 0 300 84
227 39 -155.284459087 321.976483124 0.005 0.208 nan 0.216666666667 0 300 84
228 12 -128.175855611 267.759276171 0.005 0.307 nan 0.163333333333 0 300 84
229 16 -126.390432002 264.188428954 0.005 0.307 nan 0.163333333333 0 300 84
230 8 -49.992626768 111.392818485 0.005 0.802 nan 0.0633333333333 0 300 84
231 40 -146.179358874 303.766282697 0.005 0.208 nan 0.203333333333 0 300 84
232 7 -124.387494181 260.18255331 0.01 0.307 1.0 0.163879598662 1 299 84
234 8 -97.2333193548 205.874203659 0.005 0.406 nan 0.106666666667 0 300 84
235 11 -159.653502027 330.714569004 0.01 0.208 nan 0.226666666667 0 300 84
236 12 -177.276994225 365.9615534 0.005 0.109 nan 0.283333333333 0 300 84
237 3 -142.925122119 297.257809188 0.005 0.208 nan 0.193333333333 0 300 84
238 25 -145.003671283 301.414907515 0.005 0.208 nan 0.196666666667 0 300 84
240 3 -89.7158058272 190.839176604 0.005 0.406 nan 0.11 0 300 84
241 4 -150.08520006 311.57796507 0.005 0.208 nan 0.216666666667 0 300 84
242 7 -79.8628403284 171.133245606 0.005 0.505 nan 0.1 0 300 84
243 13 -118.691990852 248.791546653 0.075 0.802 0.48275862069 0.177121771218 29 271 84
244 28 -157.483813231 326.375191412 0.01 0.208 1.0 0.227424749164 1 299 84
245 9 -119.19132831 249.790221569 0.095 0.802 0.62962962963 0.179487179487 27 273 84
247 15 -116.944354697 245.296274343 0.04 0.604 0.533333333333 0.164912280702 15 285 84
248 35 -188.993590983 389.394746915 0.015 0.109 nan 0.333333333333 0 300 84
253 4 -97.6304685895 206.668502128 0.005 0.406 nan 0.116666666667 0 300 84
256 10 -129.994035002 271.395634954 0.005 0.307 nan 0.163333333333 0 300 84
257 24 -115.553022282 242.513609512 0.015 0.406 nan 0.156666666667 0 300 84
258 8 -123.332097206 258.071759362 0.065 0.604 0.733333333333 0.189473684211 15 285 84
259 14 -58.5680184671 128.543601884 0.005 0.703 nan 0.0633333333333 0 300 84
260 13 -139.581530456 290.570625862 0.02 0.307 0.5 0.211409395973 2 298 84
261 7 -178.999799995 369.407164939 0.005 0.109 nan 0.29 0 300 84
262 11 -109.795341872 230.998248693 0.02 0.505 0.5 0.151006711409 2 298 84
263 8 -95.2291955428 201.865956035 0.01 0.505 nan 0.123333333333 0 300 84
264 3 -80.7878007036 172.983166356 0.01 0.703 nan 0.103333333333 0 300 84
1519 17 -127.258016644 265.923598238 0.055 0.505 0.857142857143 0.185314685315 14 286 84
1520 4 -107.279050389 225.965665726 0.005 0.406 nan 0.123333333333 0 300 84
1521 17 -126.894598414 265.196761778 0.02 0.406 1.0 0.177257525084 1 299 84
1523 14 -138.197122687 287.801810324 0.06 0.505 0.375 0.214788732394 16 284 84
1524 11 -141.355401886 294.118368722 0.02 0.307 0.5 0.211409395973 2 298 84
1525 12 -136.340984247 284.089533443 0.045 0.406 0.888888888889 0.19587628866 9 291 84
1526 11 -109.416908331 230.241381611 0.005 0.307 nan 0.123333333333 0 300 84
1527 15 -141.861410143 295.130385236 0.03 0.307 0.75 0.212837837838 4 296 84
1528 2 -121.509272867 254.426110683 0.005 0.307 nan 0.16 0 300 84
1529 2 -111.344739055 234.097043059 0.005 0.406 nan 0.13 0 300 84
1530 15 -87.5269098668 186.461384683 0.005 0.406 nan 0.103333333333 0 300 84
1531 10 -111.520668958 234.448902865 0.015 0.406 nan 0.153333333333 0 300 84
1532 15 -66.8136576671 145.034880284 0.005 0.505 nan 0.0833333333333 0 300 84
1533 22 -105.067702935 221.54297082 0.005 0.406 nan 0.126666666667 0 300 84
1534 19 -119.135067972 249.677700893 0.1 0.901 0.520833333333 0.166666666667 48 252 84
1535 15 -131.563788279 274.535141507 0.055 0.505 0.611111111111 0.187943262411 18 282 84
1536 5 -116.42703723 244.26163941 0.055 0.703 0.444444444444 0.161172161172 27 273 85
1537 12 -149.046983853 309.501532656 0.005 0.208 nan 0.2 0 300 85
1538 32 -147.748098865 306.903762678 0.01 0.208 nan 0.206666666667 0 300 85
1539 24 -112.642206213 236.691977376 0.005 0.307 nan 0.14 0 300 85
1540 8 -150.20627186 311.820108669 0.005 0.208 nan 0.21 0 300 85
1541 11 -128.252004532 267.911574014 0.105 0.802 0.547619047619 0.193798449612 42 258 85
1542 7 -141.464349864 294.336264678 0.025 0.307 0.666666666667 0.205387205387 3 297 85
1543 7 -103.169996826 217.747558602 0.015 0.604 nan 0.14 0 300 85
1544 13 -119.645595409 250.698755768 0.005 0.307 nan 0.153333333333 0 300 85
1545 25 -155.100954754 321.609474457 0.01 0.208 nan 0.223333333333 0 300 85
1546 12 -109.710412038 230.828389025 0.005 0.307 nan 0.123333333333 0 300 85
1547 23 -206.954544226 425.316653401 0.005 0.01 nan 0.453333333333 0 300 85
1549 27 -140.037888427 291.483341804 0.015 0.307 nan 0.196666666667 0 300 85
1550 4 -140.519054681 292.445674311 0.02 0.307 1.0 0.204013377926 1 299 85
1553 11 -108.414117588 228.235800126 0.08 0.901 0.666666666667 0.166666666667 24 276 85
140 11 -83.6363455505 178.68025605 0.005 0.505 nan 0.103333333333 0 300 85
141 4 -114.735785285 240.87913552 0.015 0.406 nan 0.156666666667 0 300 85
142 10 -92.1578334887 195.723231927 0.005 0.406 nan 0.103333333333 0 300 85
143 21 -174.901043863 361.209652676 0.105 0.307 0.58064516129 0.282527881041 31 269 85
144 16 -83.2627610172 177.933086984 0.005 0.505 nan 0.1 0 300 85
145 10 -109.848810612 231.105186174 0.005 0.307 nan 0.14 0 300 85
146 24 -141.849886305 295.10733756 0.005 0.208 nan 0.193333333333 0 300 85
147 11 -109.99378396 231.395132869 0.07 0.901 0.5 0.162962962963 30 270 85
148 3 -143.026749896 297.461064742 0.02 0.307 nan 0.21 0 300 85
149 5 -123.809204107 259.025973163 0.035 0.505 0.714285714286 0.184300341297 7 293 85
150 25 -159.913202207 331.233969364 0.005 0.208 nan 0.226666666667 0 300 85
151 21 -154.894924079 321.197413106 0.005 0.208 nan 0.223333333333 0 300 85
152 9 -95.0974932 201.602551349 0.005 0.406 nan 0.113333333333 0 300 85
153 15 -173.203963915 357.81549278 0.105 0.307 0.571428571429 0.311827956989 21 279 85
154 3 -130.722125411 272.851815771 0.02 0.406 0.5 0.184563758389 2 298 85
155 0 -114.545665871 240.498896692 0.005 0.307 nan 0.143333333333 0 300 85
157 8 -157.961748098 327.331061145 0.01 0.208 nan 0.233333333333 0 300 85
158 9 -74.3551874082 160.117939766 0.01 0.802 0.5 0.0878378378378 4 296 85
159 15 -73.1190615602 157.64568807 0.01 0.802 0.4 0.0881355932203 5 295 85
160 29 -69.3905552699 150.188675489 0.005 0.604 nan 0.0833333333333 0 300 85
161 4 -74.2903270271 159.988219003 0.005 0.505 nan 0.09 0 300 85
162 19 -180.520192413 372.447949775 0.005 0.109 nan 0.29 0 300 85
163 3 -144.884431648 301.176428245 0.005 0.208 nan 0.203333333333 0 300 85
164 2 -125.40644255 262.22045005 0.02 0.406 0.428571428571 0.170648464164 7 293 85
165 12 -146.556018121 304.51960119 0.05 0.406 0.444444444444 0.230240549828 9 291 85
166 1 -113.749145182 238.905855313 0.06 0.802 0.5 0.169064748201 22 278 85
168 37 -116.426925364 244.261415677 0.01 0.406 1.0 0.140468227425 1 299 85
170 12 -141.933529229 295.274623407 0.04 0.406 0.625 0.212328767123 8 292 85
171 5 -110.896633502 233.200831953 0.005 0.307 nan 0.136666666667 0 300 85
172 9 -147.592037732 306.591640414 0.06 0.406 0.526315789474 0.220640569395 19 281 85
173 5 -107.881677885 227.17092072 0.01 0.406 nan 0.143333333333 0 300 85
174 1 -151.421113416 314.249791782 0.005 0.208 nan 0.206666666667 0 300 85
175 12 -97.6907088073 206.788982564 0.005 0.406 nan 0.12 0 300 85
176 21 -143.019344491 297.446253931 0.115 0.604 0.547619047619 0.220930232558 42 258 85
177 40 -207.727547995 426.862660939 0.075 0.01 0.571428571429 0.484641638225 7 293 85
178 8 -120.757435961 252.922436872 0.02 0.406 0.666666666667 0.161616161616 3 297 85
179 4 -143.788484959 298.984534868 0.09 0.505 0.625 0.217391304348 24 276 85
180 8 -124.358538409 260.124641766 0.075 0.703 0.533333333333 0.174074074074 30 270 85
181 4 -125.681517991 262.770600931 0.15 1.0 0.590909090909 0.203125 44 256 85
183 5 -123.086011859 257.579588668 0.005 0.307 nan 0.153333333333 0 300 85
184 3 -138.420085954 288.247736857 0.025 0.307 1.0 0.204013377926 1 299 85
185 7 -97.2274721991 205.862509347 0.01 0.505 nan 0.123333333333 0 300 85
186 11 -83.9162988823 179.240162714 0.005 0.505 nan 0.1 0 300 85
187 8 -109.988215724 231.383996397 0.015 0.406 0.0 0.14381270903 1 299 85
188 20 -146.022086852 303.451738653 0.005 0.208 nan 0.19 0 300 85
189 3 -119.599840636 250.607246222 0.11 0.901 0.66 0.144 50 250 85
190 32 -185.367824452 382.143213854 0.005 0.109 nan 0.313333333333 0 300 85
192 7 -142.744916658 296.897398265 0.02 0.307 0.666666666667 0.205387205387 3 297 85
193 2 -131.22256993 273.85270481 0.015 0.307 nan 0.186666666667 0 300 85
194 9 -67.8501927317 147.107950413 0.005 0.703 1.0 0.0769230769231 1 299 85
195 9 -154.212843539 319.833252027 0.01 0.208 nan 0.223333333333 0 300 85
196 0 -110.402846081 232.213257111 0.02 0.505 0.333333333333 0.161616161616 3 297 85
197 23 -179.828523203 371.064611356 0.035 0.208 0.666666666667 0.296296296296 3 297 85
198 8 -65.5156069903 142.43877893 0.01 0.901 0.2 0.071186440678 5 295 85
199 11 -116.3441036 244.09577215 0.03 0.505 0.75 0.172297297297 4 296 85
200 22 -93.9724182511 199.352401452 0.005 0.406 nan 0.11 0 300 85
202 17 -147.740042067 306.887649084 0.1 0.505 0.5 0.236842105263 34 266 85
203 7 -119.525621157 250.458807263 0.005 0.307 nan 0.15 0 300 85
204 22 -121.637205334 254.681975618 0.005 0.307 nan 0.156666666667 0 300 85
206 32 -116.413683176 244.234931301 0.005 0.307 nan 0.136666666667 0 300 85
207 6 -79.0705685215 169.548701992 0.005 0.505 nan 0.09 0 300 85
208 34 -158.362445654 328.132456257 0.01 0.208 nan 0.236666666667 0 300 85
212 1 -117.041721881 245.49100871 0.025 0.505 0.333333333333 0.171717171717 3 297 85
213 18 -208.017764234 427.443093418 0.205 0.01 0.513513513514 0.513307984791 37 263 85
215 8 -97.1197740401 205.647113029 0.005 0.406 nan 0.113333333333 0 300 85
216 1 -86.825880385 185.059325719 0.005 0.406 nan 0.11 0 300 85
217 16 -143.59717844 298.601921829 0.005 0.208 nan 0.193333333333 0 300 85
218 3 -130.186503655 271.78057226 0.03 0.406 0.75 0.189189189189 4 296 85
220 26 -75.1528124704 161.71318989 0.005 0.604 nan 0.0866666666667 0 300 85
221 3 -105.286753897 221.981072743 0.075 1.0 0.59375 0.152985074627 32 268 85
223 15 -95.6135860649 202.634737079 0.005 0.406 nan 0.113333333333 0 300 85
225 4 -125.255515213 261.918595375 0.035 0.505 0.5 0.167832167832 14 286 85
226 22 -145.135098297 301.677761544 0.03 0.307 0.75 0.212837837838 4 296 85
227 39 -150.625719734 312.659004417 0.01 0.208 nan 0.22 0 300 85
228 12 -119.320960105 250.049485159 0.005 0.307 nan 0.153333333333 0 300 85
229 16 -109.294385678 229.996336304 0.01 0.406 1.0 0.133779264214 1 299 85
230 8 -60.222308909 131.852182767 0.005 0.802 nan 0.0666666666667 0 300 85
231 40 -147.095036116 305.597637181 0.02 0.307 0.5 0.206081081081 4 296 85
232 7 -130.061975915 271.53151678 0.01 0.307 nan 0.173333333333 0 300 85
234 8 -86.301661849 184.010888647 0.005 0.505 nan 0.0966666666667 0 300 85
235 11 -124.396728217 260.201021383 0.01 0.307 nan 0.163333333333 0 300 85
236 12 -180.864512986 373.136590921 0.005 0.109 nan 0.296666666667 0 300 85
237 3 -145.630391328 302.668347605 0.005 0.208 nan 0.2 0 300 85
238 25 -145.637003214 302.681571377 0.005 0.208 nan 0.2 0 300 85
240 3 -85.4722786271 182.352122203 0.005 0.406 nan 0.106666666667 0 300 85
241 4 -155.149184037 321.705933024 0.005 0.208 nan 0.216666666667 0 300 85
242 7 -65.9705451136 143.348655176 0.005 0.604 nan 0.0733333333333 0 300 85
243 13 -111.256840131 233.921245212 0.095 1.0 0.548387096774 0.174721189591 31 269 85
244 28 -148.267097159 307.941759268 0.01 0.208 nan 0.216666666667 0 300 85
245 9 -113.343701106 238.094967161 0.085 1.0 0.552631578947 0.156488549618 38 262 85
247 15 -124.374771314 260.157107577 0.055 0.604 0.521739130435 0.180505415162 23 277 85
248 35 -191.57409223 394.555749409 0.02 0.109 nan 0.353333333333 0 300 85
253 4 -96.4495219049 204.306608759 0.005 0.406 nan 0.116666666667 0 300 85
256 10 -105.012030806 221.431626561 0.005 0.307 nan 0.126666666667 0 300 85
257 24 -114.936216405 241.279997759 0.03 0.505 0.6 0.166101694915 5 295 85
258 8 -122.4736701 256.35490515 0.075 0.703 0.607142857143 0.176470588235 28 272 85
259 14 -57.278390938 125.964346825 0.005 0.703 nan 0.0733333333333 0 300 85
260 13 -118.73588819 248.87934133 0.055 0.703 0.607142857143 0.147058823529 28 272 85
261 7 -183.317189941 378.041944831 0.005 0.109 nan 0.303333333333 0 300 85
262 11 -126.667313314 264.742191578 0.015 0.307 nan 0.176666666667 0 300 85
263 8 -94.4754703667 200.358505683 0.005 0.406 nan 0.113333333333 0 300 85
264 3 -90.959852775 193.327270499 0.005 0.406 nan 0.106666666667 0 300 85
1519 17 -119.409960322 250.227485594 0.075 0.703 0.538461538462 0.186131386861 26 274 85
1520 4 -97.4447971582 206.297159266 0.01 0.505 nan 0.12 0 300 85
1521 17 -131.259917141 273.927399231 0.015 0.307 1.0 0.177852348993 2 298 85
1523 14 -130.302470064 272.012505077 0.045 0.505 0.6 0.175438596491 15 285 85
1524 11 -146.69948551 304.806535969 0.025 0.307 1.0 0.217391304348 1 299 85
1525 12 -157.073146721 325.553858392 0.01 0.208 nan 0.233333333333 0 300 85
1526 11 -138.393561457 288.194687863 0.005 0.208 nan 0.17 0 300 85
1527 15 -142.845780164 297.099125277 0.015 0.307 nan 0.206666666667 0 300 85
1528 2 -108.112838374 227.633241696 0.005 0.307 nan 0.133333333333 0 300 85
1529 2 -83.2762050548 177.959975059 0.01 0.604 nan 0.103333333333 0 300 85
1530 15 -93.7979082767 199.003381503 0.005 0.406 nan 0.116666666667 0 300 85
1531 10 -108.882178671 229.171922291 0.01 0.406 nan 0.14 0 300 85
1532 15 -91.5026784789 194.412921907 0.005 0.406 nan 0.113333333333 0 300 85
1533 22 -84.8143292193 181.036223388 0.005 0.505 nan 0.1 0 300 85
1534 19 -137.476739004 286.361042958 0.095 0.604 0.65 0.217857142857 20 280 85
1535 15 -140.519054332 292.445673613 0.055 0.505 0.647058823529 0.204946996466 17 283 85
