1536 5 -116.366316549 244.140198047 0.035 0.505 0.8 0.166101694915 5 295 46
1537 12 -145.197649878 301.802864704 0.005 0.208 nan 0.196666666667 0 300 46
1538 32 -162.910228211 337.22802137 0.05 0.307 0.625 0.263698630137 8 292 46
1539 24 -131.607741429 274.623047808 0.01 0.307 1.0 0.170568561873 1 299 46
1540 8 -138.446947081 288.301459111 0.005 0.208 nan 0.18 0 300 46
1541 11 -137.059943934 285.527452818 0.135 0.703 0.65625 0.223880597015 32 268 46
1542 7 -137.327951917 286.063468784 0.025 0.307 0.333333333333 0.197278911565 6 294 46
1543 7 -97.3382388559 206.084042661 0.015 0.505 1.0 0.133779264214 1 299 46
1544 13 -111.352984492 234.113533933 0.005 0.406 0.25 0.121621621622 4 296 46
1545 25 -153.355650177 318.118865303 0.005 0.208 nan 0.21 0 300 46
1546 12 -107.93097449 227.269513929 0.005 0.307 nan 0.126666666667 0 300 46
1547 23 -200.99662186 413.400808668 0.085 0.109 0.8 0.396551724138 10 290 46
1549 27 -138.974058634 289.355682217 0.01 0.307 nan 0.186666666667 0 300 46
1550 4 -147.70765479 306.82287453 0.025 0.307 0.5 0.21768707483 6 294 46
1553 11 -131.719491933 274.846548815 0.07 0.604 0.5 0.20652173913 24 276 46
140 11 -86.8705449693 185.148654888 0.005 0.406 nan 0.1 0 300 46
141 4 -120.160884729 251.729334406 0.015 0.406 nan 0.163333333333 0 300 46
142 10 -101.739293034 214.886151018 0.005 0.406 nan 0.116666666667 0 300 46
143 21 -160.996149187 333.399863324 0.205 0.604 0.636363636364 0.265306122449 55 245 46
144 16 -74.4148895919 160.237344133 0.005 0.505 nan 0.09 0 300 46
145 10 -108.169858654 227.747282258 0.005 0.307 nan 0.13 0 300 46
146 24 -150.649303023 312.706170996 0.005 0.208 nan 0.206666666667 0 300 46
147 11 -124.085120545 259.577806039 0.06 0.604 0.6 0.19298245614 15 285 46
148 3 -129.241573014 269.890710976 0.055 0.505 0.5 0.204225352113 16 284 46
149 5 -118.093062257 247.593689463 0.04 0.604 0.833333333333 0.159722222222 12 288 46
150 25 -150.99673453 313.40103401 0.01 0.208 1.0 0.210702341137 1 299 46
151 21 -149.655263208 310.718091365 0.005 0.208 nan 0.203333333333 0 300 46
152 9 -89.8510203859 191.109605721 0.01 0.505 nan 0.11 0 300 46
153 15 -175.531496076 362.470557101 0.165 0.406 0.527272727273 0.289795918367 55 245 46
154 3 -125.851807719 263.111180387 0.035 0.505 0.428571428571 0.184300341297 7 293 46
155 0 -118.643595393 248.694755735 0.005 0.307 1.0 0.140468227425 1 299 46
157 8 -154.942438979 321.292442907 0.005 0.208 nan 0.22 0 300 46
158 9 -68.7758976019 148.959360153 0.01 0.703 nan 0.0966666666667 0 300 46
159 15 -71.9843657099 155.376296369 0.005 0.604 nan 0.0866666666667 0 300 46
160 29 -78.6255247054 168.65861436 0.01 0.703 0.5 0.0939597315436 2 298 46
161 4 -86.3963976422 184.200360234 0.005 0.406 nan 0.103333333333 0 300 46
162 19 -186.42047082 384.248506589 0.015 0.109 nan 0.323333333333 0 300 46
163 3 -156.629490403 324.666545755 0.005 0.208 nan 0.216666666667 0 300 46
164 2 -125.278793813 261.965152576 0.025 0.406 0.8 0.176271186441 5 295 46
165 12 -137.937172768 287.281910485 0.035 0.406 0.5 0.205479452055 8 292 46
166 1 -96.8061826833 205.019930316 0.065 1.0 0.65 0.15 20 280 46
168 37 -107.173917977 225.755400903 0.005 0.307 nan 0.13 0 300 46
170 12 -128.561741664 268.531048277 0.06 0.604 0.666666666667 0.175627240143 21 279 46
171 5 -126.227383043 263.862331035 0.005 0.307 nan 0.156666666667 0 300 46
172 9 -140.767426072 292.942417094 0.02 0.307 nan 0.203333333333 0 300 46
173 5 -104.794922438 220.997409825 0.01 0.406 nan 0.136666666667 0 300 46
174 1 -142.391529358 296.190623666 0.005 0.208 nan 0.196666666667 0 300 46
175 12 -108.544825604 228.497216157 0.005 0.307 nan 0.126666666667 0 300 46
176 21 -128.530823037 268.469211023 0.16 1.0 0.611940298507 0.171673819742 67 233 46
177 40 -207.846211543 427.099988036 0.1 0.01 0.380952380952 0.494623655914 21 279 46
178 8 -116.954620805 245.316806559 0.02 0.406 0.5 0.161073825503 2 298 46
179 4 -130.152871247 271.713307443 0.08 0.604 0.642857142857 0.183823529412 28 272 46
180 8 -115.24634638 241.900257709 0.085 0.901 0.634146341463 0.138996138996 41 259 46
181 4 -122.852261882 257.112088713 0.115 0.901 0.557692307692 0.165322580645 52 248 46
183 5 -129.210500635 269.828566219 0.005 0.307 0.5 0.157718120805 2 298 46
184 3 -154.820569223 321.048703395 0.015 0.208 0.333333333333 0.225589225589 3 297 46
185 7 -89.9850728588 191.377710667 0.005 0.406 nan 0.11 0 300 46
186 11 -112.756780274 236.921125498 0.005 0.307 nan 0.14 0 300 46
187 8 -105.684301985 222.776168919 0.015 0.505 1.0 0.140468227425 1 299 46
188 20 -149.234906011 309.87737697 0.005 0.208 nan 0.206666666667 0 300 46
189 3 -128.780827163 268.969219275 0.09 0.703 0.5 0.2 30 270 46
190 32 -184.648278996 380.70412294 0.01 0.109 nan 0.313333333333 0 300 46
192 7 -150.111922407 311.631409763 0.01 0.208 nan 0.22 0 300 46
193 2 -142.144577596 295.696720141 0.02 0.307 0.25 0.199324324324 4 296 46
194 9 -61.0800551648 133.567675279 0.005 0.802 0.5 0.0604026845638 2 298 46
195 9 -150.048210211 311.503985371 0.01 0.208 nan 0.216666666667 0 300 46
196 0 -125.994187069 263.395939087 0.035 0.505 0.5 0.184931506849 8 292 46
197 23 -191.803683648 395.014932246 0.03 0.109 0.666666666667 0.346801346801 3 297 46
198 8 -71.3698153561 154.147195661 0.01 0.703 1.0 0.0936454849498 1 299 46
199 11 -123.701877905 258.81132076 0.02 0.406 1.0 0.177257525084 1 299 46
200 22 -113.466255151 238.340075252 0.005 0.307 nan 0.133333333333 0 300 46
202 17 -157.712723669 326.833012288 0.085 0.406 0.583333333333 0.242753623188 24 276 46
203 7 -117.544792868 246.497150684 0.005 0.307 nan 0.153333333333 0 300 46
204 22 -125.367255132 262.142075214 0.005 0.307 nan 0.146666666667 0 300 46
206 32 -119.143637497 249.694839942 0.005 0.307 nan 0.15 0 300 46
207 6 -87.4608443434 186.329253636 0.005 0.505 nan 0.1 0 300 46
208 34 -149.247666506 309.902897961 0.005 0.208 nan 0.21 0 300 46
212 1 -104.436485333 220.280535615 0.03 0.604 0.6 0.159322033898 5 295 46
213 18 -208.008935071 427.42543509 0.205 0.01 0.473684210526 0.519083969466 38 262 46
215 8 -88.7788658318 188.965296613 0.01 0.604 0.333333333333 0.111111111111 3 297 46
216 1 -92.8778329888 197.163230927 0.005 0.406 nan 0.11 0 300 46
217 16 -134.950380227 281.308325403 0.005 0.208 nan 0.173333333333 0 300 46
218 3 -137.58473853 286.57704201 0.035 0.406 0.75 0.206081081081 4 296 46
220 26 -65.144878662 141.697322273 0.01 1.0 1.0 0.0805369127517 2 298 46
221 3 -94.946882212 201.301329373 0.07 1.0 0.542857142857 0.135849056604 35 265 46
223 15 -102.559713566 216.526992081 0.01 0.505 0.0 0.127516778523 2 298 46
225 4 -121.568620158 254.544805264 0.06 0.703 0.52380952381 0.172043010753 21 279 46
226 22 -135.286559141 281.980683231 0.015 0.307 nan 0.193333333333 0 300 46
227 39 -137.571506034 286.550577017 0.01 0.307 nan 0.183333333333 0 300 46
228 12 -104.849508179 221.106581307 0.005 0.406 nan 0.126666666667 0 300 46
229 16 -101.52314742 214.45385979 0.01 0.406 nan 0.136666666667 0 300 46
230 8 -61.2800995816 133.967764112 0.005 0.703 nan 0.08 0 300 46
231 40 -148.596141106 308.599847161 0.005 0.208 nan 0.193333333333 0 300 46
232 7 -122.837520701 257.082606352 0.01 0.307 nan 0.16 0 300 46
234 8 -95.9851659845 203.377896918 0.005 0.406 nan 0.11 0 300 46
235 11 -162.063745888 335.535056726 0.005 0.208 nan 0.233333333333 0 300 46
236 12 -186.260517947 383.928600844 0.005 0.109 nan 0.31 0 300 46
237 3 -149.916571151 311.240707252 0.005 0.208 nan 0.21 0 300 46
238 25 -163.788063301 338.98369155 0.02 0.208 nan 0.246666666667 0 300 46
240 3 -94.9941356975 201.395836344 0.005 0.406 nan 0.113333333333 0 300 46
241 4 -139.082543824 289.572652597 0.005 0.208 nan 0.19 0 300 46
242 7 -86.5143150839 184.436195117 0.005 0.505 nan 0.0933333333333 0 300 46
243 13 -115.163702548 241.734970046 0.085 0.901 0.589743589744 0.145593869732 39 261 46
244 28 -159.223992125 329.855549199 0.045 0.307 0.5 0.237762237762 14 286 46
245 9 -123.26983196 257.947228869 0.055 0.604 0.8 0.171929824561 15 285 46
247 15 -109.927671623 231.262908195 0.05 0.703 0.458333333333 0.159420289855 24 276 46
248 35 -195.417136872 402.241838693 0.015 0.109 nan 0.356666666667 0 300 46
253 4 -90.2979232266 192.003411403 0.005 0.406 nan 0.103333333333 0 300 46
256 10 -100.386690454 212.180945858 0.005 0.406 nan 0.116666666667 0 300 46
257 24 -125.005051317 261.417667584 0.01 0.307 nan 0.166666666667 0 300 46
258 8 -126.562472661 264.532510271 0.07 0.604 0.407407407407 0.197802197802 27 273 46
259 14 -64.8951975045 141.197959958 0.005 0.802 1.0 0.066889632107 1 299 46
260 13 -144.577541607 300.562648163 0.025 0.307 0.5 0.212837837838 4 296 46
261 7 -191.699837569 394.807240087 0.005 0.109 nan 0.333333333333 0 300 46
262 11 -124.58716541 260.581895769 0.02 0.406 0.3 0.165517241379 10 290 46
263 8 -90.4893521008 192.386269151 0.005 0.406 nan 0.106666666667 0 300 46
264 3 -97.6052947532 206.618154456 0.005 0.406 nan 0.12 0 300 46
1519 17 -128.273068418 267.953701785 0.09 0.703 0.5 0.202898550725 24 276 46
1520 4 -122.853277309 257.114119567 0.005 0.307 nan 0.156666666667 0 300 46
1521 17 -135.500943695 282.409452339 0.005 0.208 nan 0.18 0 300 46
1523 14 -134.627851862 280.663268674 0.03 0.406 0.5 0.206081081081 4 296 46
1524 11 -134.7388301 280.885225149 0.025 0.406 0.375 0.191780821918 8 292 46
1525 12 -143.786391841 298.98034863 0.05 0.406 0.538461538462 0.216027874564 13 287 46
1526 11 -118.318009787 248.043584522 0.005 0.307 nan 0.15 0 300 46
1527 15 -140.005178907 291.417922764 0.035 0.406 0.8 0.203389830508 5 295 46
1528 2 -108.136903834 227.681372618 0.005 0.307 nan 0.133333333333 0 300 46
1529 2 -96.2141711781 203.835907306 0.005 0.406 nan 0.12 0 300 46
1530 15 -98.5957496751 208.599064299 0.005 0.406 nan 0.11 0 300 46
1531 10 -112.244944821 235.897454592 0.01 0.406 nan 0.143333333333 0 300 46
1532 15 -77.0389890223 165.485542994 0.005 0.505 nan 0.09 0 300 46
1533 22 -73.1759459204 157.75945679 0.01 0.802 0.333333333333 0.0942760942761 3 297 46
1534 19 -136.933483016 285.27453098 0.105 0.703 0.566037735849 0.174089068826 53 247 46
1535 15 -132.604874723 276.617314396 0.06 0.505 0.611111111111 0.195035460993 18 282 46
1536 5 -118.864521361 249.136607672 0.035 0.505 1.0 0.183946488294 1 299 47
1537 12 -141.492800994 294.393166937 0.005 0.208 nan 0.196666666667 0 300 47
1538 32 -144.816496501 301.040557952 0.045 0.406 0.714285714286 0.21843003413 7 293 47
1539 24 -114.783952944 240.975470838 0.005 0.307 nan 0.14 0 300 47
1540 8 -139.681919473 290.771403895 0.005 0.208 nan 0.19 0 300 47
1541 11 -132.502214567 276.411994083 0.105 0.703 0.511111111111 0.2 45 255 47
1542 7 -131.89474614 275.197057229 0.015 0.307 0.25 0.179054054054 4 296 47
1543 7 -105.163049671 221.733664292 0.015 0.505 0.333333333333 0.139455782313 6 294 47
1544 13 -110.14912314 231.705811229 0.01 0.406 nan 0.14 0 300 47
1545 25 -160.376148831 332.159862611 0.01 0.208 nan 0.24 0 300 47
1546 12 -115.107366687 241.622298324 0.005 0.307 nan 0.143333333333 0 300 47
1547 23 -206.179553529 423.766672007 0.205 0.109 0.558139534884 0.443579766537 43 257 47
1549 27 -144.426286442 300.260137834 0.005 0.208 nan 0.193333333333 0 300 47
1550 4 -136.333971028 284.075507006 0.015 0.307 0.5 0.181208053691 2 298 47
1553 11 -136.282685023 283.972934995 0.055 0.505 0.47619047619 0.204301075269 21 279 47
140 11 -81.8260102046 175.059585359 0.005 0.505 nan 0.1 0 300 47
141 4 -121.720127975 254.8478209 0.02 0.406 1.0 0.170568561873 1 299 47
142 10 -92.1895343801 195.786633709 0.005 0.406 nan 0.11 0 300 47
143 21 -152.091886665 315.59133828 0.165 0.604 0.560606060606 0.213675213675 66 234 47
144 16 -77.3669272986 166.141419547 0.01 0.703 nan 0.103333333333 0 300 47
145 10 -109.646365489 230.700295928 0.005 0.307 nan 0.123333333333 0 300 47
146 24 -150.410279072 312.228123093 0.005 0.208 nan 0.21 0 300 47
147 11 -123.820901202 259.049367354 0.055 0.604 0.571428571429 0.175627240143 21 279 47
148 3 -142.831332902 297.070230753 0.055 0.406 0.571428571429 0.216783216783 14 286 47
149 5 -115.157896157 241.723357262 0.055 0.703 0.722222222222 0.159574468085 18 282 47
150 25 -145.211228584 301.830022117 0.005 0.208 nan 0.203333333333 0 300 47
151 21 -141.95206709 295.31169913 0.02 0.307 1.0 0.200668896321 1 299 47
152 9 -104.840284429 221.088133808 0.005 0.406 nan 0.116666666667 0 300 47
153 15 -178.992504635 369.392574218 0.14 0.307 0.548387096774 0.315985130112 31 269 47
154 3 -119.074844855 249.557254659 0.04 0.505 0.875 0.171232876712 8 292 47
155 0 -110.409681468 232.226927886 0.005 0.307 nan 0.136666666667 0 300 47
157 8 -144.263836173 299.935237294 0.005 0.208 nan 0.2 0 300 47
158 9 -83.6779011903 178.76336733 0.005 0.505 nan 0.1 0 300 47
159 15 -76.7169627028 164.841490355 0.01 0.703 nan 0.0933333333333 0 300 47
160 29 -92.2433176225 195.894200194 0.005 0.505 nan 0.11 0 300 47
161 4 -78.3502450496 168.108055049 0.005 0.505 nan 0.0866666666667 0 300 47
162 19 -180.040845461 371.489255872 0.005 0.109 nan 0.293333333333 0 300 47
163 3 -157.253380496 325.91432594 0.01 0.208 nan 0.23 0 300 47
164 2 -121.169867525 253.7473 0.005 0.307 nan 0.156666666667 0 300 47
165 12 -143.895017709 299.197600367 0.045 0.406 0.416666666667 0.222222222222 12 288 47
166 1 -119.440267064 250.288099078 0.055 0.604 0.666666666667 0.170212765957 18 282 47
168 37 -127.98768216 267.382929269 0.01 0.307 nan 0.166666666667 0 300 47
170 12 -129.104628281 269.616821512 0.085 0.703 0.586206896552 0.184501845018 29 271 47
171 5 -108.09489063 227.59734621 0.005 0.307 nan 0.136666666667 0 300 47
172 9 -144.999452164 301.406469277 0.02 0.307 nan 0.21 0 300 47
173 5 -113.789159233 238.985883415 0.02 0.505 0.6 0.152542372881 5 295 47
174 1 -138.016267855 287.44010066 0.005 0.208 nan 0.183333333333 0 300 47
175 12 -83.1303997815 177.668364512 0.005 0.505 nan 0.0966666666667 0 300 47
176 21 -139.00568268 289.41893031 0.16 0.802 0.560606060606 0.192307692308 66 234 47
177 40 -206.864087067 425.135739084 0.005 0.01 nan 0.44 0 300 47
178 8 -114.088851116 239.585267181 0.03 0.505 1.0 0.164983164983 3 297 47
179 4 -135.074773626 281.557112202 0.07 0.505 0.521739130435 0.212996389892 23 277 47
180 8 -119.212145224 249.831855397 0.055 0.604 0.526315789474 0.181494661922 19 281 47
181 4 -135.761514298 282.930593544 0.115 0.703 0.5625 0.190476190476 48 252 47
183 5 -114.598962664 240.605490277 0.005 0.307 nan 0.14 0 300 47
184 3 -154.864807935 321.137180819 0.01 0.208 nan 0.223333333333 0 300 47
185 7 -95.8715972279 203.150759405 0.01 0.505 nan 0.126666666667 0 300 47
186 11 -95.4277904512 202.263145852 0.005 0.406 nan 0.11 0 300 47
187 8 -114.880924201 241.169413351 0.01 0.406 nan 0.143333333333 0 300 47
188 20 -146.701224541 304.81001403 0.005 0.208 nan 0.2 0 300 47
189 3 -123.231478742 257.870522433 0.09 0.802 0.76 0.185454545455 25 275 47
190 32 -182.016273242 375.440111434 0.005 0.109 nan 0.303333333333 0 300 47
192 7 -138.294013468 287.995591886 0.025 0.307 0.333333333333 0.205387205387 3 297 47
193 2 -131.94648286 275.300530669 0.015 0.307 nan 0.186666666667 0 300 47
194 9 -51.9032095977 115.213984145 0.005 0.901 1.0 0.056856187291 1 299 47
195 9 -135.835061707 283.077688364 0.01 0.307 nan 0.176666666667 0 300 47
196 0 -113.430080558 238.267726065 0.025 0.505 0.5 0.162162162162 4 296 47
197 23 -187.029299645 385.466164238 0.1 0.208 0.428571428571 0.345588235294 28 272 47
198 8 -47.8954897243 107.198544398 0.01 1.0 nan 0.07 0 300 47
199 11 -106.88714578 225.181856509 0.02 0.505 1.0 0.153846153846 1 299 47
200 22 -116.34161839 244.09080173 0.005 0.307 nan 0.143333333333 0 300 47
202 17 -150.024279188 311.456123325 0.13 0.604 0.65 0.223076923077 40 260 47
203 7 -111.605137587 234.617840123 0.005 0.307 nan 0.143333333333 0 300 47
204 22 -134.084039033 279.575643016 0.005 0.208 nan 0.17 0 300 47
206 32 -108.077073019 227.561710987 0.005 0.307 nan 0.13 0 300 47
207 6 -74.8741006561 161.155766262 0.005 0.505 nan 0.09 0 300 47
208 34 -144.830544342 301.068653634 0.015 0.307 nan 0.206666666667 0 300 47
212 1 -95.5066542119 202.420873373 0.03 0.703 1.0 0.153846153846 1 299 47
213 18 -208.330742011 428.06904897 0.005 0.01 nan 0.493333333333 0 300 47
215 8 -80.3452784793 172.098121908 0.005 0.505 nan 0.1 0 300 47
216 1 -78.9173532538 169.242271457 0.01 0.604 nan 0.11 0 300 47
217 16 -152.244265955 315.896096859 0.005 0.208 nan 0.21 0 300 47
218 3 -136.526023445 284.45961184 0.015 0.307 nan 0.196666666667 0 300 47
220 26 -61.4130939293 134.233752808 0.005 0.604 nan 0.07 0 300 47
221 3 -90.0740658693 191.555696688 0.07 1.0 0.642857142857 0.139705882353 28 272 47
223 15 -81.7203378942 174.848240738 0.005 0.505 nan 0.0966666666667 0 300 47
225 4 -131.017748953 273.443062856 0.015 0.307 nan 0.19 0 300 47
226 22 -138.09618183 287.59992861 0.015 0.307 nan 0.193333333333 0 300 47
227 39 -133.143124467 277.693813884 0.01 0.307 1.0 0.173913043478 1 299 47
228 12 -120.54208311 252.49173117 0.005 0.307 nan 0.15 0 300 47
229 16 -111.61107839 234.629721729 0.005 0.307 nan 0.13 0 300 47
230 8 -70.447982556 152.303530061 0.005 0.604 nan 0.0866666666667 0 300 47
231 40 -160.651345386 332.710255722 0.005 0.208 nan 0.226666666667 0 300 47
232 7 -121.38291489 254.17339473 0.01 0.307 nan 0.156666666667 0 300 47
234 8 -96.9006747542 205.208914458 0.005 0.406 nan 0.116666666667 0 300 47
235 11 -149.28224665 309.972058249 0.005 0.208 nan 0.206666666667 0 300 47
236 12 -185.88240863 383.17238221 0.005 0.109 nan 0.31 0 300 47
237 3 -172.04848817 355.504541289 0.005 0.109 nan 0.256666666667 0 300 47
238 25 -138.819812209 289.047189367 0.005 0.208 nan 0.186666666667 0 300 47
240 3 -88.5000895988 188.407744147 0.005 0.406 nan 0.106666666667 0 300 47
241 4 -138.739073274 288.885711496 0.005 0.208 nan 0.18 0 300 47
242 7 -79.9105680143 171.228700978 0.005 0.505 nan 0.09 0 300 47
243 13 -116.021903068 243.451371085 0.105 0.901 0.568181818182 0.16015625 44 256 47
244 28 -140.930556379 293.268677707 0.005 0.208 nan 0.186666666667 0 300 47
245 9 -121.392529875 254.1926247 0.07 0.703 0.538461538462 0.171532846715 26 274 47
247 15 -117.343840657 246.095246263 0.04 0.505 0.857142857143 0.174061433447 7 293 47
248 35 -185.464093612 382.335752173 0.005 0.109 nan 0.303333333333 0 300 47
253 4 -95.645812258 202.699189465 0.005 0.406 nan 0.116666666667 0 300 47
256 10 -98.8394683755 209.0865017 0.005 0.406 1.0 0.113712374582 1 299 47
257 24 -118.15079577 247.709156489 0.015 0.406 1.0 0.160535117057 1 299 47
258 8 -124.310220886 260.028006722 0.095 0.802 0.566666666667 0.174074074074 30 270 47
259 14 -50.6132463717 112.634057693 0.005 0.901 1.0 0.056856187291 1 299 47
260 13 -130.845925245 273.099415439 0.05 0.505 0.666666666667 0.184397163121 18 282 47
261 7 -183.096364291 377.60029353 0.005 0.109 nan 0.296666666667 0 300 47
262 11 -130.252146205 271.911857359 0.01 0.307 nan 0.176666666667 0 300 47
263 8 -93.8327099961 199.072984941 0.005 0.406 nan 0.113333333333 0 300 47
264 3 -98.9918707486 209.391306446 0.005 0.406 nan 0.12 0 300 47
1519 17 -112.127140087 235.661845124 0.075 0.901 0.388888888889 0.174242424242 36 264 47
1520 4 -117.540198159 246.487961267 0.005 0.307 nan 0.143333333333 0 300 47
1521 17 -133.017309762 277.442184472 0.05 0.505 0.55 0.182142857143 20 280 47
1523 14 -135.78865522 282.984875389 0.055 0.505 0.555555555556 0.202127659574 18 282 47
1524 11 -130.889581319 273.186727587 0.035 0.406 0.8 0.186440677966 5 295 47
1525 12 -149.457113601 310.321792151 0.025 0.307 0.6 0.216949152542 5 295 47
1526 11 -100.379160042 212.165885034 0.005 0.406 nan 0.12 0 300 47
1527 15 -149.189197573 309.785960094 0.025 0.307 0.5 0.212328767123 8 292 47
1528 2 -109.001410845 229.410386639 0.005 0.307 nan 0.133333333333 0 300 47
1529 2 -101.664654975 214.736874899 0.005 0.406 nan 0.126666666667 0 300 47
1530 15 -86.2793102454 183.96618544 0.005 0.406 nan 0.1 0 300 47
1531 10 -104.6408087 220.68918235 0.015 0.505 nan 0.146666666667 0 300 47
1532 15 -88.1438891282 187.695343206 0.005 0.406 nan 0.106666666667 0 300 47
1533 22 -83.2578003879 177.923165725 0.005 0.505 nan 0.1 0 300 47
1534 19 -147.546854727 306.501274403 0.06 0.406 0.777777777778 0.237113402062 9 291 47
1535 15 -126.095746583 263.599058115 0.06 0.604 0.578947368421 0.185053380783 19 281 47
1536 5 -108.836460205 229.080485359 0.045 0.703 0.565217391304 0.137184115523 23 277 48
1537 12 -154.070602238 319.548769426 0.005 0.208 nan 0.22 0 300 48
1538 32 -158.933769507 329.275103964 0.035 0.307 0.555555555556 0.237113402062 9 291 48
1539 24 -116.844937412 245.097439774 0.005 0.307 nan 0.14 0 300 48
1540 8 -143.319629019 298.046822987 0.005 0.208 nan 0.193333333333 0 300 48
1541 11 -142.215087069 295.837739088 0.105 0.604 0.589743589744 0.2030651341 39 261 48
1542 7 -128.168269717 267.744104383 0.02 0.406 nan 0.186666666667 0 300 48
1543 7 -103.24825238 217.904069709 0.015 0.505 nan 0.136666666667 0 300 48
1544 13 -115.375380994 242.158326936 0.005 0.307 nan 0.143333333333 0 300 48
1545 25 -148.35957547 308.12671589 0.005 0.208 nan 0.2 0 300 48
1546 12 -93.0452217997 197.498008549 0.005 0.406 nan 0.113333333333 0 300 48
1547 23 -207.303450028 426.014465006 0.005 0.01 nan 0.466666666667 0 300 48
1549 27 -150.744293719 312.896152387 0.005 0.208 nan 0.21 0 300 48
1550 4 -135.492908471 282.393381891 0.015 0.307 nan 0.196666666667 0 300 48
1553 11 -123.199102117 257.805769183 0.09 0.802 0.529411764706 0.176691729323 34 266 48
140 11 -86.3982327906 184.20403053 0.005 0.505 nan 0.103333333333 0 300 48
141 4 -125.687097586 262.78176012 0.02 0.406 0.375 0.171232876712 8 292 48
142 10 -96.5673212102 204.54220737 0.005 0.406 nan 0.113333333333 0 300 48
143 21 -172.005572984 355.418710918 0.105 0.307 0.483870967742 0.293680297398 31 269 48
144 16 -77.3585469995 166.124658948 0.005 0.505 nan 0.0966666666667 0 300 48
145 10 -113.237789374 237.883143697 0.015 0.406 0.333333333333 0.148148148148 3 297 48
146 24 -152.370242837 316.148050623 0.005 0.208 nan 0.213333333333 0 300 48
147 11 -124.069482245 259.54652944 0.06 0.604 0.625 0.18661971831 16 284 48
148 3 -126.704016127 264.815597203 0.04 0.505 0.666666666667 0.19387755102 6 294 48
149 5 -114.168818072 239.745201094 0.03 0.505 0.5 0.167808219178 8 292 48
150 25 -134.99355256 281.394670069 0.01 0.307 nan 0.18 0 300 48
151 21 -139.777444454 290.962453858 0.005 0.208 nan 0.183333333333 0 300 48
152 9 -89.9033896609 191.214344271 0.01 0.505 nan 0.113333333333 0 300 48
153 15 -179.920640328 371.248845604 0.065 0.208 0.666666666667 0.305841924399 9 291 48
154 3 -111.156868163 233.721301275 0.03 0.604 0.833333333333 0.15306122449 6 294 48
155 0 -115.503992402 242.415549753 0.005 0.307 nan 0.14 0 300 48
157 8 -151.990223625 315.3880122 0.005 0.208 nan 0.213333333333 0 300 48
158 9 -71.6211827256 154.6499304 0.005 0.505 nan 0.08 0 300 48
159 15 -77.2856701315 165.978905212 0.005 0.505 nan 0.0933333333333 0 300 48
160 29 -69.7390861475 150.885737244 0.005 0.604 nan 0.0866666666667 0 300 48
161 4 -82.0451770951 175.497919139 0.005 0.505 nan 0.0933333333333 0 300 48
162 19 -195.730360109 402.868285168 0.015 0.109 nan 0.356666666667 0 300 48
163 3 -143.952556221 299.312677392 0.005 0.208 nan 0.2 0 300 48
164 2 -131.676048411 274.759661771 0.02 0.406 nan 0.183333333333 0 300 48
165 12 -132.124491997 275.656548943 0.06 0.505 0.380952380952 0.204301075269 21 279 48
166 1 -111.300561888 234.008688726 0.06 0.802 0.461538461538 0.164233576642 26 274 48
168 37 -115.149986543 241.707538035 0.005 0.307 nan 0.146666666667 0 300 48
170 12 -154.455920475 320.319405899 0.015 0.208 nan 0.226666666667 0 300 48
171 5 -114.381319371 240.170203692 0.005 0.307 nan 0.143333333333 0 300 48
172 9 -129.278145936 269.963856822 0.025 0.406 0.571428571429 0.17747440273 7 293 48
173 5 -102.534947914 216.477460777 0.01 0.406 nan 0.13 0 300 48
174 1 -155.507135028 322.421835006 0.005 0.208 nan 0.22 0 300 48
175 12 -80.1182535829 171.644072115 0.005 0.505 nan 0.1 0 300 48
176 21 -134.127228925 279.662022799 0.145 0.802 0.560975609756 0.216216216216 41 259 48
177 40 -207.832580525 427.072725999 0.005 0.01 nan 0.48 0 300 48
178 8 -113.994148115 239.395861179 0.02 0.505 nan 0.166666666667 0 300 48
179 4 -140.952199114 293.311963177 0.075 0.505 0.5 0.207407407407 30 270 48
180 8 -130.749314253 272.906193455 0.075 0.604 0.576923076923 0.197080291971 26 274 48
181 4 -125.571231723 262.550028396 0.135 0.901 0.609756097561 0.181467181467 41 259 48
183 5 -117.991791535 247.391148019 0.005 0.307 nan 0.15 0 300 48
184 3 -160.679698619 332.766962188 0.015 0.208 nan 0.243333333333 0 300 48
185 7 -82.5413006529 176.490166255 0.005 0.505 nan 0.1 0 300 48
186 11 -91.2539913673 193.915547684 0.005 0.505 nan 0.103333333333 0 300 48
187 8 -116.820515004 245.048594957 0.015 0.406 nan 0.16 0 300 48
188 20 -145.364706301 302.136977551 0.005 0.208 nan 0.193333333333 0 300 48
189 3 -110.123958962 231.655482872 0.085 1.0 0.605263157895 0.148854961832 38 262 48
190 32 -179.454938748 370.317442445 0.005 0.109 nan 0.29 0 300 48
192 7 -134.628832584 280.665230117 0.02 0.307 nan 0.206666666667 0 300 48
193 2 -136.80124238 285.01004971 0.04 0.406 0.333333333333 0.191489361702 18 282 48
194 9 -74.6472867726 160.702138495 0.005 0.604 nan 0.08 0 300 48
195 9 -147.743631264 306.894827477 0.01 0.208 nan 0.206666666667 0 300 48
196 0 -119.549010982 250.505586913 0.02 0.406 1.0 0.171140939597 2 298 48
197 23 -190.105214356 391.617993661 0.01 0.109 nan 0.333333333333 0 300 48
198 8 -68.1197825212 147.647129992 0.005 0.604 nan 0.08 0 300 48
199 11 -119.692350429 250.792265808 0.02 0.406 0.428571428571 0.160409556314 7 293 48
200 22 -103.146611544 217.700788037 0.005 0.406 nan 0.123333333333 0 300 48
202 17 -150.731012548 312.869590046 0.1 0.505 0.588235294118 0.225563909774 34 266 48
203 7 -122.232322525 255.872209999 0.005 0.307 nan 0.16 0 300 48
204 22 -114.125229328 239.658023606 0.01 0.406 nan 0.146666666667 0 300 48
206 32 -100.864530008 213.136624965 0.005 0.406 nan 0.123333333333 0 300 48
207 6 -77.783518205 166.974601359 0.005 0.505 nan 0.0933333333333 0 300 48
208 34 -144.642753938 300.693072825 0.005 0.208 nan 0.193333333333 0 300 48
212 1 -102.141772038 215.691109025 0.025 0.604 0.5 0.151006711409 2 298 48
213 18 -207.80176508 427.011095108 0.05 0.01 0.166666666667 0.493197278912 6 294 48
215 8 -99.2307307354 209.86902642 0.005 0.406 nan 0.123333333333 0 300 48
216 1 -97.9001838845 207.207932718 0.005 0.406 nan 0.113333333333 0 300 48
217 16 -151.051692332 313.510949614 0.02 0.307 0.6 0.213559322034 5 295 48
218 3 -122.63504401 256.67765297 0.015 0.406 nan 0.166666666667 0 300 48
220 26 -70.7243593868 152.856283723 0.01 0.802 0.333333333333 0.0816326530612 6 294 48
221 3 -114.289342248 239.986249445 0.05 0.703 0.48 0.167272727273 25 275 48
223 15 -84.2463552738 179.900275497 0.005 0.505 nan 0.0966666666667 0 300 48
225 4 -134.402302128 280.212169205 0.02 0.307 nan 0.2 0 300 48
226 22 -137.582207099 286.571979148 0.01 0.307 nan 0.186666666667 0 300 48
227 39 -121.448083635 254.303732219 0.02 0.406 0.571428571429 0.160409556314 7 293 48
228 12 -105.948244685 223.304054319 0.01 0.406 nan 0.136666666667 0 300 48
229 16 -115.112333375 241.6322317 0.005 0.307 nan 0.14 0 300 48
230 8 -51.9198754643 115.247315878 0.005 0.802 nan 0.06 0 300 48
231 40 -142.524148409 296.455861767 0.015 0.307 nan 0.2 0 300 48
232 7 -129.953922738 271.315410425 0.01 0.307 1.0 0.167224080268 1 299 48
234 8 -91.7112538315 194.830072612 0.01 0.505 0.4 0.108474576271 5 295 48
235 11 -147.841954562 307.091474072 0.005 0.208 nan 0.203333333333 0 300 48
236 12 -185.036407524 381.480379997 0.01 0.109 nan 0.32 0 300 48
237 3 -158.882517566 329.172600081 0.01 0.208 1.0 0.224080267559 1 299 48
238 25 -148.552141691 308.511848332 0.005 0.208 nan 0.206666666667 0 300 48
240 3 -95.6474377462 202.702440442 0.005 0.406 nan 0.12 0 300 48
241 4 -159.52071685 330.448998648 0.005 0.208 nan 0.22 0 300 48
242 7 -76.1354016207 163.678368191 0.005 0.604 nan 0.0866666666667 0 300 48
243 13 -111.24215 233.89186495 0.06 0.802 0.529411764706 0.16961130742 17 283 48
244 28 -161.477329109 334.362223167 0.04 0.307 0.714285714286 0.249146757679 7 293 48
245 9 -117.486611475 246.380787899 0.095 0.901 0.58064516129 0.174721189591 31 269 48
247 15 -127.077001499 265.561567947 0.05 0.505 0.625 0.179577464789 16 284 48
248 35 -181.685168385 374.777901719 0.005 0.109 nan 0.296666666667 0 300 48
253 4 -89.5897740364 190.587113022 0.005 0.406 nan 0.106666666667 0 300 48
256 10 -113.664774358 238.737113665 0.005 0.307 nan 0.13 0 300 48
257 24 -121.119054214 253.645673378 0.015 0.406 0.4 0.152542372881 5 295 48
258 8 -127.783056804 266.973678557 0.08 0.703 0.5 0.184210526316 34 266 48
259 14 -49.2269535043 109.861471958 0.005 0.802 nan 0.0666666666667 0 300 48
260 13 -123.469612668 258.346790286 0.035 0.505 0.285714285714 0.18771331058 7 293 48
261 7 -177.343634698 366.094834346 0.035 0.208 0.666666666667 0.282828282828 3 297 48
262 11 -127.632367088 266.672299125 0.01 0.307 nan 0.176666666667 0 300 48
263 8 -93.5106141467 198.428793243 0.005 0.406 nan 0.116666666667 0 300 48
264 3 -92.5292685415 196.466102032 0.005 0.406 nan 0.106666666667 0 300 48
1519 17 -119.625113312 250.657791573 0.07 0.703 0.615384615385 0.178832116788 26 274 48
1520 4 -111.462880529 234.333326006 0.01 0.406 0.0 0.138513513514 4 296 48
1521 17 -152.95170359 317.31097213 0.01 0.208 nan 0.223333333333 0 300 48
1523 14 -135.335644271 282.078853491 0.05 0.505 0.478260869565 0.191335740072 23 277 48
1524 11 -146.495135131 304.397835212 0.02 0.307 0.5 0.214765100671 2 298 48
1525 12 -151.36462578 314.136816509 0.01 0.208 nan 0.22 0 300 48
1526 11 -136.767850897 284.943266743 0.005 0.208 nan 0.17 0 300 48
1527 15 -137.519318398 286.446201745 0.015 0.307 nan 0.196666666667 0 300 48
1528 2 -121.904713941 255.216992832 0.005 0.307 nan 0.153333333333 0 300 48
1529 2 -84.9140397329 181.235644415 0.005 0.505 nan 0.1 0 300 48
1530 15 -87.7901603211 186.987885591 0.005 0.406 nan 0.106666666667 0 300 48
1531 10 -102.952578345 217.31272164 0.01 0.406 1.0 0.127090301003 1 299 48
1532 15 -84.5574077076 180.522380365 0.01 0.604 0.25 0.101351351351 4 296 48
1533 22 -93.811888722 199.031342393 0.005 0.406 nan 0.11 0 300 48
1534 19 -140.866835814 293.141236577 0.085 0.505 0.652173913043 0.212996389892 23 277 48
1535 15 -115.341850278 242.091265505 0.05 0.604 0.4375 0.176056338028 16 284 48
1536 5 -122.867463779 257.142492508 0.045 0.505 0.25 0.202054794521 8 292 49
1537 12 -144.263370516 299.93430598 0.005 0.208 nan 0.2 0 300 49
1538 32 -141.970354448 295.348273845 0.04 0.406 0.636363636364 0.207612456747 11 289 49
1539 24 -107.114383439 225.636331828 0.01 0.406 1.0 0.130434782609 1 299 49
1540 8 -142.045564288 295.498693525 0.005 0.208 nan 0.193333333333 0 300 49
1541 11 -138.032423184 287.472411317 0.12 0.703 0.607843137255 0.180722891566 51 249 49
1542 7 -127.521764361 266.451093671 0.025 0.406 0.444444444444 0.175257731959 9 291 49
1543 7 -94.7512474488 200.910059847 0.015 0.505 nan 0.136666666667 0 300 49
1544 13 -112.71315834 236.83388163 0.005 0.307 nan 0.143333333333 0 300 49
1545 25 -136.634505395 284.67657574 0.005 0.208 nan 0.176666666667 0 300 49
1546 12 -123.653356621 258.714278191 0.005 0.307 nan 0.156666666667 0 300 49
1547 23 -194.47969894 400.366962829 0.19 0.208 0.622222222222 0.36862745098 45 255 49
1549 27 -138.486000271 288.37956549 0.005 0.208 nan 0.18 0 300 49
1550 4 -135.718645819 282.844856587 0.035 0.406 0.454545454545 0.193771626298 11 289 49
1553 11 -129.748600604 270.904766158 0.04 0.406 0.6 0.189655172414 10 290 49
140 11 -82.3974688191 176.202502588 0.005 0.505 nan 0.1 0 300 49
141 4 -108.292969876 227.993504701 0.025 0.505 0.4 0.152542372881 5 295 49
142 10 -91.4049528404 194.21747063 0.01 0.505 nan 0.12 0 300 49
143 21 -177.193239369 365.794043687 0.205 0.406 0.566666666667 0.3 60 240 49
144 16 -82.5554981796 176.518561309 0.005 0.505 nan 0.0966666666667 0 300 49
145 10 -114.716001924 240.839568797 0.01 0.406 nan 0.15 0 300 49
146 24 -148.876599401 309.160763752 0.005 0.208 nan 0.203333333333 0 300 49
147 11 -127.647828739 266.703222426 0.06 0.604 0.5 0.178832116788 26 274 49
148 3 -129.526483334 270.460531616 0.05 0.505 0.7 0.196551724138 10 290 49
149 5 -126.304738324 264.017041598 0.025 0.406 0.5 0.187919463087 2 298 49
150 25 -153.773401463 318.954367876 0.015 0.208 1.0 0.224080267559 1 299 49
151 21 -147.850260891 307.108086731 0.02 0.307 0.75 0.202702702703 4 296 49
152 9 -94.2189277412 199.845420432 0.01 0.505 nan 0.123333333333 0 300 49
153 15 -174.225325029 359.858215007 0.185 0.406 0.606557377049 0.267782426778 61 239 49
154 3 -120.205161099 251.817887148 0.045 0.604 0.583333333333 0.170138888889 12 288 49
155 0 -107.475733614 226.359032178 0.01 0.406 nan 0.136666666667 0 300 49
157 8 -134.57921023 280.565985408 0.01 0.307 nan 0.186666666667 0 300 49
158 9 -89.3676972489 190.142959447 0.005 0.406 1.0 0.0969899665552 1 299 49
159 15 -98.4418897883 208.291344526 0.005 0.406 nan 0.116666666667 0 300 49
160 29 -84.8527168002 181.11299855 0.005 0.406 nan 0.1 0 300 49
161 4 -73.4790791806 158.36572331 0.005 0.505 nan 0.0833333333333 0 300 49
162 19 -180.382353391 372.17227173 0.005 0.109 nan 0.283333333333 0 300 49
163 3 -146.950652081 305.308869112 0.005 0.208 nan 0.203333333333 0 300 49
164 2 -122.627792701 256.663150351 0.02 0.406 0.75 0.168918918919 4 296 49
165 12 -150.044018137 311.495601223 0.03 0.307 0.2 0.233898305085 5 295 49
166 1 -104.330498643 220.068562236 0.07 1.0 0.487179487179 0.141762452107 39 261 49
168 37 -109.506426203 230.420417355 0.005 0.307 nan 0.136666666667 0 300 49
170 12 -142.277910563 295.963386075 0.05 0.406 0.642857142857 0.213286713287 14 286 49
171 5 -110.965835975 233.3392369 0.01 0.406 nan 0.143333333333 0 300 49
172 9 -141.14989808 293.707361109 0.015 0.307 nan 0.2 0 300 49
173 5 -83.8617949498 179.131154849 0.015 0.703 1.0 0.110367892977 1 299 49
174 1 -147.529697238 306.466959425 0.005 0.208 nan 0.203333333333 0 300 49
175 12 -92.1445659013 195.696696752 0.005 0.406 nan 0.1 0 300 49
176 21 -133.537559332 278.482683613 0.16 0.901 0.560606060606 0.183760683761 66 234 49
177 40 -207.783585831 426.974736611 0.045 0.01 nan 0.493333333333 0 300 49
178 8 -123.118530041 257.644625032 0.04 0.505 0.615384615385 0.174216027875 13 287 49
179 4 -143.869046986 299.145658921 0.05 0.406 0.588235294118 0.21554770318 17 283 49
180 8 -121.030831184 253.469227318 0.075 0.703 0.551724137931 0.177121771218 29 271 49
181 4 -129.120502397 269.648569743 0.115 0.802 0.581395348837 0.194552529183 43 257 49
183 5 -111.949340946 235.30624684 0.005 0.307 nan 0.133333333333 0 300 49
184 3 -154.805079319 321.017723587 0.015 0.208 nan 0.233333333333 0 300 49
185 7 -85.7807321561 182.969029262 0.005 0.505 nan 0.1 0 300 49
186 11 -92.4730357145 196.353636378 0.005 0.406 nan 0.106666666667 0 300 49
187 8 -118.60151962 248.610604189 0.005 0.307 nan 0.15 0 300 49
188 20 -149.531765114 310.471095178 0.01 0.208 nan 0.213333333333 0 300 49
189 3 -126.783815567 264.975196083 0.095 0.802 0.512195121951 0.173745173745 41 259 49
190 32 -179.85808222 371.12372939 0.005 0.109 nan 0.293333333333 0 300 49
192 7 -155.750348919 322.908262787 0.015 0.208 0.25 0.236486486486 4 296 49
193 2 -141.39987045 294.207305849 0.035 0.406 0.416666666667 0.197916666667 12 288 49
194 9 -56.8098424226 125.027249795 0.005 0.802 nan 0.0733333333333 0 300 49
195 9 -152.89442554 317.19641603 0.01 0.208 nan 0.22 0 300 49
196 0 -111.963592107 235.334749163 0.035 0.604 0.571428571429 0.163822525597 7 293 49
197 23 -195.748273561 402.904112072 0.025 0.109 0.6 0.352542372881 5 295 49
198 8 -70.9949715511 153.397508052 0.005 0.604 nan 0.0866666666667 0 300 49
199 11 -110.108671934 231.624908817 0.035 0.604 0.8 0.15593220339 5 295 49
200 22 -117.276437388 245.960439725 0.01 0.406 0.5 0.140939597315 2 298 49
202 17 -141.452501064 294.312567078 0.13 0.703 0.622222222222 0.2 45 255 49
203 7 -118.388239343 248.184043635 0.005 0.307 nan 0.143333333333 0 300 49
204 22 -116.557236319 244.522037588 0.015 0.406 1.0 0.147651006711 2 298 49
206 32 -108.477793419 228.363151788 0.005 0.406 nan 0.123333333333 0 300 49
207 6 -86.3960561859 184.199677321 0.005 0.505 nan 0.0966666666667 0 300 49
208 34 -145.456750774 302.321066497 0.005 0.208 nan 0.2 0 300 49
212 1 -98.1288775826 207.665320115 0.035 0.802 0.5 0.147260273973 8 292 49
213 18 -207.470962401 426.349489752 0.005 0.01 nan 0.473333333333 0 300 49
215 8 -105.513864331 222.435293612 0.005 0.307 nan 0.123333333333 0 300 49
216 1 -89.6014897263 190.610544402 0.005 0.406 nan 0.106666666667 0 300 49
217 16 -137.91256033 287.23268561 0.005 0.208 nan 0.17 0 300 49
218 3 -132.727913968 276.863392885 0.015 0.307 nan 0.193333333333 0 300 49
220 26 -90.19161849 191.790801929 0.005 0.406 nan 0.106666666667 0 300 49
221 3 -108.32976915 228.06710325 0.06 0.901 0.653846153846 0.138686131387 26 274 49
223 15 -91.3180350398 194.043635029 0.005 0.406 nan 0.106666666667 0 300 49
225 4 -123.521040062 258.449645073 0.035 0.505 0.571428571429 0.17747440273 7 293 49
226 22 -125.041562013 261.490688975 0.01 0.307 nan 0.166666666667 0 300 49
227 39 -154.012391591 319.432348132 0.005 0.208 nan 0.22 0 300 49
228 12 -110.880256103 233.168077155 0.005 0.307 nan 0.14 0 300 49
229 16 -108.470931952 228.349428853 0.005 0.307 nan 0.133333333333 0 300 49
230 8 -46.4166805658 104.240926081 0.005 1.0 1.0 0.056856187291 1 299 49
231 40 -146.95329218 305.314149309 0.005 0.208 nan 0.196666666667 0 300 49
232 7 -130.959190466 273.32594588 0.01 0.307 nan 0.176666666667 0 300 49
234 8 -90.6783717343 192.764308418 0.005 0.406 nan 0.1 0 300 49
235 11 -142.977068782 297.361702514 0.005 0.208 nan 0.196666666667 0 300 49
236 12 -172.782091939 356.971748827 0.025 0.208 0.5 0.261904761905 6 294 49
237 3 -139.067384939 289.542334828 0.01 0.307 nan 0.186666666667 0 300 49
238 25 -156.46797289 324.343510729 0.005 0.208 nan 0.216666666667 0 300 49
240 3 -96.9605934233 205.328751796 0.005 0.406 nan 0.116666666667 0 300 49
241 4 -148.987532471 309.382629891 0.005 0.208 nan 0.2 0 300 49
242 7 -81.4285733881 174.264711725 0.005 0.505 nan 0.103333333333 0 300 49
243 13 -108.530662527 228.468890002 0.09 1.0 0.612903225806 0.163568773234 31 269 49
244 28 -151.718452258 314.844469466 0.01 0.208 nan 0.223333333333 0 300 49
245 9 -125.772131172 262.951827293 0.08 0.703 0.5 0.190298507463 32 268 49
247 15 -131.719921193 274.847407335 0.05 0.505 0.526315789474 0.188612099644 19 281 49
248 35 -185.619581334 382.646727617 0.005 0.109 nan 0.31 0 300 49
253 4 -100.993187172 213.393939294 0.005 0.406 nan 0.12 0 300 49
256 10 -116.710001469 244.827567888 0.005 0.307 nan 0.143333333333 0 300 49
257 24 -114.732204637 240.871974223 0.015 0.406 1.0 0.153846153846 1 299 49
258 8 -130.249724078 271.907013105 0.07 0.604 0.62962962963 0.18315018315 27 273 49
259 14 -51.9357037397 115.278972429 0.005 0.802 0.5 0.0503355704698 2 298 49
260 13 -139.744198632 290.895962213 0.02 0.307 nan 0.21 0 300 49
261 7 -183.666728788 378.741022524 0.01 0.109 nan 0.313333333333 0 300 49
262 11 -142.923310054 297.254185058 0.02 0.307 nan 0.203333333333 0 300 49
263 8 -101.754489313 214.916543576 0.005 0.406 nan 0.113333333333 0 300 49
264 3 -95.6344369209 202.676438791 0.005 0.406 nan 0.106666666667 0 300 49
1519 17 -110.220099755 231.847764459 0.05 0.703 0.473684210526 0.167259786477 19 281 49
1520 4 -111.779010619 234.965586188 0.005 0.307 nan 0.136666666667 0 300 49
1521 17 -128.665706223 268.738977395 0.035 0.406 0.333333333333 0.190476190476 6 294 49
1523 14 -123.73911894 258.885802829 0.02 0.406 nan 0.18 0 300 49
1524 11 -154.515087737 320.437740424 0.01 0.208 nan 0.223333333333 0 300 49
1525 12 -152.496700183 316.400965314 0.01 0.208 nan 0.226666666667 0 300 49
1526 11 -107.83006535 227.067695649 0.01 0.406 nan 0.136666666667 0 300 49
1527 15 -124.920502481 261.248569911 0.06 0.604 0.473684210526 0.181494661922 19 281 49
1528 2 -107.910490041 227.228545032 0.005 0.307 nan 0.13 0 300 49
1529 2 -95.5599385857 202.527442121 0.005 0.406 nan 0.12 0 300 49
1530 15 -96.624867728 204.657300405 0.005 0.406 nan 0.12 0 300 49
1531 10 -115.372521109 242.152607168 0.015 0.406 1.0 0.151006711409 2 298 49
1532 15 -96.9621214988 205.331807947 0.005 0.406 nan 0.11 0 300 49
1533 22 -90.0028057266 191.413176402 0.005 0.406 nan 0.11 0 300 49
1534 19 -141.460234198 294.328033345 0.105 0.604 0.6 0.203846153846 40 260 49
1535 15 -128.605848191 268.619261331 0.045 0.505 0.636363636364 0.18339100346 11 289 49
1536 5 -128.24731884 267.902202629 0.035 0.505 0.375 0.172535211268 16 284 50
1537 12 -156.104743912 323.617052772 0.01 0.208 nan 0.23 0 300 50
1538 32 -159.595602514 330.598769977 0.04 0.307 0.428571428571 0.249146757679 7 293 50
1539 24 -118.84868054 249.104926029 0.005 0.307 nan 0.146666666667 0 300 50
1540 8 -155.490076688 322.387718326 0.005 0.208 nan 0.213333333333 0 300 50
1541 11 -125.789584851 262.986734651 0.12 0.901 0.577777777778 0.188235294118 45 255 50
1542 7 -138.329815929 288.067196807 0.015 0.307 0.333333333333 0.188552188552 3 297 50
1543 7 -101.670485955 214.748536859 0.025 0.604 0.6 0.138983050847 5 295 50
1544 13 -107.2651341 225.937833149 0.005 0.307 nan 0.133333333333 0 300 50
1545 25 -153.938069403 319.283703755 0.01 0.208 nan 0.22 0 300 50
1546 12 -116.406267186 244.22009932 0.005 0.307 nan 0.146666666667 0 300 50
1547 23 -206.823998137 425.055561223 0.005 0.01 nan 0.446666666667 0 300 50
1549 27 -141.717262823 294.842090595 0.005 0.208 nan 0.186666666667 0 300 50
1550 4 -143.277890704 297.963346357 0.025 0.307 0.8 0.196610169492 5 295 50
1553 11 -115.971568535 243.350702019 0.09 0.901 0.586206896552 0.177121771218 29 271 50
140 11 -76.4691850974 164.345935144 0.005 0.604 nan 0.0866666666667 0 300 50
141 4 -114.205803838 239.819172625 0.015 0.406 nan 0.16 0 300 50
142 10 -93.0268349873 197.461234924 0.005 0.406 nan 0.113333333333 0 300 50
143 21 -176.660921195 364.72940734 0.125 0.307 0.5 0.3125 28 272 50
144 16 -70.0687522941 151.545069538 0.005 0.604 nan 0.08 0 300 50
145 10 -118.510570423 248.428705795 0.005 0.307 nan 0.153333333333 0 300 50
146 24 -150.061252416 311.530069782 0.03 0.307 0.352941176471 0.208480565371 17 283 50
147 11 -129.888870738 271.185306426 0.07 0.604 0.448275862069 0.19557195572 29 271 50
148 3 -144.453220676 300.314006301 0.045 0.406 0.636363636364 0.21107266436 11 289 50
149 5 -114.263621573 239.934808096 0.03 0.505 0.6 0.166101694915 5 295 50
150 25 -143.383157442 298.173879832 0.005 0.208 nan 0.196666666667 0 300 50
151 21 -147.103866133 305.615297215 0.005 0.208 nan 0.196666666667 0 300 50
152 9 -91.0441158012 193.495796552 0.015 0.604 0.5 0.110738255034 2 298 50
153 15 -164.28043886 339.96844267 0.06 0.307 0.5625 0.253521126761 16 284 50
154 3 -122.896999546 257.201564042 0.05 0.604 0.722222222222 0.163120567376 18 282 50
155 0 -113.419813002 238.247190953 0.005 0.307 nan 0.146666666667 0 300 50
157 8 -146.58092707 304.569419089 0.005 0.208 nan 0.203333333333 0 300 50
158 9 -78.1541160844 167.715797118 0.005 0.505 nan 0.0966666666667 0 300 50
159 15 -86.0878690143 183.583302978 0.005 0.505 nan 0.103333333333 0 300 50
160 29 -81.2132135317 173.833992013 0.005 0.505 nan 0.0966666666667 0 300 50
161 4 -58.8629070281 129.133379005 0.005 0.703 nan 0.0733333333333 0 300 50
162 19 -184.938042667 381.283650284 0.01 0.109 nan 0.316666666667 0 300 50
163 3 -155.926516748 323.260598446 0.005 0.208 nan 0.216666666667 0 300 50
164 2 -125.52068059 262.448926129 0.06 0.604 0.6 0.189473684211 15 285 50
165 12 -145.738781673 302.885128296 0.055 0.406 0.4 0.217857142857 20 280 50
166 1 -111.118408038 233.644381026 0.055 0.802 0.59375 0.126865671642 32 268 50
168 37 -124.424421257 260.256407464 0.01 0.307 0.25 0.165540540541 4 296 50
170 12 -144.582612748 300.572790444 0.055 0.406 0.533333333333 0.231578947368 15 285 50
171 5 -116.075707077 243.558979103 0.005 0.307 nan 0.14 0 300 50
172 9 -138.207562975 287.822690899 0.04 0.406 0.5 0.187943262411 18 282 50
173 5 -105.914901549 223.237368048 0.01 0.406 1.0 0.130872483221 2 298 50
174 1 -149.025924462 309.459413873 0.005 0.208 nan 0.2 0 300 50
175 12 -115.377683849 242.162932646 0.005 0.307 1.0 0.130434782609 1 299 50
176 21 -140.419813006 292.247190961 0.155 0.802 0.711111111111 0.192156862745 45 255 50
177 40 -207.787804965 426.98317488 0.13 0.01 0.625 0.489436619718 16 284 50
178 8 -118.554584815 248.51673458 0.02 0.406 1.0 0.163879598662 1 299 50
179 4 -134.959785797 281.327136543 0.065 0.505 0.55 0.189285714286 20 280 50
180 8 -123.640122253 258.687809455 0.07 0.703 0.6 0.174074074074 30 270 50
181 4 -129.714585478 270.836735905 0.095 0.703 0.736842105263 0.199288256228 19 281 50
183 5 -139.451770272 290.311105494 0.005 0.208 nan 0.176666666667 0 300 50
184 3 -150.761158728 312.929882405 0.01 0.208 nan 0.21 0 300 50
185 7 -86.8465211359 185.100607221 0.005 0.505 nan 0.0933333333333 0 300 50
186 11 -88.6708914207 188.749347791 0.005 0.505 nan 0.0966666666667 0 300 50
187 8 -96.9259277119 205.259420373 0.02 0.604 0.4 0.128813559322 5 295 50
188 20 -150.224041866 311.855648681 0.005 0.208 nan 0.203333333333 0 300 50
189 3 -115.397441387 242.202447724 0.075 0.802 0.714285714286 0.161764705882 28 272 50
190 32 -185.850119554 383.107804058 0.005 0.109 nan 0.306666666667 0 300 50
192 7 -138.506526224 288.420617397 0.02 0.307 1.0 0.197324414716 1 299 50
193 2 -145.910372439 303.228309828 0.005 0.208 nan 0.203333333333 0 300 50
194 9 -63.0430767021 137.493718353 0.005 0.604 nan 0.08 0 300 50
195 9 -157.075862777 325.559290503 0.01 0.208 nan 0.233333333333 0 300 50
196 0 -118.652515832 248.712596614 0.035 0.604 0.333333333333 0.168421052632 15 285 50
197 23 -190.822958607 393.053482163 0.03 0.109 nan 0.35 0 300 50
198 8 -65.641722989 142.691010927 0.005 0.604 nan 0.0833333333333 0 300 50
199 11 -104.092907783 219.593380516 0.035 0.703 0.555555555556 0.154639175258 9 291 50
200 22 -106.678728152 224.765021253 0.015 0.505 1.0 0.137583892617 2 298 50
202 17 -149.379374482 310.166313912 0.13 0.604 0.6 0.211764705882 45 255 50
203 7 -124.849914333 261.107393615 0.01 0.307 nan 0.173333333333 0 300 50
204 22 -112.96469641 237.33695777 0.005 0.307 nan 0.13 0 300 50
206 32 -116.189755749 243.787076447 0.005 0.307 nan 0.15 0 300 50
207 6 -74.4773567953 160.36227854 0.005 0.505 nan 0.0833333333333 0 300 50
208 34 -158.683499829 328.774564608 0.01 0.208 nan 0.23 0 300 50
212 1 -110.322492718 232.052550386 0.025 0.505 0.545454545455 0.145328719723 11 289 50
213 18 -207.9548689 427.317302749 0.205 0.01 0.6 0.505660377358 35 265 50
215 8 -85.3278502335 182.063265416 0.01 0.604 nan 0.1 0 300 50
216 1 -107.988333006 227.384230961 0.005 0.307 nan 0.133333333333 0 300 50
217 16 -143.136604788 297.680774525 0.005 0.208 nan 0.196666666667 0 300 50
218 3 -132.81246283 277.032490609 0.015 0.307 nan 0.186666666667 0 300 50
220 26 -71.1688078658 153.745180681 0.005 0.604 nan 0.09 0 300 50
221 3 -99.6838965943 210.775358138 0.065 1.0 0.615384615385 0.170731707317 13 287 50
223 15 -94.3142868222 200.036138594 0.005 0.406 nan 0.106666666667 0 300 50
225 4 -129.597839143 270.603243236 0.025 0.406 0.5 0.183673469388 6 294 50
226 22 -131.470161122 274.347887194 0.05 0.505 0.478260869565 0.180505415162 23 277 50
227 39 -133.155090632 277.717746213 0.01 0.307 0.125 0.171232876712 8 292 50
228 12 -108.765067981 228.937700912 0.005 0.307 nan 0.133333333333 0 300 50
229 16 -123.377422072 258.162409092 0.005 0.307 nan 0.153333333333 0 300 50
230 8 -59.0768988191 129.561362588 0.005 0.703 nan 0.0766666666667 0 300 50
231 40 -150.497077058 312.401719066 0.01 0.208 nan 0.216666666667 0 300 50
232 7 -125.213094961 261.833754872 0.015 0.406 nan 0.18 0 300 50
234 8 -93.0433521419 197.494269233 0.005 0.406 nan 0.11 0 300 50
235 11 -146.69279023 304.79314541 0.005 0.208 nan 0.2 0 300 50
236 12 -186.891627641 385.19082023 0.005 0.109 nan 0.32 0 300 50
237 3 -139.347835263 290.103235476 0.005 0.208 nan 0.186666666667 0 300 50
238 25 -139.727077937 290.861720822 0.005 0.208 nan 0.183333333333 0 300 50
240 3 -109.29370723 229.99497941 0.005 0.307 nan 0.13 0 300 50
241 4 -155.351166529 322.109898007 0.005 0.208 nan 0.213333333333 0 300 50
242 7 -82.2940669795 175.995698908 0.005 0.505 nan 0.1 0 300 50
243 13 -105.023710428 221.454985806 0.095 1.0 0.764705882353 0.190812720848 17 283 50
244 28 -153.984034829 319.375634608 0.01 0.208 nan 0.223333333333 0 300 50
245 9 -130.638726804 272.685018557 0.065 0.604 0.692307692308 0.202090592334 13 287 50
247 15 -110.525617614 232.458800177 0.06 0.802 0.65 0.160714285714 20 280 50
248 35 -176.141661683 363.690888316 0.005 0.109 nan 0.266666666667 0 300 50
253 4 -81.5613840589 174.530333067 0.005 0.505 nan 0.09 0 300 50
256 10 -104.77815146 220.963867869 0.005 0.307 nan 0.126666666667 0 300 50
257 24 -115.007709857 241.422984664 0.01 0.406 nan 0.146666666667 0 300 50
258 8 -118.879446187 249.166457324 0.105 1.0 0.577777777778 0.16862745098 45 255 50
259 14 -55.1889420805 121.78544911 0.005 0.802 nan 0.07 0 300 50
260 13 -143.411832896 298.231230742 0.025 0.307 0.5 0.210884353741 6 294 50
261 7 -179.770034472 370.947633894 0.005 0.109 nan 0.293333333333 0 300 50
262 11 -121.426193035 254.259951019 0.015 0.406 nan 0.173333333333 0 300 50
263 8 -104.680372893 220.768310735 0.005 0.406 nan 0.12 0 300 50
264 3 -77.9740609346 167.355686819 0.01 0.703 1.0 0.103678929766 1 299 50
1519 17 -117.905913401 247.219391751 0.085 0.802 0.46875 0.182835820896 32 268 50
1520 4 -113.332197447 238.071959843 0.005 0.307 nan 0.133333333333 0 300 50
1521 17 -127.350561584 266.108688117 0.015 0.406 nan 0.176666666667 0 300 50
1523 14 -135.034824849 281.477214647 0.035 0.406 0.5 0.212837837838 4 296 50
1524 11 -138.806748691 289.021062331 0.01 0.307 nan 0.19 0 300 50
1525 12 -142.49026348 296.388091909 0.03 0.307 nan 0.216666666667 0 300 50
1526 11 -118.637242563 248.682050076 0.005 0.307 nan 0.15 0 300 50
1527 15 -138.33227149 288.072107928 0.02 0.307 nan 0.213333333333 0 300 50
1528 2 -115.273990452 241.955545854 0.005 0.307 nan 0.146666666667 0 300 50
1529 2 -90.1743461832 191.756257316 0.01 0.505 0.333333333333 0.111111111111 3 297 50
1530 15 -87.5853715775 186.578308104 0.005 0.406 nan 0.103333333333 0 300 50
1531 10 -104.471869361 220.351303672 0.01 0.406 nan 0.14 0 300 50
1532 15 -78.5156908124 168.438946574 0.005 0.505 nan 0.0966666666667 0 300 50
1533 22 -102.637007563 216.681580075 0.005 0.406 nan 0.126666666667 0 300 50
1534 19 -130.091939735 271.591444418 0.085 0.604 0.541666666667 0.210144927536 24 276 50
1535 15 -139.565531764 290.538628477 0.02 0.307 nan 0.213333333333 0 300 50
