1536 5 -110.977993857 233.363552664 0.065 0.802 0.555555555556 0.173758865248 18 282 14
1537 12 -140.245639104 291.898843157 0.02 0.307 1.0 0.191275167785 2 298 14
1538 32 -159.181531324 329.770627598 0.04 0.307 0.857142857143 0.238907849829 7 293 14
1539 24 -108.622170347 228.651905644 0.015 0.505 nan 0.146666666667 0 300 14
1540 8 -143.549333337 298.506231623 0.015 0.307 nan 0.196666666667 0 300 14
1541 11 -124.834281904 261.076128758 0.12 0.901 0.576923076923 0.157258064516 52 248 14
1542 7 -128.09410908 267.595783109 0.02 0.406 0.666666666667 0.170068027211 6 294 14
1543 7 -94.9043520997 201.216269149 0.025 0.703 0.833333333333 0.12925170068 6 294 14
1544 13 -127.658606489 266.724777928 0.005 0.307 nan 0.16 0 300 14
1545 25 -136.812602344 285.032769637 0.005 0.208 nan 0.18 0 300 14
1546 12 -127.147956598 265.703478145 0.005 0.307 nan 0.153333333333 0 300 14
1547 23 -200.621195869 412.649956686 0.205 0.208 0.653846153846 0.434306569343 26 274 14
1549 27 -155.531175209 322.469915367 0.005 0.208 nan 0.216666666667 0 300 14
1550 4 -139.959312961 291.326190871 0.02 0.307 nan 0.21 0 300 14
1553 11 -114.349494653 240.106554256 0.06 0.703 0.705882352941 0.16961130742 17 283 14
140 11 -92.0752543446 195.558073638 0.005 0.505 nan 0.0966666666667 0 300 14
141 4 -118.415640795 248.238846539 0.015 0.406 0.333333333333 0.158249158249 3 297 14
142 10 -72.56394304 156.535451029 0.01 0.802 nan 0.09 0 300 14
143 21 -171.505819795 354.41920454 0.085 0.307 0.409090909091 0.298561151079 22 278 14
144 16 -78.5026730014 168.412910952 0.005 0.505 nan 0.09 0 300 14
145 10 -110.588108054 232.583781057 0.005 0.307 nan 0.14 0 300 14
146 24 -138.509879823 288.427324595 0.005 0.208 nan 0.183333333333 0 300 14
147 11 -132.138258907 275.684082764 0.055 0.505 0.428571428571 0.189964157706 21 279 14
148 3 -136.950863971 285.309292891 0.06 0.505 0.571428571429 0.200716845878 21 279 14
149 5 -109.481762794 230.371090538 0.045 0.703 0.5 0.15 20 280 14
150 25 -140.6177471 292.643059149 0.005 0.208 nan 0.186666666667 0 300 14
151 21 -151.73576104 314.87908703 0.01 0.208 nan 0.21 0 300 14
152 9 -95.6852696135 202.778104176 0.005 0.406 nan 0.113333333333 0 300 14
153 15 -169.502979806 350.413524562 0.13 0.406 0.55 0.269230769231 40 260 14
154 3 -125.48165657 262.370878089 0.025 0.406 0.666666666667 0.185185185185 3 297 14
155 0 -123.314443616 258.036452182 0.015 0.406 1.0 0.161073825503 2 298 14
157 8 -137.61523611 286.638037169 0.005 0.208 nan 0.176666666667 0 300 14
158 9 -78.0268222985 167.461209546 0.005 0.505 0.5 0.0906040268456 2 298 14
159 15 -83.6320959681 178.671756886 0.005 0.505 nan 0.0933333333333 0 300 14
160 29 -78.3901068955 168.18777874 0.005 0.505 1.0 0.0903010033445 1 299 14
161 4 -78.8647250444 169.137015038 0.005 0.505 nan 0.1 0 300 14
162 19 -192.734383045 396.876331038 0.01 0.109 nan 0.336666666667 0 300 14
163 3 -147.214703581 305.836972111 0.005 0.208 nan 0.196666666667 0 300 14
164 2 -118.014499061 247.436563072 0.02 0.406 1.0 0.170568561873 1 299 14
165 12 -137.965359895 287.33828474 0.095 0.604 0.684210526316 0.209964412811 19 281 14
166 1 -105.516293716 222.440152381 0.075 1.0 0.606060606061 0.142322097378 33 267 14
168 37 -110.077286673 231.562138296 0.005 0.307 nan 0.133333333333 0 300 14
170 12 -137.32109049 286.04974593 0.065 0.505 0.611111111111 0.205673758865 18 282 14
171 5 -122.623583591 256.654732131 0.005 0.307 nan 0.15 0 300 14
172 9 -141.703258738 294.814082426 0.025 0.307 0.5 0.200680272109 6 294 14
173 5 -100.65063218 212.708829309 0.015 0.505 0.333333333333 0.12925170068 6 294 14
174 1 -154.88951684 321.18659863 0.005 0.208 nan 0.216666666667 0 300 14
175 12 -86.4057725967 184.219110143 0.005 0.505 nan 0.1 0 300 14
176 21 -129.918472105 271.244509159 0.175 1.0 0.603174603175 0.185654008439 63 237 14
177 40 -207.231873529 425.871312007 0.005 0.01 nan 0.46 0 300 14
178 8 -108.433466899 228.274498748 0.02 0.505 0.333333333333 0.148148148148 3 297 14
179 4 -132.229673596 275.866912141 0.1 0.703 0.547619047619 0.18992248062 42 258 14
180 8 -110.99622412 233.40001319 0.06 0.802 0.611111111111 0.166666666667 18 282 14
181 4 -119.898701271 251.204967491 0.16 1.0 0.65 0.166666666667 60 240 14
183 5 -112.758646039 236.924857027 0.005 0.307 nan 0.136666666667 0 300 14
184 3 -172.560656784 356.528878518 0.025 0.208 0.4 0.271186440678 5 295 14
185 7 -96.0720899826 203.551744914 0.005 0.406 nan 0.123333333333 0 300 14
186 11 -101.323090375 214.053745699 0.005 0.406 nan 0.12 0 300 14
187 8 -111.164102516 233.73576998 0.01 0.406 nan 0.143333333333 0 300 14
188 20 -146.840203114 305.087971177 0.005 0.208 nan 0.2 0 300 14
189 3 -127.743001005 266.893566959 0.08 0.703 0.527777777778 0.17803030303 36 264 14
190 32 -186.751450128 384.910465206 0.015 0.109 nan 0.326666666667 0 300 14
192 7 -146.985473726 305.378512402 0.02 0.307 nan 0.223333333333 0 300 14
193 2 -140.748493922 292.904552794 0.02 0.307 nan 0.203333333333 0 300 14
194 9 -61.676156593 134.759878135 0.005 0.703 nan 0.08 0 300 14
195 9 -153.254392161 317.916349271 0.01 0.208 nan 0.223333333333 0 300 14
196 0 -113.787754751 238.98307445 0.025 0.505 0.277777777778 0.141843971631 18 282 14
197 23 -191.32402441 394.055613769 0.02 0.109 nan 0.346666666667 0 300 14
198 8 -63.607460319 138.622485587 0.005 0.703 nan 0.0833333333333 0 300 14
199 11 -115.506020658 242.419606265 0.03 0.505 0.75 0.168918918919 4 296 14
200 22 -121.835935123 255.079435194 0.005 0.307 nan 0.15 0 300 14
202 17 -149.059756215 309.527077378 0.125 0.604 0.585365853659 0.220077220077 41 259 14
203 7 -114.918953793 241.245472536 0.01 0.406 nan 0.15 0 300 14
204 22 -120.936869277 253.281303502 0.01 0.307 nan 0.156666666667 0 300 14
206 32 -98.3764201075 208.160405164 0.005 0.406 nan 0.116666666667 0 300 14
207 6 -68.8845086454 149.17658224 0.01 0.901 0.375 0.0821917808219 8 292 14
208 34 -133.54205235 278.491669649 0.015 0.307 1.0 0.177852348993 2 298 14
212 1 -98.4442508044 208.296066558 0.03 0.703 0.625 0.143835616438 8 292 14
213 18 -208.129491929 427.666548807 0.205 0.01 0.52380952381 0.503875968992 42 258 14
215 8 -105.366781905 222.141128759 0.005 0.406 nan 0.13 0 300 14
216 1 -90.2120181439 191.831601237 0.005 0.406 nan 0.11 0 300 14
217 16 -150.31117473 312.029914409 0.025 0.307 1.0 0.212837837838 4 296 14
218 3 -133.872726871 279.153018691 0.015 0.307 0.5 0.187919463087 2 298 14
220 26 -79.4054982656 170.21856148 0.005 0.505 nan 0.0866666666667 0 300 14
221 3 -105.430664814 222.268894577 0.07 0.901 0.53125 0.149253731343 32 268 14
223 15 -85.829680383 183.066925715 0.01 0.604 nan 0.106666666667 0 300 14
225 4 -118.819310784 249.046186518 0.03 0.505 0.5 0.167808219178 8 292 14
226 22 -132.877708722 277.162982394 0.03 0.406 0.444444444444 0.185567010309 9 291 14
227 39 -143.07958055 297.566726049 0.005 0.208 nan 0.196666666667 0 300 14
228 12 -114.051938906 239.511442761 0.005 0.307 nan 0.14 0 300 14
229 16 -122.846202697 257.099970343 0.005 0.307 nan 0.156666666667 0 300 14
230 8 -54.6961812421 120.799927434 0.005 0.802 nan 0.07 0 300 14
231 40 -139.533923658 290.475412266 0.005 0.208 nan 0.19 0 300 14
232 7 -135.825324582 283.058214113 0.01 0.307 0.0 0.173913043478 1 299 14
234 8 -81.2986757028 174.004916355 0.005 0.505 nan 0.0966666666667 0 300 14
235 11 -150.178629242 311.764823433 0.01 0.208 nan 0.213333333333 0 300 14
236 12 -178.369602529 368.146770006 0.005 0.109 nan 0.283333333333 0 300 14
237 3 -157.969261975 327.346088899 0.005 0.208 nan 0.22 0 300 14
238 25 -151.578398973 314.564362896 0.005 0.208 nan 0.21 0 300 14
240 3 -96.0949218994 203.597408748 0.005 0.406 nan 0.12 0 300 14
241 4 -147.372109344 306.151783637 0.005 0.208 nan 0.2 0 300 14
242 7 -58.0254369123 127.458438774 0.01 1.0 1.0 0.0769230769231 1 299 14
243 13 -110.489352465 232.38626988 0.09 1.0 0.558823529412 0.161654135338 34 266 14
244 28 -157.532951309 326.473467568 0.035 0.307 0.5 0.238095238095 6 294 14
245 9 -117.069444947 245.546454843 0.085 0.901 0.6 0.162264150943 35 265 14
247 15 -125.939687332 263.286939614 0.06 0.604 0.6 0.182142857143 20 280 14
248 35 -178.05725735 367.52207965 0.005 0.109 nan 0.283333333333 0 300 14
253 4 -96.0005264468 203.408617843 0.005 0.406 nan 0.12 0 300 14
256 10 -115.001395899 241.410356748 0.005 0.307 nan 0.143333333333 0 300 14
257 24 -114.03241699 239.472398929 0.02 0.505 1.0 0.163879598662 1 299 14
258 8 -118.131235497 247.670035944 0.095 0.901 0.583333333333 0.188405797101 24 276 14
259 14 -60.4352670689 132.278099087 0.005 0.703 nan 0.0633333333333 0 300 14
260 13 -130.823365529 273.054296008 0.035 0.406 0.4 0.2 5 295 14
261 7 -181.70747491 374.82251477 0.005 0.109 nan 0.3 0 300 14
262 11 -104.81208942 221.031743789 0.01 0.406 nan 0.136666666667 0 300 14
263 8 -101.819091365 215.045747679 0.01 0.505 0.5 0.124161073826 2 298 14
264 3 -98.053006543 207.513578035 0.01 0.505 nan 0.123333333333 0 300 14
1519 17 -103.592464853 218.592494656 0.085 1.0 0.615384615385 0.167883211679 26 274 14
1520 4 -121.152961836 253.713488621 0.005 0.307 nan 0.146666666667 0 300 14
1521 17 -130.175313096 271.758191142 0.025 0.406 0.333333333333 0.191919191919 3 297 14
1523 14 -135.509610584 282.426786117 0.035 0.406 0.5 0.202054794521 8 292 14
1524 11 -151.476139724 314.359844397 0.01 0.208 nan 0.22 0 300 14
1525 12 -160.408172982 332.223910912 0.01 0.208 nan 0.236666666667 0 300 14
1526 11 -116.368298156 244.144161262 0.005 0.307 nan 0.15 0 300 14
1527 15 -144.876402742 301.160370432 0.025 0.307 0.5 0.212837837838 4 296 14
1528 2 -95.4767356731 202.361036296 0.01 0.505 nan 0.123333333333 0 300 14
1529 2 -100.15346252 211.71448999 0.005 0.406 nan 0.12 0 300 14
1530 15 -104.412721784 220.233008517 0.005 0.406 nan 0.123333333333 0 300 14
1531 10 -103.440643701 218.288852351 0.01 0.406 nan 0.14 0 300 14
1532 15 -82.7567800082 176.921124966 0.005 0.505 nan 0.0966666666667 0 300 14
1533 22 -106.388686953 224.184938855 0.005 0.406 nan 0.123333333333 0 300 14
1534 19 -137.9762745 287.36011395 0.095 0.604 0.739130434783 0.205776173285 23 277 14
1535 15 -127.056019254 265.519603457 0.055 0.505 0.692307692308 0.191637630662 13 287 14
1536 5 -123.696297708 258.800160365 0.04 0.505 0.615384615385 0.177700348432 13 287 15
1537 12 -151.520800135 314.44916522 0.005 0.208 nan 0.206666666667 0 300 15
1538 32 -155.836210148 323.079985245 0.045 0.307 0.375 0.246575342466 8 292 15
1539 24 -107.072825142 225.553215234 0.005 0.307 nan 0.13 0 300 15
1540 8 -136.2996498 284.00686455 0.01 0.307 nan 0.186666666667 0 300 15
1541 11 -139.721385588 290.850336126 0.125 0.703 0.5625 0.194444444444 48 252 15
1542 7 -131.572855039 274.553275027 0.01 0.307 nan 0.18 0 300 15
1543 7 -91.3118083057 194.031181561 0.015 0.604 0.333333333333 0.117845117845 3 297 15
1544 13 -119.093559316 249.594683581 0.005 0.307 nan 0.143333333333 0 300 15
1545 25 -146.308168403 304.023901756 0.005 0.208 nan 0.2 0 300 15
1546 12 -127.313018167 266.033601284 0.005 0.307 nan 0.163333333333 0 300 15
1547 23 -207.618488953 426.644542854 0.05 0.01 nan 0.49 0 300 15
1549 27 -150.5344788 312.476522549 0.005 0.208 nan 0.206666666667 0 300 15
1550 4 -132.187392397 275.782349744 0.04 0.406 0.538461538462 0.188153310105 13 287 15
1553 11 -125.281478548 261.970522046 0.065 0.604 0.538461538462 0.198606271777 13 287 15
140 11 -83.0943308354 177.59622662 0.005 0.505 nan 0.0933333333333 0 300 15
141 4 -109.08803304 229.58363103 0.01 0.406 nan 0.146666666667 0 300 15
142 10 -107.17597572 225.759516389 0.005 0.406 nan 0.126666666667 0 300 15
143 21 -163.202485873 337.812536695 0.17 0.505 0.618181818182 0.248979591837 55 245 15
144 16 -66.9726332752 145.3528315 0.005 0.604 nan 0.0866666666667 0 300 15
145 10 -112.445094159 236.297753268 0.005 0.307 nan 0.143333333333 0 300 15
146 24 -139.320117685 290.04780032 0.005 0.208 nan 0.183333333333 0 300 15
147 11 -116.016287601 243.440140151 0.065 0.703 0.470588235294 0.183745583039 17 283 15
148 3 -146.182944865 303.773454679 0.035 0.307 0.333333333333 0.227891156463 6 294 15
149 5 -128.336801919 268.081168787 0.025 0.406 0.75 0.189189189189 4 296 15
150 25 -148.623466984 308.654498917 0.005 0.208 nan 0.203333333333 0 300 15
151 21 -149.232954758 309.873474465 0.005 0.208 nan 0.21 0 300 15
152 9 -90.9544895461 193.316544041 0.005 0.406 nan 0.103333333333 0 300 15
153 15 -177.58550316 366.578571269 0.125 0.307 0.552631578947 0.297709923664 38 262 15
154 3 -117.639023044 246.685611037 0.025 0.505 0.333333333333 0.173469387755 6 294 15
155 0 -117.155618168 245.718801285 0.01 0.406 nan 0.153333333333 0 300 15
157 8 -150.480205267 312.367975484 0.005 0.208 nan 0.206666666667 0 300 15
158 9 -79.3114828221 170.030530593 0.005 0.505 nan 0.09 0 300 15
159 15 -72.3768679167 156.161300783 0.005 0.604 nan 0.09 0 300 15
160 29 -79.6219551748 170.651475299 0.005 0.505 nan 0.0933333333333 0 300 15
161 4 -76.6889547383 164.785474426 0.005 0.505 nan 0.0866666666667 0 300 15
162 19 -182.218863967 375.845292883 0.005 0.109 nan 0.306666666667 0 300 15
163 3 -139.187284201 289.782133352 0.005 0.208 nan 0.183333333333 0 300 15
164 2 -120.95323548 253.31403591 0.02 0.406 1.0 0.170568561873 1 299 15
165 12 -128.642169405 268.69190376 0.025 0.406 0.5 0.187074829932 6 294 15
166 1 -107.79251882 226.99260259 0.08 1.0 0.552631578947 0.145038167939 38 262 15
168 37 -102.696026008 216.799616965 0.005 0.406 nan 0.12 0 300 15
170 12 -150.958475999 313.324516947 0.065 0.406 0.466666666667 0.231578947368 15 285 15
171 5 -102.40519104 216.217947029 0.005 0.406 nan 0.12 0 300 15
172 9 -132.206761269 275.821087488 0.03 0.406 0.444444444444 0.192439862543 9 291 15
173 5 -112.294120051 235.995805052 0.015 0.505 0.5 0.133561643836 8 292 15
174 1 -164.14746594 339.702496829 0.01 0.208 nan 0.243333333333 0 300 15
175 12 -76.3512226561 164.110010262 0.01 0.703 0.5 0.0878378378378 4 296 15
176 21 -136.929345826 285.2662566 0.14 0.802 0.652173913043 0.185039370079 46 254 15
177 40 -208.075784302 427.559133553 0.205 0.01 0.586206896552 0.527675276753 29 271 15
178 8 -118.101666077 247.610897103 0.015 0.406 0.25 0.158783783784 4 296 15
179 4 -139.201048238 289.809661426 0.07 0.505 0.52 0.210909090909 25 275 15
180 8 -116.396271565 244.200108079 0.08 0.802 0.535714285714 0.172794117647 28 272 15
181 4 -128.00624804 267.420061029 0.12 0.802 0.5 0.196850393701 46 254 15
183 5 -106.081980409 223.571525768 0.005 0.307 nan 0.136666666667 0 300 15
184 3 -145.302208724 302.011982398 0.025 0.307 0.5 0.218120805369 2 298 15
185 7 -107.184542881 225.776650711 0.005 0.307 nan 0.133333333333 0 300 15
186 11 -87.8650958441 187.137756637 0.005 0.406 nan 0.106666666667 0 300 15
187 8 -114.479789297 240.367143544 0.01 0.406 nan 0.143333333333 0 300 15
188 20 -151.538960454 314.485485858 0.005 0.208 nan 0.216666666667 0 300 15
189 3 -111.850347956 235.108260861 0.095 1.0 0.625 0.18115942029 24 276 15
190 32 -180.153267539 371.714100028 0.05 0.208 0.714285714286 0.307167235495 7 293 15
192 7 -132.95106145 277.30968785 0.035 0.406 0.583333333333 0.180555555556 12 288 15
193 2 -149.9309178 311.269400549 0.02 0.307 0.333333333333 0.214285714286 6 294 15
194 9 -59.2728736055 129.95331216 0.005 0.604 nan 0.0766666666667 0 300 15
195 9 -166.204114748 343.815794445 0.015 0.208 nan 0.253333333333 0 300 15
196 0 -107.303696619 226.014958187 0.025 0.604 0.571428571429 0.150170648464 7 293 15
197 23 -185.559555509 382.526675968 0.005 0.109 nan 0.313333333333 0 300 15
198 8 -58.3233606522 128.054286254 0.005 0.703 nan 0.0666666666667 0 300 15
199 11 -124.064522159 259.536609267 0.025 0.406 0.666666666667 0.170068027211 6 294 15
200 22 -114.989096363 241.385757675 0.005 0.307 nan 0.14 0 300 15
202 17 -138.331650083 288.070865115 0.075 0.505 0.45 0.228571428571 20 280 15
203 7 -122.588656971 256.584878891 0.005 0.307 nan 0.146666666667 0 300 15
204 22 -102.89748566 217.20253627 0.01 0.406 nan 0.13 0 300 15
206 32 -128.837927149 269.083419247 0.01 0.307 nan 0.166666666667 0 300 15
207 6 -77.3510599085 166.109684766 0.01 0.703 0.0 0.0939597315436 2 298 15
208 34 -148.642130985 308.69182692 0.01 0.208 nan 0.213333333333 0 300 15
212 1 -112.496511452 236.400587854 0.03 0.505 1.0 0.161616161616 3 297 15
213 18 -207.902566917 427.212698784 0.205 0.01 0.454545454545 0.516853932584 33 267 15
215 8 -88.27508878 187.957742509 0.005 0.406 nan 0.106666666667 0 300 15
216 1 -81.9824069924 175.372378934 0.01 0.604 1.0 0.0969899665552 1 299 15
217 16 -152.782948813 316.973462575 0.01 0.208 nan 0.22 0 300 15
218 3 -141.316740041 294.041045031 0.005 0.208 nan 0.193333333333 0 300 15
220 26 -72.2811473804 155.96985971 0.005 0.505 nan 0.0866666666667 0 300 15
221 3 -115.10237525 241.612315449 0.045 0.604 0.8 0.165517241379 10 290 15
223 15 -96.3166640412 204.040893032 0.01 0.505 nan 0.12 0 300 15
225 4 -131.289826758 273.987218464 0.025 0.406 0.363636363636 0.176470588235 11 289 15
226 22 -122.567498423 256.542561795 0.02 0.406 0.666666666667 0.161616161616 3 297 15
227 39 -136.450786369 284.309137686 0.01 0.307 nan 0.183333333333 0 300 15
228 12 -123.354947468 258.117459885 0.01 0.406 nan 0.16 0 300 15
229 16 -114.408116092 240.223797133 0.005 0.307 nan 0.136666666667 0 300 15
230 8 -65.3236408682 142.054846686 0.005 0.703 0.333333333333 0.0707070707071 3 297 15
231 40 -139.18249459 289.772554129 0.005 0.208 nan 0.183333333333 0 300 15
232 7 -135.542428253 282.492421456 0.01 0.307 0.5 0.172297297297 4 296 15
234 8 -88.0114054989 187.430375947 0.005 0.505 nan 0.106666666667 0 300 15
235 11 -141.965528392 295.338621734 0.005 0.208 nan 0.193333333333 0 300 15
236 12 -171.458081634 354.323728218 0.01 0.208 nan 0.253333333333 0 300 15
237 3 -149.230868682 309.869302312 0.005 0.208 nan 0.203333333333 0 300 15
238 25 -144.291922731 299.991410411 0.005 0.208 0.333333333333 0.181818181818 3 297 15
240 3 -88.0033527155 187.41427038 0.005 0.406 nan 0.1 0 300 15
241 4 -135.15376422 281.715093389 0.005 0.208 nan 0.176666666667 0 300 15
242 7 -80.2587887302 171.92514241 0.005 0.505 nan 0.09 0 300 15
243 13 -112.372149906 236.151864761 0.07 0.802 0.64 0.170909090909 25 275 15
244 28 -162.756233184 336.920031318 0.02 0.208 nan 0.256666666667 0 300 15
245 9 -115.384045716 242.175656382 0.085 0.901 0.666666666667 0.173913043478 24 276 15
247 15 -112.448811722 236.305188393 0.05 0.703 0.846153846154 0.163763066202 13 287 15
248 35 -183.512094293 378.431753535 0.005 0.109 nan 0.306666666667 0 300 15
253 4 -91.5539274846 194.515419918 0.005 0.406 nan 0.103333333333 0 300 15
256 10 -114.777303936 240.96217282 0.005 0.307 nan 0.146666666667 0 300 15
257 24 -114.163137147 239.733839244 0.015 0.406 nan 0.163333333333 0 300 15
258 8 -130.003638197 271.414841343 0.09 0.703 0.41935483871 0.204460966543 31 269 15
259 14 -55.999760312 123.407085573 0.005 0.802 nan 0.07 0 300 15
260 13 -126.732062137 264.871689222 0.025 0.406 0.75 0.182432432432 4 296 15
261 7 -193.364026393 398.135617736 0.01 0.109 nan 0.34 0 300 15
262 11 -127.878190127 267.163945203 0.01 0.307 0.142857142857 0.163822525597 7 293 15
263 8 -85.9216285756 183.250822101 0.01 0.604 nan 0.106666666667 0 300 15
264 3 -110.878512178 233.164589305 0.005 0.307 nan 0.136666666667 0 300 15
1519 17 -133.093737314 277.595039577 0.06 0.505 0.45 0.203571428571 20 280 15
1520 4 -117.552397058 246.512359065 0.005 0.307 nan 0.143333333333 0 300 15
1521 17 -131.865025921 275.13761679 0.015 0.307 nan 0.186666666667 0 300 15
1523 14 -114.830054918 241.067674786 0.055 0.703 0.518518518519 0.157509157509 27 273 15
1524 11 -136.230462035 283.868489019 0.015 0.307 nan 0.193333333333 0 300 15
1525 12 -145.402192685 302.211950318 0.03 0.307 1.0 0.222222222222 3 297 15
1526 11 -131.921668003 275.250900955 0.005 0.307 nan 0.166666666667 0 300 15
1527 15 -146.880951788 305.169468525 0.03 0.307 1.0 0.221476510067 2 298 15
1528 2 -115.132722993 241.673010936 0.005 0.307 nan 0.146666666667 0 300 15
1529 2 -93.1823534563 197.772271862 0.005 0.406 nan 0.11 0 300 15
1530 15 -94.2762545004 199.96007395 0.005 0.406 nan 0.113333333333 0 300 15
1531 10 -111.881107398 235.169779745 0.005 0.307 nan 0.14 0 300 15
1532 15 -70.7868024755 152.9811699 0.005 0.505 nan 0.0733333333333 0 300 15
1533 22 -107.084612596 225.576790141 0.005 0.307 nan 0.13 0 300 15
1534 19 -129.337553193 270.082671336 0.13 0.901 0.557692307692 0.181451612903 52 248 15
1535 15 -131.095952851 273.599470651 0.07 0.604 0.607142857143 0.172794117647 28 272 15
1536 5 -110.843553691 233.094672331 0.05 0.703 0.818181818182 0.16955017301 11 289 16
1537 12 -155.924280173 323.256125296 0.005 0.208 nan 0.22 0 300 16
1538 32 -155.567066347 322.541697644 0.035 0.307 0.5 0.243243243243 4 296 16
1539 24 -130.760740206 272.92904536 0.005 0.307 nan 0.163333333333 0 300 16
1540 8 -144.632259786 300.672084521 0.005 0.208 nan 0.206666666667 0 300 16
1541 11 -127.728613631 266.864792211 0.095 0.703 0.714285714286 0.197132616487 21 279 16
1542 7 -133.369875757 278.147316462 0.015 0.307 nan 0.196666666667 0 300 16
1543 7 -98.6211109273 208.649786804 0.025 0.703 0.428571428571 0.122377622378 14 286 16
1544 13 -122.439519115 256.286603179 0.005 0.307 nan 0.153333333333 0 300 16
1545 25 -152.549239279 316.506043508 0.005 0.208 nan 0.213333333333 0 300 16
1546 12 -119.015129332 249.437823613 0.005 0.307 nan 0.146666666667 0 300 16
1547 23 -202.826507932 417.060580814 0.15 0.109 0.457142857143 0.403773584906 35 265 16
1549 27 -141.687649317 294.782863583 0.005 0.208 nan 0.183333333333 0 300 16
1550 4 -135.261907995 281.93138094 0.02 0.307 0.4 0.186440677966 5 295 16
1553 11 -130.744553252 272.896671454 0.07 0.604 0.541666666667 0.199275362319 24 276 16
140 11 -80.9316466883 173.270858326 0.005 0.505 nan 0.09 0 300 16
141 4 -123.187261699 257.782088348 0.015 0.406 nan 0.176666666667 0 300 16
142 10 -102.548456733 216.504478415 0.005 0.406 nan 0.12 0 300 16
143 21 -161.99375303 335.395071008 0.145 0.505 0.58064516129 0.275092936803 31 269 16
144 16 -74.1928910052 159.79334696 0.005 0.505 nan 0.0833333333333 0 300 16
145 10 -121.208175042 253.823915033 0.005 0.307 nan 0.153333333333 0 300 16
146 24 -149.852507036 311.11257902 0.005 0.208 nan 0.206666666667 0 300 16
147 11 -120.31217214 252.031909229 0.065 0.703 0.5 0.178571428571 20 280 16
148 3 -136.13721665 283.681998249 0.08 0.604 0.5 0.203703703704 30 270 16
149 5 -116.437269954 244.282104857 0.04 0.604 0.583333333333 0.163194444444 12 288 16
150 25 -137.984340083 287.376245115 0.015 0.307 nan 0.193333333333 0 300 16
151 21 -152.413489343 316.234543635 0.01 0.208 nan 0.223333333333 0 300 16
152 9 -103.611607294 218.630779536 0.005 0.406 nan 0.123333333333 0 300 16
153 15 -171.158969918 353.725504784 0.15 0.406 0.540540540541 0.285171102662 37 263 16
154 3 -131.888021985 275.183608919 0.015 0.307 nan 0.193333333333 0 300 16
155 0 -111.917271075 235.242107099 0.005 0.307 nan 0.133333333333 0 300 16
157 8 -141.154905717 293.717376382 0.02 0.307 0.666666666667 0.190476190476 6 294 16
158 9 -78.8012219509 169.010008851 0.005 0.505 nan 0.09 0 300 16
159 15 -85.5426779756 182.492920901 0.015 0.703 0.5 0.114093959732 2 298 16
160 29 -64.6867432434 140.781051436 0.005 0.604 nan 0.08 0 300 16
161 4 -77.9696961845 167.346957318 0.005 0.604 nan 0.0866666666667 0 300 16
162 19 -172.596636309 356.600837568 0.015 0.208 1.0 0.264214046823 1 299 16
163 3 -137.910215462 287.227995873 0.01 0.307 0.25 0.185810810811 4 296 16
164 2 -119.046365014 249.500294978 0.02 0.406 1.0 0.173913043478 1 299 16
165 12 -150.926128739 313.259822426 0.035 0.307 1.0 0.232323232323 3 297 16
166 1 -102.792217229 216.991999408 0.055 1.0 0.620689655172 0.129151291513 29 271 16
168 37 -115.107058951 241.621682852 0.01 0.406 nan 0.146666666667 0 300 16
170 12 -137.726529396 286.860623742 0.045 0.406 0.545454545455 0.21107266436 11 289 16
171 5 -121.980643324 255.368851597 0.005 0.307 nan 0.156666666667 0 300 16
172 9 -130.538177974 272.483920897 0.03 0.406 0.666666666667 0.188552188552 3 297 16
173 5 -109.888678198 231.184921345 0.005 0.307 nan 0.136666666667 0 300 16
174 1 -153.245047409 317.897659766 0.01 0.208 nan 0.226666666667 0 300 16
175 12 -106.15016226 223.707889469 0.01 0.406 nan 0.136666666667 0 300 16
176 21 -135.685626633 282.778818216 0.175 1.0 0.577464788732 0.187772925764 71 229 16
177 40 -206.882701792 425.172968534 0.005 0.01 nan 0.436666666667 0 300 16
178 8 -119.956384522 251.320333994 0.02 0.406 1.0 0.171140939597 2 298 16
179 4 -140.069355082 291.546275114 0.045 0.406 0.5 0.21724137931 10 290 16
180 8 -126.325386148 264.058337245 0.06 0.604 0.5625 0.19014084507 16 284 16
181 4 -130.760199085 272.927963118 0.11 0.802 0.530612244898 0.179282868526 49 251 16
183 5 -114.935361415 241.278287779 0.005 0.307 nan 0.14 0 300 16
184 3 -156.02060176 323.448768469 0.005 0.208 nan 0.22 0 300 16
185 7 -100.167567511 211.742699971 0.005 0.406 nan 0.123333333333 0 300 16
186 11 -89.7782482428 190.964061435 0.005 0.406 nan 0.11 0 300 16
187 8 -116.856053705 245.119672358 0.01 0.406 nan 0.153333333333 0 300 16
188 20 -145.940270704 303.288106358 0.005 0.208 nan 0.2 0 300 16
189 3 -132.08644198 275.58044891 0.06 0.505 0.769230769231 0.19512195122 13 287 16
190 32 -172.397523232 356.202611413 0.025 0.208 0.5 0.271812080537 2 298 16
192 7 -140.913168932 293.233902813 0.035 0.406 0.285714285714 0.206293706294 14 286 16
193 2 -140.518608106 292.444781162 0.005 0.208 nan 0.19 0 300 16
194 9 -61.8915422589 135.190649467 0.005 0.703 nan 0.0766666666667 0 300 16
195 9 -162.811343062 337.030251073 0.01 0.208 nan 0.243333333333 0 300 16
196 0 -104.993142978 221.393850904 0.025 0.604 0.6 0.15593220339 5 295 16
197 23 -200.707982916 412.823530781 0.1 0.109 0.608695652174 0.389891696751 23 277 16
198 8 -75.2968950886 162.001355127 0.005 0.505 nan 0.09 0 300 16
199 11 -119.978918552 251.365402053 0.03 0.505 0.6 0.179661016949 5 295 16
200 22 -105.406855196 222.221275342 0.015 0.505 0.333333333333 0.138047138047 3 297 16
202 17 -141.458276812 294.324118572 0.135 0.703 0.574468085106 0.201581027668 47 253 16
203 7 -100.138792273 211.685149495 0.005 0.406 nan 0.116666666667 0 300 16
204 22 -118.599134821 248.605834592 0.005 0.307 nan 0.146666666667 0 300 16
206 32 -107.328481693 226.064528335 0.005 0.307 nan 0.126666666667 0 300 16
207 6 -85.8458878553 183.09934066 0.005 0.505 nan 0.0966666666667 0 300 16
208 34 -147.377024468 306.161613885 0.005 0.208 nan 0.206666666667 0 300 16
212 1 -108.090591896 227.588748741 0.035 0.604 0.5 0.16095890411 8 292 16
213 18 -208.108862985 427.625290919 0.205 0.01 0.555555555556 0.527472527473 27 273 16
215 8 -91.3566724119 194.120909773 0.005 0.406 nan 0.113333333333 0 300 16
216 1 -99.4976174547 210.402799859 0.005 0.406 nan 0.12 0 300 16
217 16 -146.295507151 303.998579251 0.01 0.208 nan 0.206666666667 0 300 16
218 3 -135.290090223 281.987745396 0.015 0.307 nan 0.186666666667 0 300 16
220 26 -81.4941810116 174.395926972 0.005 0.505 nan 0.0866666666667 0 300 16
221 3 -109.797273512 231.002111974 0.08 0.901 0.592592592593 0.164835164835 27 273 16
223 15 -98.3128978885 208.033360726 0.005 0.406 nan 0.12 0 300 16
225 4 -129.752073552 270.911712053 0.02 0.406 0.666666666667 0.185185185185 3 297 16
226 22 -132.13270211 275.672969169 0.01 0.307 nan 0.183333333333 0 300 16
227 39 -142.599566604 296.606698156 0.005 0.208 nan 0.183333333333 0 300 16
228 12 -125.383155251 262.173875451 0.01 0.307 nan 0.16 0 300 16
229 16 -110.885251796 233.178068542 0.005 0.307 nan 0.133333333333 0 300 16
230 8 -63.8969148979 139.201394745 0.005 0.703 nan 0.07 0 300 16
231 40 -140.608561016 292.624686982 0.005 0.208 nan 0.19 0 300 16
232 7 -128.956512773 269.320590496 0.005 0.307 nan 0.163333333333 0 300 16
234 8 -100.121515128 211.650595206 0.005 0.406 nan 0.116666666667 0 300 16
235 11 -139.57854152 290.564647989 0.005 0.208 nan 0.186666666667 0 300 16
236 12 -184.482728707 380.373022363 0.005 0.109 nan 0.31 0 300 16
237 3 -153.345719417 318.099003782 0.005 0.208 nan 0.21 0 300 16
238 25 -142.281380467 295.970325883 0.005 0.208 nan 0.19 0 300 16
240 3 -86.266217791 183.940000531 0.005 0.505 nan 0.09 0 300 16
241 4 -159.288706068 329.984977086 0.005 0.208 nan 0.223333333333 0 300 16
242 7 -97.7657179563 206.939000862 0.005 0.406 nan 0.12 0 300 16
243 13 -111.865189385 235.13794372 0.1 1.0 0.588235294118 0.136546184739 51 249 16
244 28 -156.072568388 323.552701724 0.005 0.208 nan 0.216666666667 0 300 16
245 9 -110.515786128 232.439137206 0.08 0.901 0.62962962963 0.168498168498 27 273 16
247 15 -119.899165215 251.205895379 0.04 0.604 0.545454545455 0.18339100346 11 289 16
248 35 -180.362475461 372.132515871 0.005 0.109 nan 0.296666666667 0 300 16
253 4 -85.5667105288 182.540986007 0.01 0.604 nan 0.106666666667 0 300 16
256 10 -121.26003367 253.92763229 0.005 0.307 nan 0.153333333333 0 300 16
257 24 -105.552595157 222.512755263 0.025 0.604 0.6 0.137931034483 10 290 16
258 8 -114.390790856 240.18914666 0.1 1.0 0.549019607843 0.152610441767 51 249 16
259 14 -48.3759980233 108.159560996 0.005 0.901 nan 0.06 0 300 16
260 13 -151.17347724 313.754519429 0.025 0.307 0.75 0.216216216216 4 296 16
261 7 -185.040506054 381.488577058 0.005 0.109 nan 0.31 0 300 16
262 11 -129.102469995 269.61250494 0.015 0.307 nan 0.183333333333 0 300 16
263 8 -89.0345409283 189.476646806 0.01 0.505 nan 0.113333333333 0 300 16
264 3 -93.9244128499 199.256390649 0.005 0.406 nan 0.106666666667 0 300 16
1519 17 -118.705598589 248.818762127 0.075 0.802 0.441176470588 0.176691729323 34 266 16
1520 4 -120.559762211 252.52708937 0.005 0.307 nan 0.156666666667 0 300 16
1521 17 -145.837181158 303.081927265 0.035 0.307 0.666666666667 0.21768707483 6 294 16
1523 14 -120.281151567 251.969868083 0.045 0.604 0.545454545455 0.179930795848 11 289 16
1524 11 -137.61659791 286.64076077 0.03 0.406 0.6 0.203389830508 5 295 16
1525 12 -138.521559532 288.450684012 0.04 0.406 0.428571428571 0.211604095563 7 293 16
1526 11 -111.641036337 234.689637623 0.005 0.307 nan 0.14 0 300 16
1527 15 -151.906495877 315.220556703 0.01 0.208 nan 0.216666666667 0 300 16
1528 2 -122.872632045 257.15282904 0.015 0.406 nan 0.16 0 300 16
1529 2 -99.9190879961 211.245740941 0.005 0.406 nan 0.11 0 300 16
1530 15 -97.9896686896 207.386902329 0.005 0.406 nan 0.12 0 300 16
1531 10 -102.745745875 216.8990567 0.015 0.505 1.0 0.125 4 296 16
1532 15 -85.2617807548 181.931126459 0.005 0.505 nan 0.0933333333333 0 300 16
1533 22 -87.0246197935 185.456804536 0.015 0.703 0.5 0.114093959732 2 298 16
1534 19 -133.079709141 277.566983232 0.095 0.703 0.636363636364 0.187265917603 33 267 16
1535 15 -139.16532468 289.73821431 0.06 0.505 0.409090909091 0.208633093525 22 278 16
