1536 5 -118.68133905 248.770243049 0.045 0.604 0.4375 0.176056338028 16 284 66
1537 12 -149.466625544 310.340816037 0.005 0.208 nan 0.21 0 300 66
1538 32 -144.792517778 300.992600505 0.055 0.406 0.571428571429 0.207885304659 21 279 66
1539 24 -118.79746028 249.00248551 0.005 0.307 nan 0.14 0 300 66
1540 8 -142.76677026 296.941105469 0.005 0.208 nan 0.183333333333 0 300 66
1541 11 -132.802680329 277.012925608 0.1 0.703 0.5 0.19140625 44 256 66
1542 7 -136.822768642 285.053102233 0.02 0.307 nan 0.196666666667 0 300 66
1543 7 -120.018853478 251.445271905 0.015 0.406 nan 0.166666666667 0 300 66
1544 13 -129.528647476 270.464859901 0.005 0.307 nan 0.16 0 300 66
1545 25 -134.302996919 280.013558786 0.005 0.307 nan 0.163333333333 0 300 66
1546 12 -125.050340803 261.508246556 0.005 0.307 nan 0.153333333333 0 300 66
1547 23 -206.414262094 424.236089138 0.205 0.109 0.612903225806 0.479553903346 31 269 66
1549 27 -160.751133414 332.909831777 0.01 0.208 nan 0.233333333333 0 300 66
1550 4 -133.447636065 278.302837079 0.015 0.307 nan 0.193333333333 0 300 66
1553 11 -129.706848944 270.821262837 0.05 0.505 0.555555555556 0.184397163121 18 282 66
140 11 -74.9918198319 161.391204613 0.015 1.0 1.0 0.104026845638 2 298 66
141 4 -119.884664953 251.176894856 0.01 0.307 0.25 0.152027027027 4 296 66
142 10 -95.851038501 203.109641951 0.005 0.406 nan 0.116666666667 0 300 66
143 21 -158.639589317 328.686743584 0.11 0.406 0.551724137931 0.261992619926 29 271 66
144 16 -81.6214839045 174.650532758 0.005 0.505 nan 0.0966666666667 0 300 66
145 10 -122.419757276 256.247079502 0.005 0.307 1.0 0.140468227425 1 299 66
146 24 -151.380597409 314.168759766 0.005 0.208 nan 0.21 0 300 66
147 11 -116.327315166 244.062195282 0.07 0.802 0.684210526316 0.181494661922 19 281 66
148 3 -128.660886092 268.729337133 0.055 0.505 0.55 0.189285714286 20 280 66
149 5 -122.78125712 256.97007919 0.035 0.505 1.0 0.191275167785 2 298 66
150 25 -143.892398829 299.192362607 0.005 0.208 nan 0.18 0 300 66
151 21 -136.265267029 283.938099007 0.01 0.307 0.5 0.174496644295 2 298 66
152 9 -89.8261984176 191.059961785 0.005 0.406 nan 0.103333333333 0 300 66
153 15 -176.780262702 364.968090353 0.12 0.307 0.395348837209 0.299610894942 43 257 66
154 3 -136.800314757 285.008194464 0.035 0.406 0.333333333333 0.202749140893 9 291 66
155 0 -119.262662717 249.932890383 0.005 0.307 nan 0.146666666667 0 300 66
157 8 -148.954980068 309.317525085 0.02 0.307 0.75 0.206081081081 4 296 66
158 9 -82.0646343978 175.536833745 0.005 0.505 nan 0.0933333333333 0 300 66
159 15 -85.1397181507 181.687001251 0.005 0.505 nan 0.1 0 300 66
160 29 -79.4465980217 170.300760993 0.005 0.505 nan 0.0933333333333 0 300 66
161 4 -73.5490856228 158.505736195 0.005 0.604 nan 0.0866666666667 0 300 66
162 19 -185.825501402 383.058567754 0.015 0.109 nan 0.323333333333 0 300 66
163 3 -134.412763607 280.233092163 0.015 0.307 0.5 0.184563758389 2 298 66
164 2 -131.103122239 273.613809427 0.015 0.307 nan 0.186666666667 0 300 66
165 12 -139.620444655 290.648454259 0.07 0.505 0.736842105263 0.209964412811 19 281 66
166 1 -106.667540766 224.742646481 0.08 1.0 0.5625 0.164179104478 32 268 66
168 37 -107.436119319 226.279803587 0.005 0.307 nan 0.133333333333 0 300 66
170 12 -134.898373729 281.204312408 0.03 0.406 0.5 0.188356164384 8 292 66
171 5 -106.292270715 223.992106378 0.005 0.307 nan 0.13 0 300 66
172 9 -143.98894454 299.385454029 0.05 0.406 0.583333333333 0.215277777778 12 288 66
173 5 -107.980754168 227.369073286 0.01 0.406 nan 0.14 0 300 66
174 1 -137.225123449 285.857811847 0.005 0.208 nan 0.18 0 300 66
175 12 -91.2978270243 194.003218998 0.005 0.406 nan 0.106666666667 0 300 66
176 21 -133.368264903 278.144094755 0.135 0.802 0.742857142857 0.203773584906 35 265 66
177 40 -207.138395457 425.684355863 0.005 0.01 nan 0.453333333333 0 300 66
178 8 -132.357975625 276.1235162 0.025 0.406 0.75 0.185810810811 4 296 66
179 4 -141.271342529 293.950250007 0.11 0.604 0.651162790698 0.190661478599 43 257 66
180 8 -113.339024513 238.085613976 0.095 0.901 0.608695652174 0.180505415162 23 277 66
181 4 -125.009897316 261.427359582 0.14 1.0 0.625 0.178571428571 48 252 66
183 5 -119.981409975 251.370384898 0.005 0.307 nan 0.146666666667 0 300 66
184 3 -146.684398825 304.776362599 0.02 0.307 1.0 0.210702341137 1 299 66
185 7 -98.1356397663 207.678844482 0.005 0.406 nan 0.123333333333 0 300 66
186 11 -114.082580733 239.572726415 0.015 0.406 1.0 0.150501672241 1 299 66
187 8 -110.004514922 231.416594793 0.01 0.406 nan 0.15 0 300 66
188 20 -149.773949625 310.9554642 0.005 0.208 nan 0.21 0 300 66
189 3 -108.21303495 227.833634849 0.095 1.0 0.565217391304 0.180505415162 23 277 66
190 32 -188.269534729 387.946634406 0.075 0.208 0.5 0.329787234043 18 282 66
192 7 -132.07239454 275.552354029 0.035 0.406 0.384615384615 0.18118466899 13 287 66
193 2 -123.12114918 257.649863309 0.02 0.406 0.4 0.169491525424 5 295 66
194 9 -59.8377669185 131.083098786 0.005 0.703 nan 0.0766666666667 0 300 66
195 9 -155.368023156 322.143611261 0.035 0.307 0.4 0.237288135593 5 295 66
196 0 -113.537860102 238.483285153 0.015 0.406 0.5 0.151006711409 2 298 66
197 23 -192.6304014 396.668367749 0.015 0.109 nan 0.346666666667 0 300 66
198 8 -75.7051535679 162.817872085 0.005 0.604 nan 0.0866666666667 0 300 66
199 11 -117.776069498 246.959703946 0.025 0.505 0.307692307692 0.16724738676 13 287 66
200 22 -115.740466382 242.888497714 0.02 0.505 0.5 0.152027027027 4 296 66
202 17 -137.041805126 285.491175202 0.07 0.505 0.722222222222 0.198581560284 18 282 66
203 7 -128.487145806 268.381856561 0.01 0.307 nan 0.17 0 300 66
204 22 -118.913682206 249.234929362 0.005 0.307 nan 0.15 0 300 66
206 32 -113.007239469 237.422043887 0.005 0.307 nan 0.136666666667 0 300 66
207 6 -72.6734993968 156.754563743 0.005 0.604 nan 0.0833333333333 0 300 66
208 34 -153.312057399 318.031679748 0.005 0.208 nan 0.213333333333 0 300 66
212 1 -110.435725142 232.279015234 0.03 0.604 0.5 0.164383561644 8 292 66
213 18 -205.20400709 421.815579129 0.205 0.109 0.615384615385 0.44061302682 39 261 66
215 8 -85.1664671579 181.740499265 0.005 0.406 nan 0.103333333333 0 300 66
216 1 -96.3696949053 204.14695476 0.005 0.406 nan 0.12 0 300 66
217 16 -160.013358249 331.434281448 0.015 0.208 nan 0.243333333333 0 300 66
218 3 -138.444940976 288.297446902 0.02 0.307 1.0 0.197986577181 2 298 66
220 26 -81.1794862285 173.766537406 0.005 0.505 nan 0.0966666666667 0 300 66
221 3 -94.9804592341 201.368483417 0.065 1.0 0.631578947368 0.153024911032 19 281 66
223 15 -88.2011359536 187.809836857 0.005 0.406 nan 0.1 0 300 66
225 4 -138.601776145 288.611117239 0.02 0.307 nan 0.203333333333 0 300 66
226 22 -142.494520093 296.396605136 0.015 0.307 nan 0.21 0 300 66
227 39 -147.394083093 306.195731135 0.005 0.208 nan 0.206666666667 0 300 66
228 12 -129.602801089 270.613167127 0.005 0.307 nan 0.163333333333 0 300 66
229 16 -104.777811522 220.963187994 0.005 0.406 nan 0.126666666667 0 300 66
230 8 -52.6885361406 116.784637231 0.005 0.901 nan 0.06 0 300 66
231 40 -141.63701465 294.681594249 0.005 0.208 nan 0.19 0 300 66
232 7 -129.989265467 271.386095883 0.01 0.307 nan 0.173333333333 0 300 66
234 8 -98.8118577585 209.031280466 0.01 0.505 nan 0.116666666667 0 300 66
235 11 -142.663260035 296.73408502 0.015 0.307 0.333333333333 0.198653198653 3 297 66
236 12 -184.335325504 380.078215958 0.005 0.109 nan 0.31 0 300 66
237 3 -141.682423193 294.772411335 0.005 0.208 nan 0.19 0 300 66
238 25 -140.100949453 291.609463855 0.005 0.208 nan 0.19 0 300 66
240 3 -79.5540899348 170.515744819 0.01 0.604 nan 0.1 0 300 66
241 4 -139.297998091 290.003561131 0.005 0.208 nan 0.183333333333 0 300 66
242 7 -85.395728475 182.199021899 0.015 0.703 0.5 0.108108108108 4 296 66
243 13 -117.541803572 246.491172094 0.11 1.0 0.618181818182 0.138775510204 55 245 66
244 28 -162.722455489 336.852475927 0.01 0.208 nan 0.246666666667 0 300 66
245 9 -113.620700601 238.648966151 0.075 0.901 0.575757575758 0.164794007491 33 267 66
247 15 -126.606534074 264.620633097 0.04 0.505 1.0 0.189830508475 5 295 66
248 35 -183.196793666 377.801152282 0.005 0.109 nan 0.303333333333 0 300 66
253 4 -91.5360628388 194.479690627 0.01 0.505 nan 0.116666666667 0 300 66
256 10 -116.472672062 244.352909073 0.01 0.406 nan 0.146666666667 0 300 66
257 24 -104.125486224 219.658537398 0.01 0.406 nan 0.14 0 300 66
258 8 -116.029745893 243.467056735 0.085 0.802 0.619047619048 0.182795698925 21 279 66
259 14 -71.030217322 153.467999593 0.005 0.703 nan 0.0666666666667 0 300 66
260 13 -132.581454072 276.570473094 0.035 0.406 0.571428571429 0.191126279863 7 293 66
261 7 -172.597568019 356.602700988 0.025 0.208 0.25 0.273648648649 4 296 66
262 11 -135.732665225 282.872895399 0.015 0.307 nan 0.19 0 300 66
263 8 -90.6397204646 192.687005879 0.005 0.406 nan 0.11 0 300 66
264 3 -88.7706507343 188.948866418 0.01 0.604 nan 0.11 0 300 66
1519 17 -124.484791205 260.377147359 0.075 0.703 0.53488372093 0.155642023346 43 257 66
1520 4 -110.242816298 231.893197546 0.005 0.307 nan 0.136666666667 0 300 66
1521 17 -141.835157882 295.077880713 0.015 0.307 1.0 0.200668896321 1 299 66
1523 14 -124.771225251 260.950015452 0.03 0.406 0.75 0.182432432432 4 296 66
1524 11 -147.797185018 307.001934986 0.005 0.208 nan 0.206666666667 0 300 66
1525 12 -147.954625864 307.316816676 0.025 0.307 0.5 0.219594594595 4 296 66
1526 11 -108.471227865 228.350020679 0.01 0.406 1.0 0.133779264214 1 299 66
1527 15 -129.811758427 271.031081803 0.03 0.406 0.428571428571 0.18771331058 7 293 66
1528 2 -113.973901977 239.355368903 0.005 0.307 nan 0.14 0 300 66
1529 2 -91.2266288832 193.860822716 0.005 0.406 nan 0.106666666667 0 300 66
1530 15 -82.9397752962 177.287115542 0.005 0.505 nan 0.1 0 300 66
1531 10 -100.431621154 212.270807257 0.01 0.406 1.0 0.130434782609 1 299 66
1532 15 -74.2811452319 159.969855413 0.005 0.505 nan 0.09 0 300 66
1533 22 -94.7175951139 200.842755177 0.005 0.406 nan 0.116666666667 0 300 66
1534 19 -135.647652207 282.702869363 0.125 0.703 0.571428571429 0.209302325581 42 258 66
1535 15 -133.66622441 278.740013768 0.04 0.406 0.538461538462 0.191637630662 13 287 66
1536 5 -114.539666555 240.48689806 0.05 0.703 0.666666666667 0.157894736842 15 285 67
1537 12 -154.800757282 321.009079514 0.01 0.208 nan 0.22 0 300 67
1538 32 -154.73787725 320.883319448 0.01 0.208 nan 0.23 0 300 67
1539 24 -119.049958383 249.507481714 0.01 0.406 nan 0.156666666667 0 300 67
1540 8 -151.041934082 313.491433113 0.005 0.208 nan 0.206666666667 0 300 67
1541 11 -136.928854994 285.265274936 0.1 0.604 0.463414634146 0.208494208494 41 259 67
1542 7 -118.521469545 248.450504039 0.025 0.406 nan 0.173333333333 0 300 67
1543 7 -93.0939526401 197.59547023 0.025 0.802 0.3 0.114285714286 20 280 67
1544 13 -106.925211899 225.257988748 0.005 0.307 nan 0.13 0 300 67
1545 25 -154.775132701 320.957830352 0.005 0.208 nan 0.22 0 300 67
1546 12 -99.8384091143 211.084383178 0.005 0.406 nan 0.126666666667 0 300 67
1547 23 -203.276817012 417.961198973 0.195 0.109 0.585365853659 0.42471042471 41 259 67
1549 27 -137.408775563 286.225116075 0.005 0.208 nan 0.186666666667 0 300 67
1550 4 -135.864102362 283.135769674 0.015 0.307 nan 0.193333333333 0 300 67
1553 11 -124.769557758 260.946680466 0.045 0.505 0.714285714286 0.19795221843 7 293 67
140 11 -68.689546316 148.786657581 0.005 0.604 0.5 0.0771812080537 2 298 67
141 4 -126.998004038 265.403573025 0.01 0.307 nan 0.17 0 300 67
142 10 -93.121432027 197.650429003 0.005 0.406 nan 0.11 0 300 67
143 21 -172.647913374 356.703391697 0.175 0.406 0.553571428571 0.286885245902 56 244 67
144 16 -67.2805807888 145.968726527 0.005 0.604 nan 0.08 0 300 67
145 10 -113.163884009 237.735332968 0.005 0.307 nan 0.14 0 300 67
146 24 -145.567853234 302.543271417 0.005 0.208 nan 0.203333333333 0 300 67
147 11 -117.737241184 246.882047318 0.075 0.802 0.5625 0.160447761194 32 268 67
148 3 -138.362025867 288.131616683 0.04 0.406 0.5 0.199300699301 14 286 67
149 5 -110.991813548 233.391192046 0.04 0.604 0.444444444444 0.171821305842 9 291 67
150 25 -127.922886853 267.253338655 0.015 0.307 nan 0.18 0 300 67
151 21 -140.218723649 291.845012248 0.005 0.208 nan 0.18 0 300 67
152 9 -99.7750806861 210.957726322 0.005 0.406 nan 0.12 0 300 67
153 15 -177.921728958 367.251022865 0.125 0.307 0.515151515152 0.299625468165 33 267 67
154 3 -120.995251836 253.398068622 0.03 0.505 1.0 0.183946488294 1 299 67
155 0 -105.222323436 221.852211821 0.01 0.406 nan 0.14 0 300 67
157 8 -153.479936886 318.36743872 0.005 0.208 nan 0.206666666667 0 300 67
158 9 -66.8643766236 145.136318197 0.005 0.604 nan 0.08 0 300 67
159 15 -73.1106356434 157.628836236 0.01 0.703 nan 0.1 0 300 67
160 29 -81.7512585869 174.910082123 0.005 0.505 0.5 0.0872483221477 2 298 67
161 4 -77.3795251887 166.166615327 0.005 0.505 nan 0.0933333333333 0 300 67
162 19 -193.663137866 398.733840681 0.045 0.109 0.666666666667 0.367003367003 3 297 67
163 3 -143.003741077 297.415047104 0.005 0.208 nan 0.193333333333 0 300 67
164 2 -124.817102752 261.041770454 0.01 0.307 nan 0.17 0 300 67
165 12 -143.644874091 298.697313131 0.05 0.406 0.4 0.217543859649 15 285 67
166 1 -111.474030465 234.355625879 0.065 0.901 0.652173913043 0.151624548736 23 277 67
168 37 -127.189892904 265.787350757 0.005 0.307 nan 0.163333333333 0 300 67
170 12 -142.055301523 295.518167995 0.05 0.406 0.533333333333 0.214035087719 15 285 67
171 5 -111.792407629 234.992380208 0.015 0.406 0.333333333333 0.148148148148 3 297 67
172 9 -137.268034261 285.943633471 0.015 0.307 nan 0.193333333333 0 300 67
173 5 -111.40600158 234.219568109 0.02 0.505 0.75 0.148648648649 4 296 67
174 1 -153.327640027 318.062845003 0.015 0.208 nan 0.226666666667 0 300 67
175 12 -92.0491071635 195.505779276 0.005 0.406 nan 0.11 0 300 67
176 21 -142.608653908 296.624872765 0.175 0.802 0.629032258065 0.197478991597 62 238 67
177 40 -207.571971659 426.551508268 0.005 0.01 nan 0.473333333333 0 300 67
178 8 -120.564614078 252.536793106 0.01 0.307 nan 0.16 0 300 67
179 4 -137.415512935 286.238590819 0.08 0.604 0.51724137931 0.206642066421 29 271 67
180 8 -136.749069088 284.905703125 0.06 0.505 0.533333333333 0.217543859649 15 285 67
181 4 -124.691953486 260.79147192 0.125 0.901 0.64 0.16 50 250 67
183 5 -113.162208393 237.731981736 0.005 0.307 nan 0.146666666667 0 300 67
184 3 -165.503158183 342.413881316 0.015 0.208 1.0 0.250836120401 1 299 67
185 7 -94.1810453008 199.769655551 0.005 0.406 nan 0.106666666667 0 300 67
186 11 -81.861592089 175.130749127 0.005 0.505 nan 0.0966666666667 0 300 67
187 8 -100.059481575 211.526528099 0.01 0.505 0.0 0.120401337793 1 299 67
188 20 -143.908025622 299.223616193 0.005 0.208 nan 0.19 0 300 67
189 3 -124.770220096 260.948005141 0.09 0.802 0.592592592593 0.186813186813 27 273 67
190 32 -187.059428317 385.526421583 0.005 0.109 nan 0.32 0 300 67
192 7 -136.859035212 285.125635373 0.04 0.406 0.75 0.206081081081 4 296 67
193 2 -138.336989305 288.081543559 0.015 0.307 nan 0.193333333333 0 300 67
194 9 -63.131380614 137.670326177 0.005 0.703 nan 0.0766666666667 0 300 67
195 9 -161.767997498 334.943559946 0.015 0.208 nan 0.246666666667 0 300 67
196 0 -120.57002413 252.547613209 0.02 0.406 1.0 0.170568561873 1 299 67
197 23 -186.188599162 383.784763274 0.02 0.109 1.0 0.321070234114 1 299 67
198 8 -77.4055206658 166.218606281 0.005 0.505 nan 0.09 0 300 67
199 11 -117.255328851 245.918222652 0.02 0.406 0.428571428571 0.153583617747 7 293 67
200 22 -120.919749553 253.247064056 0.005 0.307 nan 0.153333333333 0 300 67
202 17 -142.101358622 295.610282193 0.11 0.604 0.5 0.217054263566 42 258 67
203 7 -111.125580935 233.65872682 0.01 0.406 1.0 0.140468227425 1 299 67
204 22 -130.422552831 272.25267061 0.01 0.307 nan 0.173333333333 0 300 67
206 32 -110.957231396 233.322027741 0.005 0.307 nan 0.14 0 300 67
207 6 -88.8261314686 189.059827886 0.005 0.505 nan 0.106666666667 0 300 67
208 34 -158.083705212 327.574975372 0.005 0.208 nan 0.226666666667 0 300 67
212 1 -110.15995654 231.72747803 0.015 0.406 0.5 0.151006711409 2 298 67
213 18 -207.740609811 426.888784571 0.2 0.01 0.56 0.509090909091 25 275 67
215 8 -96.1204360021 203.648436954 0.005 0.406 nan 0.113333333333 0 300 67
216 1 -106.379577898 224.166720745 0.005 0.406 0.333333333333 0.117845117845 3 297 67
217 16 -150.360392003 312.128348955 0.005 0.208 nan 0.213333333333 0 300 67
218 3 -128.500156596 268.407878141 0.02 0.406 0.5 0.181208053691 2 298 67
220 26 -67.7139308687 146.835426687 0.005 0.604 nan 0.08 0 300 67
221 3 -93.807246729 199.022058407 0.075 1.0 0.727272727273 0.12734082397 33 267 67
223 15 -80.7216560293 172.850877008 0.005 0.505 nan 0.0966666666667 0 300 67
225 4 -134.284254785 279.97607452 0.015 0.307 0.333333333333 0.188552188552 3 297 67
226 22 -133.948549031 279.304663011 0.03 0.406 0.5 0.190476190476 6 294 67
227 39 -151.130047067 313.667659083 0.005 0.208 nan 0.213333333333 0 300 67
228 12 -111.938013902 235.283592754 0.005 0.307 nan 0.13 0 300 67
229 16 -111.480721166 234.369007282 0.01 0.406 nan 0.136666666667 0 300 67
230 8 -55.3155409754 122.0386469 0.005 0.802 nan 0.0666666666667 0 300 67
231 40 -151.571600871 314.550766691 0.005 0.208 nan 0.206666666667 0 300 67
232 7 -123.534840284 258.477245518 0.01 0.307 0.5 0.161073825503 2 298 67
234 8 -97.3426049409 206.092774831 0.005 0.406 nan 0.11 0 300 67
235 11 -139.251800839 289.911166628 0.015 0.307 0.285714285714 0.191126279863 7 293 67
236 12 -186.257757659 383.923080268 0.005 0.109 nan 0.313333333333 0 300 67
237 3 -138.350787375 288.109139699 0.02 0.307 0.6 0.186440677966 5 295 67
238 25 -148.003098839 307.413762627 0.005 0.208 nan 0.206666666667 0 300 67
240 3 -96.0585361708 203.524637291 0.005 0.406 nan 0.11 0 300 67
241 4 -139.940530209 291.288625367 0.015 0.307 nan 0.196666666667 0 300 67
242 7 -81.3924539784 174.192472906 0.005 0.505 nan 0.09 0 300 67
243 13 -109.994316111 231.396197171 0.09 1.0 0.628571428571 0.158490566038 35 265 67
244 28 -136.645712769 284.698990487 0.025 0.406 0.8 0.193220338983 5 295 67
245 9 -115.290838836 241.989242621 0.06 0.703 0.571428571429 0.168458781362 21 279 67
247 15 -120.106929113 251.621423176 0.045 0.604 0.5 0.173611111111 12 288 67
248 35 -187.146266271 385.700097492 0.005 0.109 nan 0.313333333333 0 300 67
253 4 -95.7652329044 202.938030758 0.005 0.406 nan 0.113333333333 0 300 67
256 10 -124.304999979 260.017564908 0.01 0.307 nan 0.16 0 300 67
257 24 -123.811051244 259.029667436 0.015 0.406 0.25 0.162162162162 4 296 67
258 8 -131.140535083 273.688635115 0.095 0.703 0.666666666667 0.199275362319 24 276 67
259 14 -59.3320712397 130.071707429 0.005 0.703 nan 0.0733333333333 0 300 67
260 13 -126.144507123 263.696579195 0.025 0.406 nan 0.19 0 300 67
261 7 -180.737644525 372.882854 0.005 0.109 nan 0.293333333333 0 300 67
262 11 -127.00731477 265.422194488 0.01 0.307 nan 0.16 0 300 67
263 8 -82.6615722211 176.730709391 0.005 0.505 nan 0.0966666666667 0 300 67
264 3 -84.0731766173 179.553918184 0.005 0.406 nan 0.0966666666667 0 300 67
1519 17 -120.844496429 253.096557807 0.075 0.802 0.547619047619 0.151162790698 42 258 67
1520 4 -120.902278346 253.212121642 0.005 0.307 nan 0.15 0 300 67
1521 17 -151.108981864 313.625528676 0.005 0.208 nan 0.216666666667 0 300 67
1523 14 -142.999706762 297.406978473 0.05 0.406 0.428571428571 0.223776223776 14 286 67
1524 11 -132.031832468 275.471229885 0.03 0.406 0.5 0.187074829932 6 294 67
1525 12 -138.095677282 287.598919513 0.035 0.406 0.833333333333 0.197278911565 6 294 67
1526 11 -107.052197528 225.511960006 0.005 0.307 nan 0.126666666667 0 300 67
1527 15 -139.919938743 291.247442436 0.02 0.307 nan 0.203333333333 0 300 67
1528 2 -120.348672089 252.104909127 0.005 0.307 nan 0.156666666667 0 300 67
1529 2 -93.1099573982 197.627479746 0.005 0.406 1.0 0.103678929766 1 299 67
1530 15 -86.6141144441 184.635793837 0.005 0.406 nan 0.106666666667 0 300 67
1531 10 -111.641733881 234.691032711 0.01 0.406 0.5 0.140939597315 2 298 67
1532 15 -83.7358060759 178.879177101 0.005 0.505 nan 0.0933333333333 0 300 67
1533 22 -92.3054951071 196.018555163 0.005 0.406 nan 0.106666666667 0 300 67
1534 19 -138.386397792 288.180360534 0.105 0.604 0.470588235294 0.233082706767 34 266 67
1535 15 -139.652318879 290.712202708 0.035 0.406 0.363636363636 0.200692041522 11 289 67
1536 5 -115.458673557 242.324912064 0.045 0.604 0.461538461538 0.174216027875 13 287 68
1537 12 -148.651524975 308.710614899 0.01 0.208 nan 0.216666666667 0 300 68
1538 32 -152.315286237 316.038137423 0.04 0.307 0.666666666667 0.241496598639 6 294 68
1539 24 -117.079063883 245.565692715 0.005 0.307 nan 0.14 0 300 68
1540 8 -148.632789302 308.673143553 0.005 0.208 nan 0.196666666667 0 300 68
1541 11 -133.322668738 278.052902426 0.11 0.703 0.560975609756 0.200772200772 41 259 68
1542 7 -138.234183344 287.875931638 0.015 0.307 nan 0.2 0 300 68
1543 7 -108.580352728 228.568270405 0.015 0.406 nan 0.15 0 300 68
1544 13 -125.008491162 261.424547273 0.01 0.307 nan 0.17 0 300 68
1545 25 -149.14660246 309.700769869 0.005 0.208 nan 0.21 0 300 68
1546 12 -111.716799622 234.841164194 0.005 0.307 nan 0.136666666667 0 300 68
1547 23 -203.829610948 419.066786845 0.17 0.109 0.529411764706 0.40562248996 51 249 68
1549 27 -143.93684801 299.28126097 0.005 0.208 nan 0.196666666667 0 300 68
1550 4 -141.4761165 294.35979795 0.025 0.307 1.0 0.198653198653 3 297 68
1553 11 -127.289609552 265.986784054 0.055 0.604 0.458333333333 0.184782608696 24 276 68
140 11 -86.1097345903 183.62703413 0.005 0.505 nan 0.1 0 300 68
141 4 -99.1272471158 209.662059181 0.015 0.505 0.5 0.137583892617 2 298 68
142 10 -101.347109958 214.101784865 0.005 0.406 nan 0.126666666667 0 300 68
143 21 -163.469806724 338.347178397 0.205 0.604 0.566666666667 0.2625 60 240 68
144 16 -94.8219488279 201.051462605 0.005 0.406 nan 0.116666666667 0 300 68
145 10 -112.060038886 235.527642721 0.005 0.307 nan 0.14 0 300 68
146 24 -150.842230378 313.092025705 0.005 0.208 nan 0.21 0 300 68
147 11 -127.809117984 267.025800918 0.045 0.505 0.583333333333 0.190972222222 12 288 68
148 3 -131.720372085 274.84830912 0.065 0.505 0.833333333333 0.201388888889 12 288 68
149 5 -123.544314311 258.496193572 0.035 0.505 0.428571428571 0.18771331058 7 293 68
150 25 -142.441937058 296.291439065 0.005 0.208 nan 0.196666666667 0 300 68
151 21 -149.611322712 310.630210374 0.005 0.208 nan 0.203333333333 0 300 68
152 9 -95.7622728024 202.932110554 0.01 0.505 0.25 0.114864864865 4 296 68
153 15 -176.89196601 365.191496969 0.2 0.406 0.610169491525 0.286307053942 59 241 68
154 3 -120.603975355 252.61551566 0.03 0.505 1.0 0.183946488294 1 299 68
155 0 -122.732154393 256.871873736 0.005 0.307 nan 0.153333333333 0 300 68
157 8 -147.496721284 306.401007518 0.005 0.208 nan 0.2 0 300 68
158 9 -71.025844428 153.459253805 0.005 0.604 nan 0.0833333333333 0 300 68
159 15 -78.7419828818 168.891530713 0.005 0.505 nan 0.0966666666667 0 300 68
160 29 -88.9672228481 189.342010646 0.005 0.406 nan 0.1 0 300 68
161 4 -71.8008421394 155.009249228 0.015 1.0 0.666666666667 0.0909090909091 3 297 68
162 19 -186.797526123 385.002617195 0.01 0.109 nan 0.32 0 300 68
163 3 -148.344286518 308.096137985 0.005 0.208 nan 0.206666666667 0 300 68
164 2 -123.976776451 259.361117851 0.02 0.406 1.0 0.177257525084 1 299 68
165 12 -150.542082852 312.491730653 0.045 0.307 0.5 0.236301369863 8 292 68
166 1 -108.353420787 228.114406522 0.065 0.901 0.6 0.160714285714 20 280 68
168 37 -139.005779772 289.419124493 0.005 0.208 nan 0.183333333333 0 300 68
170 12 -148.972222194 309.352009337 0.02 0.307 0.333333333333 0.210884353741 6 294 68
171 5 -119.84956493 251.106694808 0.005 0.307 nan 0.143333333333 0 300 68
172 9 -144.335362495 300.078289939 0.02 0.307 0.5 0.206081081081 4 296 68
173 5 -111.475970362 234.359505674 0.005 0.307 nan 0.143333333333 0 300 68
174 1 -149.276504178 309.960573306 0.005 0.208 nan 0.2 0 300 68
175 12 -99.6858098073 210.779184564 0.005 0.406 nan 0.113333333333 0 300 68
176 21 -131.979489459 275.366543867 0.145 0.802 0.617647058824 0.221804511278 34 266 68
177 40 -207.38215893 426.171882809 0.025 0.01 nan 0.473333333333 0 300 68
178 8 -113.704621919 238.816808787 0.02 0.406 0.5 0.161073825503 2 298 68
179 4 -144.375812146 300.159189241 0.08 0.505 0.575757575758 0.202247191011 33 267 68
180 8 -124.462543896 260.332652742 0.085 0.703 0.68 0.185454545455 25 275 68
181 4 -129.813008864 271.033582678 0.13 0.901 0.58 0.184 50 250 68
183 5 -116.780800582 244.969166113 0.005 0.307 nan 0.143333333333 0 300 68
184 3 -153.380312696 318.168190342 0.01 0.208 nan 0.226666666667 0 300 68
185 7 -97.6466176811 206.700800311 0.005 0.406 nan 0.113333333333 0 300 68
186 11 -80.8447107836 173.096986517 0.005 0.505 nan 0.0966666666667 0 300 68
187 8 -98.1410685641 207.689702078 0.005 0.406 nan 0.113333333333 0 300 68
188 20 -145.166606644 301.740778236 0.005 0.208 nan 0.193333333333 0 300 68
189 3 -133.105879965 277.619324879 0.08 0.604 0.529411764706 0.195488721805 34 266 68
190 32 -182.954943583 377.317452115 0.005 0.109 nan 0.303333333333 0 300 68
192 7 -150.836204189 313.079973326 0.035 0.307 0.75 0.22972972973 4 296 68
193 2 -136.355439332 284.118443613 0.015 0.307 nan 0.196666666667 0 300 68
194 9 -61.3624467352 134.13245842 0.005 0.703 nan 0.0766666666667 0 300 68
195 9 -145.161573591 301.730712131 0.02 0.307 0.666666666667 0.20202020202 3 297 68
196 0 -109.347644573 230.102854095 0.015 0.406 1.0 0.150501672241 1 299 68
197 23 -191.810458684 395.028482318 0.01 0.109 nan 0.34 0 300 68
198 8 -67.8493238727 147.106212695 0.005 0.604 nan 0.0766666666667 0 300 68
199 11 -105.358178724 222.123922398 0.025 0.604 0.4 0.152542372881 5 295 68
200 22 -114.301561959 240.010688868 0.005 0.307 nan 0.136666666667 0 300 68
202 17 -160.77395217 332.955469289 0.065 0.307 0.615384615385 0.250871080139 13 287 68
203 7 -119.650550008 250.708664965 0.005 0.307 nan 0.153333333333 0 300 68
204 22 -126.361952876 264.1314707 0.005 0.307 nan 0.163333333333 0 300 68
206 32 -128.888253761 269.184072471 0.01 0.307 nan 0.166666666667 0 300 68
207 6 -83.336305912 178.080176773 0.005 0.505 nan 0.0933333333333 0 300 68
208 34 -143.713773591 298.83511213 0.005 0.208 nan 0.193333333333 0 300 68
212 1 -89.3719278866 190.151420723 0.03 0.802 0.625 0.126712328767 8 292 68
213 18 -207.761133863 426.929832675 0.145 0.01 0.6 0.491228070175 15 285 68
215 8 -97.5905239251 206.588612799 0.015 0.604 1.0 0.117845117845 3 297 68
216 1 -86.5968270533 184.601219056 0.005 0.505 nan 0.106666666667 0 300 68
217 16 -151.227905636 313.863376221 0.005 0.208 nan 0.21 0 300 68
218 3 -135.816704385 283.04097372 0.015 0.307 nan 0.193333333333 0 300 68
220 26 -72.9339988076 157.275562565 0.005 0.505 nan 0.0866666666667 0 300 68
221 3 -107.07708233 225.56172961 0.075 1.0 0.583333333333 0.143939393939 36 264 68
223 15 -93.8026949621 199.012954873 0.005 0.406 nan 0.106666666667 0 300 68
225 4 -120.760174743 252.927914436 0.025 0.406 1.0 0.177257525084 1 299 68
226 22 -132.398663764 276.204892478 0.015 0.307 0.333333333333 0.178451178451 3 297 68
227 39 -149.251478459 309.910521867 0.005 0.208 nan 0.203333333333 0 300 68
228 12 -97.5340095661 206.475584081 0.01 0.505 nan 0.126666666667 0 300 68
229 16 -119.304147203 250.015859355 0.005 0.307 nan 0.15 0 300 68
230 8 -68.9806797107 149.368924371 0.005 0.703 0.2 0.0677966101695 5 295 68
231 40 -143.672507611 298.752580171 0.02 0.307 1.0 0.204013377926 1 299 68
232 7 -129.224400385 269.856365719 0.01 0.307 nan 0.176666666667 0 300 68
234 8 -97.0742854277 205.556135805 0.005 0.406 nan 0.116666666667 0 300 68
235 11 -146.004318024 303.416200998 0.005 0.208 nan 0.196666666667 0 300 68
236 12 -187.750057027 386.907679004 0.01 0.109 nan 0.323333333333 0 300 68
237 3 -141.945476671 295.298518291 0.015 0.307 nan 0.2 0 300 68
238 25 -144.469233793 300.346032535 0.005 0.208 nan 0.2 0 300 68
240 3 -92.6049437569 196.617452463 0.005 0.406 nan 0.113333333333 0 300 68
241 4 -150.9500428 313.307650549 0.005 0.208 nan 0.21 0 300 68
242 7 -77.3561166274 166.119798204 0.005 0.505 nan 0.0933333333333 0 300 68
243 13 -115.967313903 243.342192756 0.105 1.0 0.530612244898 0.163346613546 49 251 68
244 28 -152.955654135 317.318873219 0.01 0.208 nan 0.223333333333 0 300 68
245 9 -127.5892472 266.58605935 0.05 0.505 0.6 0.189473684211 15 285 68
247 15 -134.251626092 279.910817134 0.035 0.406 0.428571428571 0.201365187713 7 293 68
248 35 -182.569426066 376.546417082 0.005 0.109 nan 0.286666666667 0 300 68
253 4 -86.5232182599 184.454001469 0.005 0.406 nan 0.1 0 300 68
256 10 -123.219052202 257.845669354 0.005 0.307 nan 0.15 0 300 68
257 24 -124.859695906 261.126956761 0.02 0.406 0.666666666667 0.16835016835 3 297 68
258 8 -123.654932353 258.717429655 0.055 0.604 0.529411764706 0.190812720848 17 283 68
259 14 -53.8243407486 119.056246447 0.005 0.802 nan 0.0633333333333 0 300 68
260 13 -138.64078127 288.689127489 0.04 0.406 0.6 0.203448275862 10 290 68
261 7 -191.620774032 394.649113014 0.005 0.109 nan 0.33 0 300 68
262 11 -128.863722188 269.135009325 0.01 0.307 nan 0.173333333333 0 300 68
263 8 -100.214331982 211.836228914 0.005 0.406 nan 0.116666666667 0 300 68
264 3 -92.0080334679 195.423631885 0.005 0.406 nan 0.113333333333 0 300 68
1519 17 -117.568750295 246.545065539 0.09 0.901 0.575757575758 0.164794007491 33 267 68
1520 4 -110.189678882 231.786922713 0.02 0.505 0.375 0.143835616438 8 292 68
1521 17 -133.112115269 277.631795488 0.02 0.307 0.5 0.194630872483 2 298 68
1523 14 -141.679552625 294.766670199 0.04 0.406 0.833333333333 0.214285714286 6 294 68
1524 11 -143.670984297 298.749533544 0.025 0.307 1.0 0.209459459459 4 296 68
1525 12 -146.839787678 305.087140305 0.025 0.307 0.6 0.216949152542 5 295 68
1526 11 -93.1981387457 197.803842441 0.01 0.505 nan 0.116666666667 0 300 68
1527 15 -141.242954056 293.893473061 0.035 0.406 0.5 0.192307692308 14 286 68
1528 2 -124.632892853 260.673350654 0.005 0.307 nan 0.16 0 300 68
1529 2 -91.2620574469 193.931679843 0.005 0.406 nan 0.11 0 300 68
1530 15 -85.4520936384 182.311752226 0.01 0.604 nan 0.113333333333 0 300 68
1531 10 -122.33754933 256.08266361 0.01 0.307 nan 0.163333333333 0 300 68
1532 15 -90.850194832 193.107954613 0.005 0.505 nan 0.103333333333 0 300 68
1533 22 -93.3449377687 198.097440487 0.005 0.406 nan 0.106666666667 0 300 68
1534 19 -133.173337218 277.754239386 0.125 0.802 0.591836734694 0.183266932271 49 251 68
1535 15 -124.061639317 259.530843583 0.085 0.703 0.666666666667 0.174074074074 30 270 68
1536 5 -118.519748684 248.447062317 0.045 0.604 0.538461538462 0.174216027875 13 287 69
1537 12 -138.761284686 288.930134321 0.005 0.208 nan 0.176666666667 0 300 69
1538 32 -140.111898688 291.631362325 0.05 0.406 0.6 0.20350877193 15 285 69
1539 24 -113.407625675 238.2228163 0.005 0.307 nan 0.133333333333 0 300 69
1540 8 -141.738031939 294.883628827 0.005 0.208 nan 0.19 0 300 69
1541 11 -140.041585775 291.4907365 0.11 0.604 0.595744680851 0.193675889328 47 253 69
1542 7 -142.763295669 296.934156287 0.02 0.307 0.4 0.203389830508 5 295 69
1543 7 -101.755529375 214.918623699 0.015 0.505 nan 0.136666666667 0 300 69
1544 13 -104.740989557 220.889544063 0.005 0.307 nan 0.123333333333 0 300 69
1545 25 -160.329373528 332.066312005 0.01 0.208 nan 0.226666666667 0 300 69
1546 12 -110.502145911 232.411856771 0.005 0.307 nan 0.133333333333 0 300 69
1547 23 -207.556615855 426.52079666 0.005 0.01 nan 0.473333333333 0 300 69
1549 27 -139.591257057 290.590079062 0.005 0.208 nan 0.183333333333 0 300 69
1550 4 -137.517113962 286.441792874 0.015 0.307 1.0 0.19397993311 1 299 69
1553 11 -133.695011012 278.797586974 0.05 0.505 0.571428571429 0.186379928315 21 279 69
140 11 -77.4487853587 166.305135667 0.005 0.505 nan 0.1 0 300 69
141 4 -122.452811186 256.313187322 0.01 0.307 nan 0.163333333333 0 300 69
142 10 -82.2146491193 175.836863188 0.01 0.604 nan 0.1 0 300 69
143 21 -171.684049082 354.775663113 0.11 0.307 0.5 0.302919708029 26 274 69
144 16 -75.6871718719 162.781908693 0.005 0.604 nan 0.09 0 300 69
145 10 -127.761810542 266.931186034 0.005 0.307 nan 0.16 0 300 69
146 24 -155.049299137 321.506163223 0.005 0.208 nan 0.216666666667 0 300 69
147 11 -116.022315671 243.452196291 0.06 0.703 0.5625 0.183098591549 16 284 69
148 3 -140.787210591 292.98198613 0.03 0.406 0.333333333333 0.204861111111 12 288 69
149 5 -118.665868712 248.739302373 0.04 0.604 0.458333333333 0.152173913043 24 276 69
150 25 -157.669272215 326.746109379 0.01 0.208 nan 0.226666666667 0 300 69
151 21 -138.012149349 287.431863648 0.005 0.208 nan 0.183333333333 0 300 69
152 9 -103.072435905 217.55243676 0.005 0.406 1.0 0.110367892977 1 299 69
153 15 -182.583975072 376.575515094 0.09 0.208 0.590909090909 0.309352517986 22 278 69
154 3 -113.319724546 238.047014042 0.06 0.703 0.473684210526 0.170818505338 19 281 69
155 0 -120.047787873 251.503140696 0.005 0.307 nan 0.153333333333 0 300 69
157 8 -144.827538211 301.062641372 0.005 0.208 nan 0.196666666667 0 300 69
158 9 -80.1078894177 171.623343785 0.005 0.505 nan 0.1 0 300 69
159 15 -75.5333349385 162.474234826 0.005 0.505 nan 0.0866666666667 0 300 69
160 29 -77.0932498071 165.594064563 0.005 0.604 nan 0.0866666666667 0 300 69
161 4 -76.6182911154 164.64414718 0.005 0.505 1.0 0.0869565217391 1 299 69
162 19 -194.666472898 400.740510745 0.02 0.109 nan 0.356666666667 0 300 69
163 3 -144.016594781 299.440754511 0.015 0.307 0.4 0.2 5 295 69
164 2 -134.133225225 279.6740154 0.03 0.406 0.6 0.193220338983 5 295 69
165 12 -139.609170028 290.625905005 0.04 0.406 0.388888888889 0.195035460993 18 282 69
166 1 -105.28390682 221.975378589 0.06 1.0 0.56 0.149090909091 25 275 69
168 37 -108.693338741 228.794242431 0.01 0.406 nan 0.143333333333 0 300 69
170 12 -130.612365113 272.632295175 0.035 0.406 0.625 0.181506849315 8 292 69
171 5 -126.168712617 263.744990184 0.005 0.307 nan 0.156666666667 0 300 69
172 9 -140.797714287 293.002993524 0.02 0.307 nan 0.206666666667 0 300 69
173 5 -103.846671716 219.100908382 0.025 0.604 0.5 0.140410958904 8 292 69
174 1 -132.22205404 275.851673029 0.01 0.307 nan 0.186666666667 0 300 69
175 12 -97.0709812856 205.549527521 0.005 0.406 nan 0.116666666667 0 300 69
176 21 -130.833103681 273.073772311 0.14 0.901 0.630434782609 0.188976377953 46 254 69
177 40 -206.684476167 424.776517283 0.205 0.109 0.481481481481 0.439024390244 54 246 69
178 8 -122.795711878 256.998988705 0.025 0.406 nan 0.186666666667 0 300 69
179 4 -138.705667246 288.818899442 0.045 0.406 0.3 0.220689655172 10 290 69
180 8 -127.967918475 267.343401899 0.07 0.604 0.64 0.185454545455 25 275 69
181 4 -117.162376342 245.732317634 0.13 1.0 0.739130434783 0.141732283465 46 254 69
183 5 -112.011690648 235.430946245 0.015 0.406 1.0 0.150501672241 1 299 69
184 3 -149.221321494 309.850207938 0.025 0.307 0.25 0.219178082192 8 292 69
185 7 -88.2670011698 187.941567289 0.005 0.406 nan 0.103333333333 0 300 69
186 11 -94.2731890871 199.953943123 0.005 0.406 nan 0.116666666667 0 300 69
187 8 -112.644900667 236.697366283 0.005 0.307 nan 0.14 0 300 69
188 20 -152.452295887 316.312156724 0.01 0.208 nan 0.22 0 300 69
189 3 -122.12507895 255.65772285 0.11 0.901 0.612244897959 0.159362549801 49 251 69
190 32 -180.521010988 372.449586925 0.005 0.109 nan 0.296666666667 0 300 69
192 7 -144.861017362 301.129599673 0.05 0.406 0.6 0.224137931034 10 290 69
193 2 -145.466928582 302.341422113 0.005 0.208 nan 0.2 0 300 69
194 9 -47.9821996141 107.371964178 0.005 0.901 nan 0.06 0 300 69
195 9 -147.810320875 307.028206698 0.01 0.208 nan 0.213333333333 0 300 69
196 0 -112.885286675 237.178138299 0.03 0.505 0.8 0.162711864407 5 295 69
197 23 -191.315075291 394.037715532 0.005 0.109 nan 0.323333333333 0 300 69
198 8 -63.4230254668 138.253615883 0.005 0.604 nan 0.0733333333333 0 300 69
199 11 -111.260528223 233.928621396 0.015 0.406 nan 0.16 0 300 69
200 22 -103.928541359 219.264647668 0.005 0.406 nan 0.123333333333 0 300 69
202 17 -133.346971044 278.101507038 0.12 0.703 0.536585365854 0.200772200772 41 259 69
203 7 -116.093835017 243.595234983 0.005 0.307 nan 0.143333333333 0 300 69
204 22 -115.207542412 241.822649773 0.01 0.406 nan 0.153333333333 0 300 69
206 32 -125.864223049 263.136011048 0.01 0.307 nan 0.163333333333 0 300 69
207 6 -75.6267687158 162.661102381 0.01 0.802 0.75 0.0810810810811 4 296 69
208 34 -147.672108921 306.751782791 0.005 0.208 nan 0.206666666667 0 300 69
212 1 -111.762130382 234.931825714 0.045 0.703 0.555555555556 0.152482269504 18 282 69
213 18 -207.800063641 427.00769223 0.11 0.01 0.75 0.493150684932 8 292 69
215 8 -83.7241175029 178.855799955 0.005 0.505 nan 0.1 0 300 69
216 1 -90.5673627186 192.542290386 0.005 0.406 nan 0.106666666667 0 300 69
217 16 -135.057401906 281.522368762 0.01 0.307 nan 0.18 0 300 69
218 3 -140.995211525 293.397987999 0.015 0.307 nan 0.196666666667 0 300 69
220 26 -78.787752922 168.983070793 0.005 0.505 nan 0.0933333333333 0 300 69
221 3 -102.766552721 216.940670392 0.065 1.0 0.47619047619 0.161290322581 21 279 69
223 15 -108.318458502 228.044481953 0.005 0.406 nan 0.116666666667 0 300 69
225 4 -122.307315016 256.022194982 0.02 0.406 nan 0.173333333333 0 300 69
226 22 -133.419673856 278.246912662 0.015 0.307 nan 0.186666666667 0 300 69
227 39 -152.680791862 316.769148673 0.01 0.208 nan 0.213333333333 0 300 69
228 12 -107.272403142 225.952371234 0.005 0.307 nan 0.126666666667 0 300 69
229 16 -131.101747794 273.611060537 0.015 0.307 1.0 0.180602006689 1 299 69
230 8 -37.136814011 85.6811929714 0.005 1.0 nan 0.0533333333333 0 300 69
231 40 -134.489141829 280.385848607 0.01 0.307 0.25 0.172297297297 4 296 69
232 7 -126.617907884 264.643380717 0.01 0.307 nan 0.166666666667 0 300 69
234 8 -86.8886558337 185.184876617 0.01 0.604 1.0 0.110367892977 1 299 69
235 11 -143.451449249 298.310463447 0.005 0.208 nan 0.196666666667 0 300 69
236 12 -181.430927348 374.269419645 0.005 0.109 nan 0.293333333333 0 300 69
237 3 -148.995973564 309.399512078 0.005 0.208 nan 0.203333333333 0 300 69
238 25 -148.201160843 307.809886634 0.005 0.208 nan 0.206666666667 0 300 69
240 3 -99.0595817773 209.526728504 0.005 0.406 nan 0.12 0 300 69
241 4 -151.534758601 314.477082152 0.01 0.208 nan 0.216666666667 0 300 69
242 7 -71.5613662997 154.530297549 0.005 0.505 nan 0.08 0 300 69
243 13 -118.433852308 248.275269565 0.09 0.901 0.65625 0.15671641791 32 268 69
244 28 -161.982185542 335.371936034 0.01 0.208 nan 0.24 0 300 69
245 9 -116.932618572 245.272802094 0.095 0.901 0.684210526316 0.195729537367 19 281 69
247 15 -121.102090297 253.611745544 0.055 0.604 0.44 0.174545454545 25 275 69
248 35 -187.519405844 386.446376637 0.005 0.109 nan 0.313333333333 0 300 69
253 4 -98.9706838204 209.34893259 0.005 0.406 nan 0.12 0 300 69
256 10 -135.663481114 282.734527177 0.01 0.307 nan 0.176666666667 0 300 69
257 24 -129.594818493 270.597201935 0.015 0.307 0.5 0.177852348993 2 298 69
258 8 -120.019562315 251.446689579 0.1 0.901 0.538461538462 0.153225806452 52 248 69
259 14 -60.4770151658 132.361595281 0.005 0.802 nan 0.0733333333333 0 300 69
260 13 -140.980181443 293.367927835 0.04 0.406 0.428571428571 0.197132616487 21 279 69
261 7 -193.634637474 398.676839898 0.03 0.109 0.5 0.34693877551 6 294 69
262 11 -122.077228925 255.5620228 0.025 0.406 0.571428571429 0.160409556314 7 293 69
263 8 -84.3010116092 180.009588168 0.01 0.604 nan 0.106666666667 0 300 69
264 3 -83.1071446862 177.621854322 0.005 0.505 nan 0.1 0 300 69
1519 17 -120.717466003 252.842496956 0.105 0.901 0.586956521739 0.169291338583 46 254 69
1520 4 -136.463667655 284.33490026 0.005 0.208 nan 0.173333333333 0 300 69
1521 17 -135.11789945 281.643363849 0.03 0.406 0.444444444444 0.189003436426 9 291 69
1523 14 -137.664354484 286.736273916 0.025 0.307 0.333333333333 0.205387205387 3 297 69
1524 11 -126.252750594 263.913066137 0.02 0.406 nan 0.183333333333 0 300 69
1525 12 -138.931760879 289.271086708 0.02 0.307 1.0 0.204013377926 1 299 69
1526 11 -106.929146347 225.265857644 0.005 0.307 nan 0.133333333333 0 300 69
1527 15 -136.436619258 284.280803465 0.02 0.307 nan 0.203333333333 0 300 69
1528 2 -116.138840731 243.685246412 0.005 0.307 nan 0.146666666667 0 300 69
1529 2 -96.6280181951 204.66360134 0.01 0.505 0.333333333333 0.114478114478 3 297 69
1530 15 -88.5733285567 188.554222063 0.005 0.406 nan 0.11 0 300 69
1531 10 -119.70731031 250.822185568 0.005 0.307 nan 0.153333333333 0 300 69
1532 15 -77.2709610742 165.949487098 0.005 0.604 nan 0.09 0 300 69
1533 22 -91.3282049104 194.06397477 0.005 0.406 nan 0.11 0 300 69
1534 19 -138.790365468 288.988295886 0.095 0.604 0.5 0.218518518519 30 270 69
1535 15 -119.816440867 251.040446682 0.09 0.901 0.571428571429 0.166037735849 35 265 69
1536 5 -115.73678969 242.881144329 0.03 0.505 0.857142857143 0.160409556314 7 293 70
1537 12 -152.691497255 316.790559459 0.01 0.208 nan 0.22 0 300 70
1538 32 -143.00514735 297.41785965 0.04 0.406 0.454545454545 0.221453287197 11 289 70
1539 24 -115.402495181 242.212555311 0.005 0.307 nan 0.136666666667 0 300 70
1540 8 -152.163176335 315.733917618 0.005 0.208 nan 0.21 0 300 70
1541 11 -129.135938742 269.679442434 0.12 0.802 0.531914893617 0.185770750988 47 253 70
1542 7 -148.365493777 308.138552502 0.005 0.208 nan 0.21 0 300 70
1543 7 -109.029848828 229.467262606 0.02 0.505 0.5 0.142857142857 6 294 70
1544 13 -131.850313856 275.108192662 0.005 0.307 nan 0.17 0 300 70
1545 25 -143.010579435 297.42872382 0.005 0.208 0.5 0.174496644295 2 298 70
1546 12 -111.472354124 234.352273198 0.015 0.406 nan 0.153333333333 0 300 70
1547 23 -203.738248712 418.884062373 0.195 0.109 0.703703703704 0.435897435897 27 273 70
1549 27 -134.990945153 281.389455255 0.01 0.307 nan 0.18 0 300 70
1550 4 -143.368482957 298.144530864 0.015 0.307 nan 0.2 0 300 70
1553 11 -126.099336003 263.606236956 0.08 0.703 0.485714285714 0.181132075472 35 265 70
140 11 -79.7518689848 170.911302919 0.005 0.505 nan 0.0933333333333 0 300 70
141 4 -109.00400061 229.41556617 0.02 0.505 0.4 0.145762711864 5 295 70
142 10 -90.1917661536 191.791097257 0.005 0.406 nan 0.106666666667 0 300 70
143 21 -157.980195025 327.367954999 0.095 0.406 0.666666666667 0.266666666667 15 285 70
144 16 -69.4119082066 150.231381362 0.01 0.901 0.0 0.0869565217391 1 299 70
145 10 -117.600871862 246.609308673 0.005 0.307 nan 0.146666666667 0 300 70
146 24 -134.377378111 280.162321171 0.015 0.307 nan 0.183333333333 0 300 70
147 11 -124.332109816 260.071784582 0.09 0.802 0.6 0.181481481481 30 270 70
148 3 -132.663799535 276.735164019 0.035 0.406 0.5 0.191780821918 8 292 70
149 5 -126.108149567 263.623864084 0.025 0.406 0.555555555556 0.168384879725 9 291 70
150 25 -144.853318012 301.114200973 0.005 0.208 nan 0.193333333333 0 300 70
151 21 -149.421969353 310.251503655 0.005 0.208 nan 0.206666666667 0 300 70
152 9 -104.435953365 220.279471678 0.005 0.406 nan 0.123333333333 0 300 70
153 15 -178.595272983 368.598110916 0.14 0.307 0.612903225806 0.312267657993 31 269 70
154 3 -114.583689821 240.574944592 0.04 0.604 0.444444444444 0.159574468085 18 282 70
155 0 -109.479602011 230.366768971 0.005 0.307 nan 0.136666666667 0 300 70
157 8 -142.815160029 297.037885008 0.005 0.208 nan 0.193333333333 0 300 70
158 9 -94.4558089278 200.319182805 0.005 0.406 nan 0.113333333333 0 300 70
159 15 -84.8787534043 181.165071758 0.005 0.505 nan 0.1 0 300 70
160 29 -91.6914885911 194.790542132 0.005 0.406 nan 0.11 0 300 70
161 4 -74.0040950034 159.415754956 0.005 0.505 nan 0.0933333333333 0 300 70
162 19 -183.35904344 378.125651829 0.005 0.109 nan 0.306666666667 0 300 70
163 3 -160.236802091 331.881169132 0.01 0.208 nan 0.233333333333 0 300 70
164 2 -118.038273307 247.484111563 0.02 0.406 0.333333333333 0.16835016835 3 297 70
165 12 -145.597531897 302.602628743 0.025 0.307 1.0 0.224080267559 1 299 70
166 1 -94.0492811302 199.50612721 0.065 1.0 0.6875 0.154929577465 16 284 70
168 37 -107.254274944 225.916114838 0.01 0.406 nan 0.133333333333 0 300 70
170 12 -137.000792083 285.409149116 0.035 0.406 0.6 0.203389830508 5 295 70
171 5 -108.742053907 228.891672763 0.015 0.505 0.285714285714 0.136518771331 7 293 70
172 9 -144.476760112 300.361085173 0.045 0.406 0.777777777778 0.20618556701 9 291 70
173 5 -99.872234115 211.152033179 0.015 0.505 nan 0.14 0 300 70
174 1 -149.911288705 311.230142359 0.005 0.208 nan 0.203333333333 0 300 70
175 12 -100.046049562 211.499664073 0.005 0.406 nan 0.123333333333 0 300 70
176 21 -139.276224991 289.960014931 0.18 0.901 0.579710144928 0.194805194805 69 231 70
177 40 -207.040208572 425.487982093 0.01 0.01 nan 0.456666666667 0 300 70
178 8 -125.148498003 261.704560956 0.03 0.505 0.636363636364 0.16955017301 11 289 70
179 4 -144.750182566 300.907930082 0.06 0.406 0.384615384615 0.240418118467 13 287 70
180 8 -121.267821726 253.943208402 0.07 0.703 0.619047619048 0.186379928315 21 279 70
181 4 -122.393040138 256.193645226 0.115 0.901 0.644444444444 0.164705882353 45 255 70
183 5 -122.762660921 256.932886792 0.005 0.307 nan 0.15 0 300 70
184 3 -161.274741771 333.957048491 0.01 0.208 nan 0.24 0 300 70
185 7 -85.6150481556 182.637661261 0.005 0.406 nan 0.106666666667 0 300 70
186 11 -83.1189710832 177.645507116 0.005 0.505 nan 0.0933333333333 0 300 70
187 8 -112.328772187 236.065109324 0.01 0.406 nan 0.146666666667 0 300 70
188 20 -154.798587817 321.004740584 0.005 0.208 nan 0.216666666667 0 300 70
189 3 -131.193738685 273.795042319 0.08 0.604 0.44 0.214545454545 25 275 70
190 32 -189.474682872 390.356930693 0.01 0.109 nan 0.333333333333 0 300 70
192 7 -148.452920942 308.313406834 0.03 0.307 0.5 0.221088435374 6 294 70
193 2 -120.753737074 252.915039097 0.015 0.406 nan 0.163333333333 0 300 70
194 9 -59.6886224037 130.784809757 0.005 0.703 nan 0.0633333333333 0 300 70
195 9 -149.264349921 309.936264791 0.01 0.208 nan 0.216666666667 0 300 70
196 0 -130.742218368 272.892001686 0.025 0.406 0.375 0.181506849315 8 292 70
197 23 -199.933276072 411.274117093 0.015 0.109 0.5 0.362416107383 2 298 70
198 8 -70.3675498358 152.142664621 0.005 0.604 nan 0.0833333333333 0 300 70
199 11 -116.174706464 243.756977876 0.03 0.505 1.0 0.171717171717 3 297 70
200 22 -116.769670338 244.946905625 0.005 0.307 nan 0.146666666667 0 300 70
202 17 -139.356997787 290.121560523 0.14 0.703 0.516129032258 0.241635687732 31 269 70
203 7 -123.230744913 257.869054776 0.005 0.307 nan 0.153333333333 0 300 70
204 22 -114.996075071 241.399715091 0.005 0.307 nan 0.136666666667 0 300 70
206 32 -125.746533578 262.900632105 0.005 0.307 nan 0.153333333333 0 300 70
207 6 -78.4893734282 168.386311806 0.005 0.505 nan 0.0933333333333 0 300 70
208 34 -141.947188865 295.301942679 0.005 0.208 nan 0.183333333333 0 300 70
212 1 -114.683919256 240.775403461 0.04 0.604 0.411764705882 0.166077738516 17 283 70
213 18 -207.510638017 426.428840983 0.005 0.01 nan 0.47 0 300 70
215 8 -80.0453966514 171.498358252 0.01 0.604 nan 0.103333333333 0 300 70
216 1 -94.0076500507 199.422865051 0.005 0.406 nan 0.11 0 300 70
217 16 -151.206860043 313.821285036 0.01 0.208 nan 0.213333333333 0 300 70
218 3 -127.553535289 266.514635528 0.01 0.307 nan 0.17 0 300 70
220 26 -84.7735296798 180.954624309 0.005 0.505 nan 0.1 0 300 70
221 3 -98.8891488022 209.185862554 0.06 1.0 0.846153846154 0.156794425087 13 287 70
223 15 -97.1676870035 205.742938956 0.005 0.406 nan 0.12 0 300 70
225 4 -128.205740287 267.819045523 0.025 0.406 1.0 0.190635451505 1 299 70
226 22 -140.31458515 292.036735249 0.03 0.307 0.333333333333 0.218855218855 3 297 70
227 39 -159.349914982 330.107394913 0.005 0.208 nan 0.226666666667 0 300 70
228 12 -118.835896381 249.079357712 0.005 0.307 nan 0.143333333333 0 300 70
229 16 -113.553544451 238.514653852 0.005 0.307 nan 0.136666666667 0 300 70
230 8 -55.0201081788 121.447781307 0.005 0.703 nan 0.07 0 300 70
231 40 -153.551165265 318.509895479 0.01 0.208 nan 0.223333333333 0 300 70
232 7 -140.266689554 291.940944058 0.015 0.307 nan 0.196666666667 0 300 70
234 8 -93.98774136 199.383047669 0.005 0.406 nan 0.106666666667 0 300 70
235 11 -143.385117759 298.177800468 0.005 0.208 nan 0.196666666667 0 300 70
236 12 -190.162798497 391.733161944 0.01 0.109 nan 0.333333333333 0 300 70
237 3 -150.488529386 312.384623722 0.005 0.208 nan 0.206666666667 0 300 70
238 25 -151.825050502 315.057665954 0.005 0.208 nan 0.203333333333 0 300 70
240 3 -85.8776076495 183.162780248 0.005 0.406 nan 0.103333333333 0 300 70
241 4 -146.603886748 304.615338446 0.005 0.208 nan 0.203333333333 0 300 70
242 7 -89.2240711995 189.855707348 0.005 0.505 0.25 0.097972972973 4 296 70
243 13 -113.984414924 239.376394797 0.1 1.0 0.491228070175 0.148148148148 57 243 70
244 28 -159.127311749 329.662188447 0.01 0.208 nan 0.226666666667 0 300 70
245 9 -124.181467917 259.770500782 0.06 0.604 0.666666666667 0.202749140893 9 291 70
247 15 -128.570659506 268.548883961 0.055 0.604 0.555555555556 0.172161172161 27 273 70
248 35 -169.624429973 350.656424895 0.02 0.208 nan 0.27 0 300 70
253 4 -93.6526439729 198.712852895 0.005 0.406 nan 0.103333333333 0 300 70
256 10 -117.106779188 245.621123325 0.005 0.307 nan 0.146666666667 0 300 70
257 24 -110.210804879 231.829174706 0.025 0.505 0.6 0.159322033898 5 295 70
258 8 -127.702376954 266.812318857 0.06 0.604 0.366666666667 0.185185185185 30 270 70
259 14 -61.6895175101 134.786599969 0.01 1.0 0.166666666667 0.078231292517 6 294 70
260 13 -153.230294659 317.868154267 0.03 0.307 0.363636363636 0.221453287197 11 289 70
261 7 -174.909194997 361.225954943 0.005 0.109 nan 0.276666666667 0 300 70
262 11 -125.01470681 261.436978569 0.01 0.307 nan 0.163333333333 0 300 70
263 8 -89.7436143656 190.89479368 0.005 0.406 nan 0.11 0 300 70
264 3 -105.527882451 222.463329851 0.005 0.406 nan 0.13 0 300 70
1519 17 -108.478452239 228.364469427 0.09 1.0 0.631578947368 0.188612099644 19 281 70
1520 4 -111.32177746 234.051119869 0.005 0.307 nan 0.126666666667 0 300 70
1521 17 -132.541408144 276.490381238 0.025 0.406 0.666666666667 0.185185185185 3 297 70
1523 14 -141.311264467 294.030093884 0.025 0.307 0.6 0.203389830508 5 295 70
1524 11 -136.911613601 285.230792152 0.015 0.307 nan 0.193333333333 0 300 70
1525 12 -147.648631582 306.704828114 0.025 0.307 0.5 0.222972972973 4 296 70
1526 11 -116.810487176 245.028539301 0.005 0.307 nan 0.15 0 300 70
1527 15 -147.336987725 306.0815404 0.03 0.307 0.6 0.227118644068 5 295 70
1528 2 -109.327386041 230.062337031 0.01 0.406 nan 0.136666666667 0 300 70
1529 2 -84.8572027846 181.121970519 0.005 0.505 nan 0.103333333333 0 300 70
1530 15 -82.3114345729 176.030434095 0.005 0.406 nan 0.0966666666667 0 300 70
1531 10 -112.536348309 236.480261568 0.01 0.406 nan 0.143333333333 0 300 70
1532 15 -95.3483301361 202.104225222 0.005 0.406 nan 0.103333333333 0 300 70
1533 22 -93.9620681682 199.331701286 0.005 0.406 nan 0.11 0 300 70
1534 19 -134.596994047 280.601553044 0.115 0.703 0.509090909091 0.183673469388 55 245 70
1535 15 -133.924650436 279.25686582 0.035 0.406 0.666666666667 0.205387205387 3 297 70
1536 5 -124.258284176 259.924133302 0.055 0.604 0.625 0.166666666667 24 276 71
1537 12 -136.324373079 284.056311107 0.01 0.307 nan 0.186666666667 0 300 71
1538 32 -144.237284416 299.882133782 0.055 0.406 0.333333333333 0.223404255319 18 282 71
1539 24 -120.883545803 253.174656555 0.005 0.307 nan 0.156666666667 0 300 71
1540 8 -143.377891832 298.163348613 0.005 0.208 nan 0.19 0 300 71
1541 11 -129.216304975 269.840174899 0.135 0.901 0.627906976744 0.194552529183 43 257 71
1542 7 -125.795070581 262.997706111 0.03 0.505 0.714285714286 0.17747440273 7 293 71
1543 7 -112.192810202 235.793185354 0.01 0.406 nan 0.14 0 300 71
1544 13 -119.31764862 250.042862189 0.005 0.307 nan 0.143333333333 0 300 71
1545 25 -151.442048652 314.291662254 0.01 0.208 nan 0.223333333333 0 300 71
1546 12 -114.213221934 239.834008817 0.005 0.307 nan 0.146666666667 0 300 71
1547 23 -203.535242372 418.478049693 0.155 0.109 0.5 0.407407407407 30 270 71
1549 27 -140.170693771 291.748952492 0.005 0.208 nan 0.193333333333 0 300 71
1550 4 -142.196188095 295.799941138 0.02 0.307 0.5 0.204697986577 2 298 71
1553 11 -123.135069795 257.67770454 0.06 0.604 0.6875 0.183098591549 16 284 71
140 11 -89.0327990158 189.473162981 0.005 0.406 nan 0.103333333333 0 300 71
141 4 -125.435642172 262.278849294 0.025 0.406 0.5 0.170068027211 6 294 71
142 10 -100.623937558 212.655440065 0.005 0.406 0.5 0.114093959732 2 298 71
143 21 -162.596326148 336.600217245 0.2 0.604 0.571428571429 0.253164556962 63 237 71
144 16 -77.1081049228 165.623774795 0.005 0.604 nan 0.0833333333333 0 300 71
145 10 -122.200230452 255.808025852 0.005 0.307 nan 0.153333333333 0 300 71
146 24 -144.985967871 301.379500692 0.005 0.208 nan 0.2 0 300 71
147 11 -115.185912453 241.779389854 0.1 1.0 0.634146341463 0.15444015444 41 259 71
148 3 -127.669572113 266.746709176 0.075 0.604 0.612903225806 0.174721189591 31 269 71
149 5 -120.616046045 252.639657039 0.035 0.505 1.0 0.187919463087 2 298 71
150 25 -137.850059334 287.107683618 0.005 0.208 nan 0.186666666667 0 300 71
151 21 -146.125737632 303.659040214 0.005 0.208 nan 0.2 0 300 71
152 9 -91.7950059174 194.997576784 0.005 0.406 nan 0.11 0 300 71
153 15 -178.040387293 367.488339536 0.205 0.406 0.574074074074 0.30487804878 54 246 71
154 3 -113.168999094 237.745563138 0.04 0.604 0.538461538462 0.160278745645 13 287 71
155 0 -112.705143184 236.817851318 0.005 0.307 nan 0.13 0 300 71
157 8 -146.081336998 303.570238945 0.015 0.307 nan 0.21 0 300 71
158 9 -71.9157884409 155.239141831 0.005 0.604 nan 0.0833333333333 0 300 71
159 15 -81.9166264431 175.240817836 0.005 0.505 nan 0.0966666666667 0 300 71
160 29 -87.6411432064 186.689851362 0.005 0.406 nan 0.106666666667 0 300 71
161 4 -66.4178277951 144.243220539 0.005 0.604 nan 0.0833333333333 0 300 71
162 19 -181.327961101 374.063487151 0.005 0.109 nan 0.296666666667 0 300 71
163 3 -160.332334201 332.07223335 0.01 0.208 nan 0.233333333333 0 300 71
164 2 -117.852035347 247.111635642 0.02 0.406 nan 0.17 0 300 71
165 12 -134.593855652 280.595276253 0.065 0.505 0.8 0.206896551724 10 290 71
166 1 -113.726300622 238.860166193 0.07 0.802 0.708333333333 0.163043478261 24 276 71
168 37 -108.198462777 227.804490503 0.005 0.307 nan 0.126666666667 0 300 71
170 12 -135.579165692 282.565896334 0.04 0.406 0.266666666667 0.2 15 285 71
171 5 -118.427426826 248.262418602 0.005 0.307 nan 0.153333333333 0 300 71
172 9 -142.018697428 295.444959806 0.045 0.406 0.461538461538 0.205574912892 13 287 71
173 5 -108.449399842 228.306364634 0.01 0.406 nan 0.143333333333 0 300 71
174 1 -137.453916908 286.315398766 0.005 0.208 nan 0.176666666667 0 300 71
175 12 -100.758987889 212.925540728 0.005 0.406 nan 0.116666666667 0 300 71
176 21 -132.192431335 275.792427619 0.125 0.802 0.5625 0.190476190476 48 252 71
177 40 -208.053190359 427.513945667 0.205 0.01 0.545454545455 0.516853932584 33 267 71
178 8 -123.27108195 257.949728848 0.03 0.505 0.428571428571 0.164335664336 14 286 71
179 4 -132.789289456 276.98614386 0.13 0.802 0.531914893617 0.189723320158 47 253 71
180 8 -124.571742812 260.551050574 0.075 0.703 0.571428571429 0.162264150943 35 265 71
181 4 -117.125465557 245.658496064 0.13 1.0 0.674418604651 0.163424124514 43 257 71
183 5 -116.918199615 245.24396418 0.01 0.406 1.0 0.151006711409 2 298 71
184 3 -159.007552536 329.422670021 0.01 0.208 nan 0.236666666667 0 300 71
185 7 -92.2268404857 195.861245921 0.005 0.406 nan 0.106666666667 0 300 71
186 11 -87.8808506923 187.169266334 0.005 0.406 nan 0.106666666667 0 300 71
187 8 -118.080902176 247.569369301 0.01 0.406 nan 0.156666666667 0 300 71
188 20 -158.143434582 327.694434112 0.005 0.208 nan 0.226666666667 0 300 71
189 3 -119.188372276 249.784309501 0.08 0.802 0.518518518519 0.179487179487 27 273 71
190 32 -179.060915657 369.529396263 0.005 0.109 nan 0.293333333333 0 300 71
192 7 -135.144027599 281.695620147 0.02 0.307 nan 0.2 0 300 71
193 2 -131.068603829 273.544772608 0.025 0.406 0.5 0.185810810811 4 296 71
194 9 -57.2698319347 125.947228819 0.005 0.802 nan 0.0666666666667 0 300 71
195 9 -162.986479926 337.380524801 0.015 0.208 1.0 0.240802675585 1 299 71
196 0 -105.447553462 222.302671874 0.02 0.505 nan 0.16 0 300 71
197 23 -198.670287519 408.748139987 0.015 0.109 nan 0.363333333333 0 300 71
198 8 -63.1025428921 137.612650734 0.005 0.604 nan 0.08 0 300 71
199 11 -118.833928371 249.07542169 0.03 0.505 0.714285714286 0.170648464164 7 293 71
200 22 -105.960342701 223.328250352 0.01 0.406 nan 0.136666666667 0 300 71
202 17 -138.016350769 287.440266487 0.1 0.604 0.526315789474 0.206106870229 38 262 71
203 7 -116.974870617 245.357306183 0.005 0.307 nan 0.15 0 300 71
204 22 -104.073582478 219.554729905 0.005 0.307 nan 0.13 0 300 71
206 32 -127.192795981 265.793156912 0.005 0.307 nan 0.163333333333 0 300 71
207 6 -73.6547367505 158.71703845 0.01 0.802 0.5 0.0906040268456 2 298 71
208 34 -165.804328919 343.016222788 0.005 0.208 nan 0.236666666667 0 300 71
212 1 -107.495184792 226.397934534 0.03 0.604 0.428571428571 0.160409556314 7 293 71
213 18 -208.077408797 427.562382544 0.205 0.01 0.473684210526 0.519083969466 38 262 71
215 8 -87.4924686083 186.392502166 0.005 0.406 nan 0.0933333333333 0 300 71
216 1 -79.7243933818 170.856351713 0.005 0.505 nan 0.0966666666667 0 300 71
217 16 -151.878831039 315.165227028 0.005 0.208 nan 0.213333333333 0 300 71
218 3 -124.880629956 261.168824861 0.025 0.406 0.5 0.173469387755 6 294 71
220 26 -84.317359157 180.042283263 0.005 0.505 nan 0.0966666666667 0 300 71
221 3 -116.28980322 243.98717139 0.065 0.802 0.681818181818 0.158273381295 22 278 71
223 15 -80.3915359693 172.190636888 0.005 0.505 nan 0.09 0 300 71
225 4 -120.46206688 252.331698709 0.04 0.505 0.833333333333 0.173469387755 6 294 71
226 22 -135.724664389 282.856893727 0.015 0.307 0.5 0.177852348993 2 298 71
227 39 -166.683204061 344.77397307 0.015 0.208 0.5 0.251677852349 2 298 71
228 12 -135.169636063 281.746837075 0.01 0.307 nan 0.183333333333 0 300 71
229 16 -109.367392555 230.142350058 0.005 0.307 nan 0.133333333333 0 300 71
230 8 -58.3349178443 128.077400638 0.005 0.901 nan 0.0666666666667 0 300 71
231 40 -147.42314809 306.25386113 0.005 0.208 nan 0.196666666667 0 300 71
232 7 -113.34737609 238.10231713 0.02 0.505 0.666666666667 0.151515151515 3 297 71
234 8 -97.038378187 205.484321323 0.005 0.406 nan 0.11 0 300 71
235 11 -144.661578518 300.730721985 0.005 0.208 nan 0.193333333333 0 300 71
236 12 -174.665755385 360.739075719 0.005 0.109 nan 0.266666666667 0 300 71
237 3 -145.646212874 302.699990697 0.005 0.208 nan 0.193333333333 0 300 71
238 25 -142.523278193 296.454121336 0.005 0.208 nan 0.19 0 300 71
240 3 -97.8575409714 207.122646892 0.005 0.406 nan 0.12 0 300 71
241 4 -144.518137228 300.443839405 0.005 0.208 nan 0.196666666667 0 300 71
242 7 -75.4064216305 162.22040821 0.005 0.505 nan 0.09 0 300 71
243 13 -110.074417071 231.556399092 0.095 1.0 0.636363636364 0.179856115108 22 278 71
244 28 -160.905605027 333.218775004 0.015 0.208 1.0 0.23745819398 1 299 71
245 9 -127.974867514 267.357299978 0.065 0.604 0.6 0.19298245614 15 285 71
247 15 -128.767725544 268.943016037 0.035 0.505 0.571428571429 0.18771331058 7 293 71
248 35 -185.913760251 383.235085452 0.005 0.109 nan 0.31 0 300 71
253 4 -88.9019726819 189.211510313 0.005 0.406 nan 0.103333333333 0 300 71
256 10 -125.147085891 261.701736731 0.005 0.307 nan 0.153333333333 0 300 71
257 24 -104.141191108 219.689947165 0.02 0.505 0.333333333333 0.142857142857 6 294 71
258 8 -120.750773333 252.909111615 0.09 0.802 0.64 0.185454545455 25 275 71
259 14 -54.203961351 119.815487651 0.005 0.901 nan 0.07 0 300 71
260 13 -122.617676115 256.64291718 0.05 0.604 0.466666666667 0.19649122807 15 285 71
261 7 -183.457845648 378.323256245 0.005 0.109 nan 0.306666666667 0 300 71
262 11 -138.33293486 288.07343467 0.015 0.307 nan 0.193333333333 0 300 71
263 8 -92.6409889214 196.689542792 0.005 0.406 nan 0.1 0 300 71
264 3 -101.242474202 213.892513353 0.005 0.406 nan 0.12 0 300 71
1519 17 -117.454000751 246.315566452 0.075 0.802 0.628571428571 0.147169811321 35 265 71
1520 4 -119.003842212 249.415249374 0.005 0.307 nan 0.15 0 300 71
1521 17 -135.105056737 281.617678422 0.01 0.307 nan 0.183333333333 0 300 71
1523 14 -134.757830902 280.923226754 0.035 0.406 1.0 0.210702341137 1 299 71
1524 11 -144.070488962 299.548542874 0.02 0.307 0.5 0.208053691275 2 298 71
1525 12 -138.147552756 287.70267046 0.02 0.307 nan 0.206666666667 0 300 71
1526 11 -103.410250478 218.228065906 0.005 0.406 nan 0.13 0 300 71
1527 15 -139.747456117 290.902477183 0.02 0.307 1.0 0.197324414716 1 299 71
1528 2 -115.942075794 243.291716537 0.005 0.307 nan 0.15 0 300 71
1529 2 -102.454953581 216.317472111 0.005 0.406 nan 0.126666666667 0 300 71
1530 15 -90.0151434436 191.437851836 0.005 0.406 nan 0.11 0 300 71
1531 10 -115.636881743 242.681328435 0.01 0.406 nan 0.15 0 300 71
1532 15 -93.9170543307 199.241673611 0.005 0.406 nan 0.11 0 300 71
1533 22 -91.1989195267 193.805404003 0.01 0.505 nan 0.123333333333 0 300 71
1534 19 -153.493235184 318.394035317 0.08 0.406 0.4 0.244444444444 30 270 71
1535 15 -139.536043175 290.4796513 0.04 0.406 0.416666666667 0.204861111111 12 288 71
