1536 5 -127.047325998 265.502216946 0.06 0.604 0.555555555556 0.191489361702 18 282 21
1537 12 -153.283775666 317.975116281 0.03 0.307 0.6 0.227118644068 5 295 21
1538 32 -138.98272242 289.373009789 0.035 0.406 0.416666666667 0.194444444444 12 288 21
1539 24 -110.496064384 232.399693718 0.005 0.307 nan 0.13 0 300 21
1540 8 -139.445688284 290.298941517 0.01 0.307 nan 0.186666666667 0 300 21
1541 11 -135.352334047 282.112233043 0.12 0.703 0.590909090909 0.19140625 44 256 21
1542 7 -136.483368726 284.374302401 0.02 0.307 1.0 0.197324414716 1 299 21
1543 7 -110.849088178 233.105741305 0.02 0.505 0.5 0.15306122449 6 294 21
1544 13 -117.732253036 246.872071021 0.005 0.307 nan 0.15 0 300 21
1545 25 -139.990401957 291.388368863 0.005 0.208 nan 0.19 0 300 21
1546 12 -113.008032265 237.423629479 0.005 0.307 nan 0.136666666667 0 300 21
1547 23 -207.560449999 426.528464948 0.02 0.01 nan 0.476666666667 0 300 21
1549 27 -162.927241288 337.262047526 0.005 0.208 nan 0.236666666667 0 300 21
1550 4 -141.09791516 293.603395269 0.02 0.307 0.333333333333 0.20202020202 3 297 21
1553 11 -136.464619515 284.336803978 0.085 0.604 0.645161290323 0.193308550186 31 269 21
140 11 -75.5573904608 162.522345871 0.005 0.604 nan 0.0833333333333 0 300 21
141 4 -121.753714395 254.91499374 0.02 0.406 1.0 0.173913043478 1 299 21
142 10 -93.2716925484 197.950950046 0.005 0.406 nan 0.106666666667 0 300 21
143 21 -168.761334434 348.930233818 0.205 0.505 0.622641509434 0.279352226721 53 247 21
144 16 -66.4222722931 144.252109535 0.005 0.604 nan 0.0833333333333 0 300 21
145 10 -112.727946669 236.863458288 0.005 0.307 nan 0.136666666667 0 300 21
146 24 -144.570988633 300.549542215 0.005 0.208 nan 0.196666666667 0 300 21
147 11 -129.532223726 270.472012402 0.05 0.505 0.473684210526 0.192170818505 19 281 21
148 3 -133.68451568 278.77659631 0.06 0.505 0.47619047619 0.193548387097 21 279 21
149 5 -126.61651371 264.64059237 0.04 0.505 0.409090909091 0.169064748201 22 278 21
150 25 -140.806421244 293.020407437 0.005 0.208 nan 0.19 0 300 21
151 21 -149.141927571 309.691420091 0.005 0.208 nan 0.206666666667 0 300 21
152 9 -98.527045812 208.461656573 0.01 0.505 0.222222222222 0.113402061856 9 291 21
153 15 -174.88336278 361.174290508 0.115 0.307 0.526315789474 0.282442748092 38 262 21
154 3 -113.162885811 237.733336572 0.065 0.802 0.52380952381 0.164874551971 21 279 21
155 0 -123.686547521 258.780659992 0.005 0.307 nan 0.153333333333 0 300 21
157 8 -141.654975189 294.717515328 0.005 0.208 nan 0.193333333333 0 300 21
158 9 -87.1484010404 185.70436703 0.005 0.505 nan 0.106666666667 0 300 21
159 15 -96.5082669167 204.424098783 0.005 0.406 nan 0.113333333333 0 300 21
160 29 -82.3193151243 176.046195198 0.005 0.505 nan 0.0966666666667 0 300 21
161 4 -76.0988257011 163.605216351 0.005 0.604 nan 0.0766666666667 0 300 21
162 19 -179.370214785 370.14799452 0.055 0.208 0.388888888889 0.294326241135 18 282 21
163 3 -140.334786597 292.077138144 0.005 0.208 nan 0.19 0 300 21
164 2 -119.196450078 249.800465105 0.03 0.505 0.833333333333 0.170068027211 6 294 21
165 12 -132.15602207 275.719609089 0.07 0.604 0.571428571429 0.180147058824 28 272 21
166 1 -104.283523332 219.974611613 0.065 1.0 0.555555555556 0.150183150183 27 273 21
168 37 -122.365467771 256.13850049 0.005 0.307 nan 0.15 0 300 21
170 12 -147.2125443 305.832653549 0.065 0.406 0.642857142857 0.216783216783 14 286 21
171 5 -108.562965289 228.533495528 0.005 0.307 nan 0.136666666667 0 300 21
172 9 -140.74800898 292.903582908 0.02 0.307 nan 0.206666666667 0 300 21
173 5 -118.447620538 248.302806025 0.005 0.307 nan 0.153333333333 0 300 21
174 1 -138.690007155 288.787579259 0.01 0.307 nan 0.193333333333 0 300 21
175 12 -104.51295382 220.43347259 0.005 0.406 1.0 0.117056856187 1 299 21
176 21 -132.182436877 275.772438703 0.14 0.802 0.731707317073 0.173745173745 41 259 21
177 40 -207.458916134 426.325397217 0.005 0.01 nan 0.466666666667 0 300 21
178 8 -114.51410541 240.435775769 0.025 0.505 0.6 0.159322033898 5 295 21
179 4 -131.585087851 274.577740652 0.08 0.604 0.5 0.192592592593 30 270 21
180 8 -118.0992622 247.606089349 0.1 1.0 0.608695652174 0.153543307087 46 254 21
181 4 -127.280409224 265.968383397 0.135 0.901 0.619047619048 0.197674418605 42 258 21
183 5 -118.53558254 248.478730029 0.005 0.307 nan 0.15 0 300 21
184 3 -159.699619049 330.806803047 0.01 0.208 nan 0.23 0 300 21
185 7 -84.2761907896 179.959946529 0.005 0.406 nan 0.1 0 300 21
186 11 -93.9366023468 199.280769643 0.005 0.406 0.5 0.104026845638 2 298 21
187 8 -111.195917959 233.799400867 0.01 0.406 nan 0.146666666667 0 300 21
188 20 -149.4699772 310.347519349 0.005 0.208 nan 0.21 0 300 21
189 3 -119.491806281 250.391177512 0.085 0.802 0.617647058824 0.161654135338 34 266 21
190 32 -191.57290482 394.55337459 0.005 0.109 nan 0.33 0 300 21
192 7 -131.192642474 273.792849898 0.05 0.505 0.470588235294 0.187279151943 17 283 21
193 2 -133.357123269 278.121811488 0.015 0.307 1.0 0.180602006689 1 299 21
194 9 -62.193919612 135.795404173 0.005 0.703 nan 0.0733333333333 0 300 21
195 9 -152.171683554 315.750932057 0.01 0.208 nan 0.22 0 300 21
196 0 -122.545210046 256.497985041 0.03 0.505 0.272727272727 0.176470588235 11 289 21
197 23 -200.927834447 413.263233842 0.045 0.109 1.0 0.379194630872 2 298 21
198 8 -72.2611606787 155.929886307 0.005 0.505 nan 0.0866666666667 0 300 21
199 11 -106.527043927 224.461652803 0.035 0.703 0.727272727273 0.148788927336 11 289 21
200 22 -120.398943137 252.205451224 0.005 0.307 nan 0.15 0 300 21
202 17 -156.219527269 323.846619487 0.12 0.505 0.531914893617 0.225296442688 47 253 21
203 7 -128.463904402 268.335373753 0.01 0.307 nan 0.173333333333 0 300 21
204 22 -104.319001464 220.045567878 0.005 0.406 nan 0.123333333333 0 300 21
206 32 -116.906122365 245.219809679 0.005 0.307 nan 0.15 0 300 21
207 6 -80.0360338723 171.479632694 0.005 0.505 nan 0.0966666666667 0 300 21
208 34 -147.587604733 306.582774415 0.005 0.208 nan 0.21 0 300 21
212 1 -106.405282204 224.218129358 0.03 0.703 0.636363636364 0.141868512111 11 289 21
213 18 -207.997198044 427.401961038 0.205 0.01 0.444444444444 0.515151515152 36 264 21
215 8 -106.668820299 224.745205548 0.01 0.406 0.0 0.130434782609 1 299 21
216 1 -88.7257567266 188.859078403 0.005 0.406 nan 0.106666666667 0 300 21
217 16 -139.907955857 291.223476662 0.005 0.208 nan 0.18 0 300 21
218 3 -148.083285913 307.574136774 0.02 0.307 0.333333333333 0.212121212121 3 297 21
220 26 -82.8867135205 177.18099199 0.005 0.505 nan 0.1 0 300 21
221 3 -107.129119703 225.665804356 0.06 0.901 0.631578947368 0.153024911032 19 281 21
223 15 -91.3307224895 194.069009928 0.005 0.406 nan 0.103333333333 0 300 21
225 4 -124.60301039 260.613585728 0.025 0.406 0.428571428571 0.17747440273 7 293 21
226 22 -134.122295976 279.652156901 0.015 0.307 0.0 0.187074829932 6 294 21
227 39 -142.36679229 296.141149529 0.015 0.307 0.5 0.194630872483 2 298 21
228 12 -118.199818636 247.807202221 0.005 0.307 nan 0.153333333333 0 300 21
229 16 -121.876708181 255.160981312 0.005 0.307 nan 0.156666666667 0 300 21
230 8 -50.8413421078 113.090249165 0.005 0.901 nan 0.0666666666667 0 300 21
231 40 -141.822176035 295.05191702 0.005 0.208 nan 0.193333333333 0 300 21
232 7 -133.430533053 278.268631056 0.025 0.406 0.111111111111 0.192439862543 9 291 21
234 8 -83.8251852131 179.057935376 0.01 0.604 0.5 0.10067114094 2 298 21
235 11 -143.41221454 298.231994029 0.005 0.208 nan 0.2 0 300 21
236 12 -186.644912464 384.697389877 0.005 0.109 nan 0.31 0 300 21
237 3 -162.843636126 337.094837202 0.005 0.208 nan 0.23 0 300 21
238 25 -148.888920975 309.185406899 0.01 0.208 nan 0.216666666667 0 300 21
240 3 -86.8322253474 185.072015644 0.015 0.802 0.181818181818 0.107266435986 11 289 21
241 4 -146.23713563 303.881836209 0.005 0.208 nan 0.206666666667 0 300 21
242 7 -83.8750446219 179.157654193 0.005 0.505 nan 0.1 0 300 21
243 13 -104.173287023 219.754138995 0.09 1.0 0.739130434783 0.169675090253 23 277 21
244 28 -167.095172509 345.597909967 0.01 0.208 nan 0.24 0 300 21
245 9 -118.380531572 248.168628093 0.075 0.703 0.566666666667 0.166666666667 30 270 21
247 15 -131.939492254 275.286549458 0.05 0.505 0.5 0.18115942029 24 276 21
248 35 -180.277520169 371.962605288 0.005 0.109 nan 0.293333333333 0 300 21
253 4 -105.246433959 221.900432867 0.005 0.406 nan 0.116666666667 0 300 21
256 10 -109.350109758 230.107784465 0.005 0.307 nan 0.126666666667 0 300 21
257 24 -116.056546559 243.520658068 0.015 0.406 nan 0.156666666667 0 300 21
258 8 -118.433441096 248.27444714 0.09 0.802 0.761904761905 0.182795698925 21 279 21
259 14 -53.2360442395 117.879653428 0.005 0.802 nan 0.07 0 300 21
260 13 -140.219670123 291.846905195 0.04 0.406 0.466666666667 0.19649122807 15 285 21
261 7 -179.072473069 369.552511088 0.005 0.109 nan 0.286666666667 0 300 21
262 11 -131.984257686 275.376080321 0.015 0.307 1.0 0.183946488294 1 299 21
263 8 -91.8012855297 195.010136009 0.005 0.406 nan 0.113333333333 0 300 21
264 3 -88.3942653681 188.196095685 0.005 0.406 nan 0.106666666667 0 300 21
1519 17 -119.219244647 249.846054244 0.09 0.802 0.576923076923 0.186131386861 26 274 21
1520 4 -119.568253255 250.544071459 0.005 0.307 nan 0.153333333333 0 300 21
1521 17 -131.680635387 274.768835723 0.015 0.307 0.333333333333 0.181818181818 3 297 21
1523 14 -126.421206181 264.24997731 0.035 0.505 0.5 0.166666666667 12 288 21
1524 11 -140.750012541 292.907590031 0.02 0.307 0.333333333333 0.198653198653 3 297 21
1525 12 -148.708683491 308.824931931 0.025 0.307 0.333333333333 0.228956228956 3 297 21
1526 11 -105.845458614 223.098482177 0.01 0.406 0.333333333333 0.127946127946 3 297 21
1527 15 -136.332430453 284.072425856 0.02 0.307 1.0 0.197324414716 1 299 21
1528 2 -133.707447593 278.822460136 0.005 0.307 nan 0.166666666667 0 300 21
1529 2 -99.8611828417 211.129930633 0.005 0.406 nan 0.123333333333 0 300 21
1530 15 -93.3487917796 198.105148508 0.005 0.406 nan 0.103333333333 0 300 21
1531 10 -98.3352269962 208.078018942 0.025 0.604 0.5 0.139455782313 6 294 21
1532 15 -85.8356740378 183.078913025 0.005 0.505 nan 0.1 0 300 21
1533 22 -89.3009134904 190.00939193 0.01 0.505 nan 0.113333333333 0 300 21
1534 19 -137.296394741 286.000354432 0.11 0.703 0.508196721311 0.171548117155 61 239 21
1535 15 -129.510557598 270.428680145 0.045 0.505 0.666666666667 0.208754208754 3 297 21
1536 5 -111.854782413 235.117129774 0.075 0.901 0.527777777778 0.155303030303 36 264 22
1537 12 -141.001551063 293.410667076 0.005 0.208 nan 0.18 0 300 22
1538 32 -152.585968716 316.579502381 0.07 0.406 0.571428571429 0.232974910394 21 279 22
1539 24 -115.931558393 243.270681736 0.015 0.406 0.25 0.155405405405 4 296 22
1540 8 -130.644108049 272.695781047 0.01 0.307 1.0 0.170568561873 1 299 22
1541 11 -147.895779221 307.199123391 0.1 0.505 0.484848484848 0.239700374532 33 267 22
1542 7 -130.324391585 272.05634812 0.015 0.307 1.0 0.1872909699 1 299 22
1543 7 -113.524839717 238.457244383 0.025 0.505 0.5 0.142361111111 12 288 22
1544 13 -134.421916889 280.251398727 0.005 0.307 nan 0.17 0 300 22
1545 25 -157.530679081 326.46892311 0.005 0.208 nan 0.226666666667 0 300 22
1546 12 -118.733355994 248.874276938 0.005 0.307 nan 0.153333333333 0 300 22
1547 23 -203.52122981 418.450024569 0.155 0.109 0.37037037037 0.43956043956 27 273 22
1549 27 -142.586713791 296.58099253 0.02 0.307 nan 0.206666666667 0 300 22
1550 4 -130.727287098 272.862139145 0.015 0.307 nan 0.186666666667 0 300 22
1553 11 -111.988290095 235.38414514 0.085 0.901 0.588235294118 0.146616541353 34 266 22
140 11 -71.4935381018 154.394641153 0.01 0.802 0.125 0.0821917808219 8 292 22
141 4 -111.838084882 235.083734713 0.025 0.505 1.0 0.161073825503 2 298 22
142 10 -95.0831631688 201.573891287 0.005 0.406 nan 0.116666666667 0 300 22
143 21 -169.918786879 351.245138706 0.15 0.406 0.657142857143 0.264150943396 35 265 22
144 16 -89.1849663406 189.777497631 0.005 0.406 nan 0.103333333333 0 300 22
145 10 -117.874827536 247.157220021 0.015 0.406 0.5 0.151006711409 2 298 22
146 24 -149.934729623 311.277024194 0.02 0.307 0.333333333333 0.210884353741 6 294 22
147 11 -130.033286938 271.474138825 0.045 0.505 0.533333333333 0.182456140351 15 285 22
148 3 -131.261097309 273.929759567 0.045 0.505 0.636363636364 0.190311418685 11 289 22
149 5 -122.125108103 255.657781156 0.07 0.703 0.576923076923 0.171532846715 26 274 22
150 25 -148.937080107 309.281725162 0.005 0.208 nan 0.203333333333 0 300 22
151 21 -138.183114241 287.773793432 0.005 0.208 nan 0.176666666667 0 300 22
152 9 -104.657031152 220.721627254 0.01 0.505 nan 0.13 0 300 22
153 15 -170.839555979 353.086676907 0.095 0.307 0.692307692308 0.289198606272 13 287 22
154 3 -123.034017099 257.475599147 0.05 0.604 0.407407407407 0.175824175824 27 273 22
155 0 -120.018877066 251.445319082 0.005 0.307 nan 0.153333333333 0 300 22
157 8 -136.558845098 284.525255146 0.005 0.208 nan 0.186666666667 0 300 22
158 9 -69.2416385872 149.890842124 0.005 0.604 nan 0.0866666666667 0 300 22
159 15 -87.1370747184 185.681714386 0.005 0.505 nan 0.0933333333333 0 300 22
160 29 -81.8262756615 175.060116272 0.005 0.505 nan 0.0933333333333 0 300 22
161 4 -78.2635449622 167.934654874 0.005 0.505 nan 0.1 0 300 22
162 19 -190.630986859 392.669538668 0.01 0.109 nan 0.34 0 300 22
163 3 -149.892282303 311.192129555 0.005 0.208 nan 0.19 0 300 22
164 2 -119.006059918 249.419684785 0.02 0.406 0.75 0.165540540541 4 296 22
165 12 -140.965085796 293.33773654 0.065 0.505 0.611111111111 0.209219858156 18 282 22
166 1 -111.250437768 233.908440486 0.065 0.901 0.666666666667 0.152173913043 24 276 22
168 37 -106.695988865 224.79954268 0.005 0.307 nan 0.13 0 300 22
170 12 -124.04259165 259.492748249 0.045 0.505 1.0 0.207357859532 1 299 22
171 5 -118.192878033 247.793321016 0.005 0.307 nan 0.136666666667 0 300 22
172 9 -129.149158938 269.705882826 0.025 0.406 0.5 0.185810810811 4 296 22
173 5 -101.982569909 215.372704767 0.015 0.505 1.0 0.140468227425 1 299 22
174 1 -140.647293456 292.70215186 0.005 0.208 nan 0.19 0 300 22
175 12 -84.7842617939 180.976088537 0.005 0.505 nan 0.09 0 300 22
176 21 -129.359554686 270.126674322 0.13 0.802 0.636363636364 0.213483146067 33 267 22
177 40 -206.712064343 424.831693636 0.205 0.109 0.676470588235 0.462406015038 34 266 22
178 8 -115.26787875 241.94332245 0.025 0.505 0.555555555556 0.154639175258 9 291 22
179 4 -133.672768982 278.753102912 0.08 0.604 0.473684210526 0.19465648855 38 262 22
180 8 -110.518388903 232.444342755 0.095 1.0 0.69696969697 0.14606741573 33 267 22
181 4 -130.138781513 271.685127976 0.115 0.802 0.547169811321 0.17004048583 53 247 22
183 5 -139.301503724 290.010572398 0.005 0.208 nan 0.183333333333 0 300 22
184 3 -152.66458876 316.73674247 0.005 0.208 nan 0.22 0 300 22
185 7 -88.5539404076 188.515445764 0.005 0.406 nan 0.103333333333 0 300 22
186 11 -76.8368011163 165.081167182 0.005 0.505 nan 0.0933333333333 0 300 22
187 8 -106.933656917 225.274878783 0.01 0.406 0.5 0.134228187919 2 298 22
188 20 -129.151786027 269.711137003 0.01 0.307 nan 0.176666666667 0 300 22
189 3 -132.268728087 275.945021122 0.055 0.505 0.5 0.186131386861 26 274 22
190 32 -193.71105154 398.82966803 0.04 0.109 nan 0.366666666667 0 300 22
192 7 -134.640361804 280.688288557 0.02 0.307 nan 0.203333333333 0 300 22
193 2 -130.856613836 273.120792622 0.015 0.307 nan 0.183333333333 0 300 22
194 9 -65.3697282201 142.14702139 0.005 0.703 nan 0.0833333333333 0 300 22
195 9 -153.1589769 317.725518749 0.025 0.307 0.5 0.222972972973 4 296 22
196 0 -114.697110553 240.801786055 0.03 0.505 1.0 0.171140939597 2 298 22
197 23 -191.817706315 395.042977579 0.02 0.109 1.0 0.347826086957 1 299 22
198 8 -64.6982889896 140.804142929 0.005 0.604 nan 0.0833333333333 0 300 22
199 11 -127.459312864 266.326190677 0.02 0.406 1.0 0.177257525084 1 299 22
200 22 -127.067849071 265.543263092 0.01 0.307 nan 0.17 0 300 22
202 17 -140.340092942 292.087750833 0.1 0.604 0.555555555556 0.208333333333 36 264 22
203 7 -127.081711714 265.570988378 0.01 0.307 nan 0.166666666667 0 300 22
204 22 -124.655632792 260.718830534 0.005 0.307 nan 0.153333333333 0 300 22
206 32 -112.218366989 235.844298928 0.005 0.307 nan 0.136666666667 0 300 22
207 6 -83.6995972717 178.806759493 0.005 0.505 nan 0.1 0 300 22
208 34 -149.975414864 311.358394678 0.005 0.208 nan 0.21 0 300 22
212 1 -112.455398216 236.318361382 0.025 0.505 0.666666666667 0.149659863946 6 294 22
213 18 -208.185599971 427.778764891 0.205 0.01 0.395348837209 0.533073929961 43 257 22
215 8 -100.038506663 211.484578274 0.005 0.406 nan 0.123333333333 0 300 22
216 1 -93.8446227904 199.09681053 0.005 0.406 1.0 0.107023411371 1 299 22
217 16 -131.332106672 274.071778293 0.015 0.307 0.25 0.182432432432 4 296 22
218 3 -133.767168776 278.941902502 0.03 0.406 0.4 0.193220338983 5 295 22
220 26 -89.7077625611 190.823090072 0.005 0.505 nan 0.106666666667 0 300 22
221 3 -113.949335309 239.306235568 0.075 0.901 0.536585365854 0.15444015444 41 259 22
223 15 -97.122048237 205.651661423 0.005 0.406 nan 0.113333333333 0 300 22
225 4 -136.700431438 284.808427826 0.025 0.406 0.625 0.188356164384 8 292 22
226 22 -119.082372562 249.572310074 0.02 0.406 1.0 0.164429530201 2 298 22
227 39 -143.189630774 297.786826497 0.005 0.208 nan 0.196666666667 0 300 22
228 12 -126.966895131 265.341355212 0.01 0.307 nan 0.166666666667 0 300 22
229 16 -114.377566399 240.162697748 0.005 0.307 nan 0.143333333333 0 300 22
230 8 -53.1844308061 117.776426562 0.005 0.802 1.0 0.0635451505017 1 299 22
231 40 -157.115784821 325.639134591 0.01 0.208 nan 0.223333333333 0 300 22
232 7 -133.249807984 277.907180917 0.01 0.307 nan 0.18 0 300 22
234 8 -94.662142963 200.731850875 0.005 0.406 nan 0.11 0 300 22
235 11 -131.176610015 273.760784979 0.01 0.307 1.0 0.167224080268 1 299 22
236 12 -169.859982378 351.127529705 0.015 0.208 1.0 0.267558528428 1 299 22
237 3 -160.785643962 332.978852874 0.01 0.208 nan 0.236666666667 0 300 22
238 25 -149.575965899 310.559496748 0.005 0.208 nan 0.2 0 300 22
240 3 -108.421718376 228.2510017 0.005 0.307 nan 0.123333333333 0 300 22
241 4 -134.240728412 279.889021773 0.01 0.307 nan 0.176666666667 0 300 22
242 7 -67.2390660323 145.885697014 0.015 1.0 0.6 0.0813559322034 5 295 22
243 13 -105.449572403 222.306709754 0.07 1.0 0.5 0.151515151515 36 264 22
244 28 -149.516588828 310.440742606 0.005 0.208 nan 0.206666666667 0 300 22
245 9 -120.569051323 252.545667595 0.08 0.802 0.444444444444 0.16862745098 45 255 22
247 15 -132.314294291 276.036153532 0.055 0.505 0.518518518519 0.175824175824 27 273 22
248 35 -180.033345355 371.47425566 0.005 0.109 nan 0.293333333333 0 300 22
253 4 -97.9970905482 207.401746046 0.005 0.406 nan 0.12 0 300 22
256 10 -112.11195165 235.631468249 0.015 0.406 1.0 0.14381270903 1 299 22
257 24 -113.730364726 238.868294401 0.015 0.406 nan 0.16 0 300 22
258 8 -131.953626645 275.314818239 0.075 0.604 0.612903225806 0.185873605948 31 269 22
259 14 -55.4547678349 122.317100619 0.005 0.802 nan 0.0633333333333 0 300 22
260 13 -131.231666833 273.870898615 0.05 0.505 0.578947368421 0.181494661922 19 281 22
261 7 -190.444797487 392.297159923 0.015 0.109 nan 0.34 0 300 22
262 11 -121.628941721 254.665448391 0.01 0.307 nan 0.163333333333 0 300 22
263 8 -88.2790418148 187.965648579 0.005 0.406 nan 0.106666666667 0 300 22
264 3 -92.9896770511 197.386919052 0.005 0.406 nan 0.113333333333 0 300 22
1519 17 -104.109492637 219.626550222 0.085 1.0 0.645161290323 0.156133828996 31 269 22
1520 4 -102.220593914 215.848752778 0.005 0.406 nan 0.123333333333 0 300 22
1521 17 -132.823605046 277.054775041 0.015 0.307 nan 0.186666666667 0 300 22
1523 14 -140.687038094 292.781641138 0.04 0.406 0.444444444444 0.216494845361 9 291 22
1524 11 -142.982559849 297.372684647 0.015 0.307 0.5 0.204697986577 2 298 22
1525 12 -152.887106114 317.181777177 0.01 0.208 nan 0.226666666667 0 300 22
1526 11 -112.373333946 236.154232842 0.005 0.307 nan 0.133333333333 0 300 22
1527 15 -142.918923572 297.245412094 0.035 0.406 0.444444444444 0.20618556701 9 291 22
1528 2 -127.554978666 266.517522281 0.005 0.307 nan 0.153333333333 0 300 22
1529 2 -94.1147488668 199.637062683 0.005 0.406 nan 0.113333333333 0 300 22
1530 15 -106.668376187 224.744317324 0.005 0.307 nan 0.13 0 300 22
1531 10 -95.4248679978 202.257300945 0.01 0.505 nan 0.116666666667 0 300 22
1532 15 -83.1530406563 177.713646262 0.005 0.505 nan 0.1 0 300 22
1533 22 -95.1675419689 201.742648887 0.005 0.406 nan 0.11 0 300 22
1534 19 -141.894640102 295.196845153 0.125 0.703 0.541666666667 0.202380952381 48 252 22
1535 15 -139.175513715 289.758592379 0.04 0.406 0.636363636364 0.200692041522 11 289 22
1536 5 -119.779295641 250.966156231 0.035 0.505 1.0 0.185185185185 3 297 23
1537 12 -146.250592867 303.908750683 0.005 0.208 nan 0.193333333333 0 300 23
1538 32 -160.027438624 331.462442197 0.045 0.307 1.0 0.247457627119 5 295 23
1539 24 -116.018089186 243.443743322 0.005 0.307 nan 0.143333333333 0 300 23
1540 8 -131.773741115 274.955047178 0.005 0.307 nan 0.166666666667 0 300 23
1541 11 -133.063294622 277.534154192 0.1 0.703 0.529411764706 0.176706827309 51 249 23
1542 7 -129.216927924 269.841420798 0.02 0.406 0.5 0.179054054054 4 296 23
1543 7 -99.8434923373 211.094549624 0.02 0.604 0.25 0.141891891892 4 296 23
1544 13 -105.630106727 222.667778403 0.005 0.406 nan 0.116666666667 0 300 23
1545 25 -164.897209323 341.201983595 0.005 0.208 nan 0.233333333333 0 300 23
1546 12 -135.029176201 281.465917352 0.005 0.208 nan 0.166666666667 0 300 23
1547 23 -201.718917679 414.845400308 0.12 0.109 0.5 0.408759124088 26 274 23
1549 27 -130.993136056 273.393837062 0.01 0.307 nan 0.166666666667 0 300 23
1550 4 -133.597568503 278.602701956 0.035 0.406 0.6 0.186206896552 10 290 23
1553 11 -128.303480733 268.014526416 0.07 0.604 0.5 0.197080291971 26 274 23
140 11 -88.2489822377 187.905529425 0.005 0.406 nan 0.106666666667 0 300 23
141 4 -107.847099085 227.101763119 0.03 0.604 0.454545454545 0.155709342561 11 289 23
142 10 -95.7433771661 202.894319281 0.005 0.406 nan 0.103333333333 0 300 23
143 21 -174.213703007 359.834970963 0.16 0.406 0.474576271186 0.286307053942 59 241 23
144 16 -72.361557814 156.130680577 0.005 0.505 nan 0.0866666666667 0 300 23
145 10 -123.589529503 258.586623955 0.005 0.307 nan 0.156666666667 0 300 23
146 24 -128.193194862 267.793954673 0.005 0.307 nan 0.16 0 300 23
147 11 -128.82456022 269.05668539 0.07 0.604 0.451612903226 0.189591078067 31 269 23
148 3 -153.668763444 318.745091837 0.07 0.406 0.342857142857 0.237735849057 35 265 23
149 5 -118.516561829 248.440688607 0.03 0.505 0.5 0.181208053691 2 298 23
150 25 -145.280962631 301.96949021 0.005 0.208 nan 0.203333333333 0 300 23
151 21 -144.834103205 301.07577136 0.015 0.307 nan 0.203333333333 0 300 23
152 9 -89.9163522587 191.240269467 0.005 0.406 nan 0.113333333333 0 300 23
153 15 -176.672976035 364.753517019 0.125 0.307 0.636363636364 0.295880149813 33 267 23
154 3 -109.650199227 230.707963403 0.04 0.604 0.47619047619 0.143369175627 21 279 23
155 0 -116.473840003 244.355244956 0.005 0.307 nan 0.146666666667 0 300 23
157 8 -149.87465642 311.15687779 0.005 0.208 nan 0.21 0 300 23
158 9 -81.0599914766 173.527547902 0.005 0.505 nan 0.0966666666667 0 300 23
159 15 -76.9685950002 165.34475495 0.005 0.505 nan 0.08 0 300 23
160 29 -80.4783690505 172.36430305 0.005 0.505 nan 0.0866666666667 0 300 23
161 4 -79.0939942566 169.595553463 0.005 0.505 nan 0.0866666666667 0 300 23
162 19 -181.792773431 374.993111812 0.005 0.109 nan 0.293333333333 0 300 23
163 3 -139.139769849 289.687104648 0.005 0.208 nan 0.183333333333 0 300 23
164 2 -103.643071692 218.693708334 0.03 0.703 0.714285714286 0.150170648464 7 293 23
165 12 -137.320066893 286.047698736 0.06 0.505 0.541666666667 0.195652173913 24 276 23
166 1 -98.4006825828 208.208930115 0.065 1.0 0.571428571429 0.15770609319 21 279 23
168 37 -121.120775416 253.649115781 0.005 0.307 nan 0.153333333333 0 300 23
170 12 -142.540144646 296.487854241 0.03 0.307 0.3 0.210344827586 10 290 23
171 5 -109.665186087 230.737937123 0.005 0.307 nan 0.14 0 300 23
172 9 -143.275398296 297.95836154 0.02 0.307 nan 0.216666666667 0 300 23
173 5 -101.768271597 214.944108144 0.01 0.406 nan 0.136666666667 0 300 23
174 1 -140.177735115 291.76303518 0.005 0.208 nan 0.19 0 300 23
175 12 -94.9551086262 201.317782202 0.005 0.406 nan 0.113333333333 0 300 23
176 21 -149.804035673 311.015636296 0.105 0.505 0.513513513514 0.235741444867 37 263 23
177 40 -207.667786779 426.743138506 0.005 0.01 nan 0.473333333333 0 300 23
178 8 -117.62038924 246.648343429 0.025 0.505 0.75 0.168918918919 4 296 23
179 4 -146.044483748 303.496532446 0.055 0.406 0.529411764706 0.219081272085 17 283 23
180 8 -112.551188674 236.509942297 0.065 0.802 0.615384615385 0.184668989547 13 287 23
181 4 -124.007214371 259.421993691 0.125 0.901 0.608695652174 0.169291338583 46 254 23
183 5 -107.29092208 225.98940911 0.005 0.307 nan 0.126666666667 0 300 23
184 3 -163.863170277 339.133905503 0.015 0.208 nan 0.246666666667 0 300 23
185 7 -91.8814625658 195.170490081 0.01 0.505 nan 0.113333333333 0 300 23
186 11 -98.3152095368 208.037984023 0.005 0.406 nan 0.12 0 300 23
187 8 -122.665538959 256.738642868 0.01 0.307 0.5 0.161073825503 2 298 23
188 20 -150.885951037 313.179467024 0.01 0.208 nan 0.22 0 300 23
189 3 -123.630027138 258.667619225 0.075 0.703 0.545454545455 0.176029962547 33 267 23
190 32 -196.262861647 403.933288243 0.015 0.109 nan 0.35 0 300 23
192 7 -132.785842963 276.979250875 0.03 0.406 0.714285714286 0.191126279863 7 293 23
193 2 -144.342013495 300.09159194 0.005 0.208 nan 0.2 0 300 23
194 9 -59.9428955142 131.293355978 0.005 0.802 nan 0.0666666666667 0 300 23
195 9 -155.719441351 322.846447651 0.01 0.208 nan 0.23 0 300 23
196 0 -111.725754019 234.859072988 0.025 0.505 0.428571428571 0.156996587031 7 293 23
197 23 -181.124300292 373.656165533 0.045 0.208 0.666666666667 0.295918367347 6 294 23
198 8 -58.8002409277 129.008046805 0.005 0.703 0.5 0.0671140939597 2 298 23
199 11 -113.353705503 238.114975955 0.025 0.505 0.5 0.168918918919 4 296 23
200 22 -121.360965953 254.129496856 0.005 0.307 nan 0.15 0 300 23
202 17 -146.508132266 304.423829482 0.065 0.406 0.388888888889 0.230496453901 18 282 23
203 7 -129.272842121 269.95324919 0.005 0.307 nan 0.163333333333 0 300 23
204 22 -113.472153009 238.351870967 0.005 0.307 nan 0.143333333333 0 300 23
206 32 -109.794603686 230.996772321 0.005 0.307 nan 0.136666666667 0 300 23
207 6 -76.2971906653 164.00194628 0.005 0.505 nan 0.09 0 300 23
208 34 -158.976926062 329.361417073 0.01 0.208 nan 0.226666666667 0 300 23
212 1 -111.756140361 234.919845671 0.035 0.604 0.444444444444 0.164948453608 9 291 23
213 18 -207.941385747 427.290336443 0.005 0.01 nan 0.486666666667 0 300 23
215 8 -95.916505126 203.240575201 0.005 0.406 nan 0.113333333333 0 300 23
216 1 -110.564107428 232.535779806 0.005 0.307 nan 0.133333333333 0 300 23
217 16 -155.318499329 322.044563608 0.005 0.208 nan 0.216666666667 0 300 23
218 3 -127.086820863 265.581206675 0.01 0.307 nan 0.18 0 300 23
220 26 -90.6742772501 192.756119449 0.005 0.406 0.5 0.104026845638 2 298 23
221 3 -104.312365899 220.032296748 0.05 0.703 0.666666666667 0.152777777778 12 288 23
223 15 -87.7549731098 186.917511169 0.005 0.406 nan 0.11 0 300 23
225 4 -136.958370841 285.324306631 0.015 0.307 nan 0.2 0 300 23
226 22 -131.658409249 274.724383447 0.015 0.307 nan 0.186666666667 0 300 23
227 39 -153.985875451 319.379315852 0.005 0.208 nan 0.216666666667 0 300 23
228 12 -102.114292549 215.636150048 0.01 0.406 nan 0.13 0 300 23
229 16 -117.375267881 246.158100711 0.005 0.307 nan 0.143333333333 0 300 23
230 8 -49.8807446718 111.169054293 0.005 0.901 nan 0.06 0 300 23
231 40 -148.993198908 309.393962764 0.005 0.208 nan 0.206666666667 0 300 23
232 7 -142.193938988 295.795442926 0.005 0.208 nan 0.193333333333 0 300 23
234 8 -85.035976914 181.479518777 0.005 0.406 nan 0.103333333333 0 300 23
235 11 -138.708957814 288.825480577 0.005 0.208 nan 0.18 0 300 23
236 12 -188.235111411 387.877787771 0.015 0.109 nan 0.336666666667 0 300 23
237 3 -146.899938395 305.20744174 0.005 0.208 nan 0.206666666667 0 300 23
238 25 -153.011227155 317.43001926 0.005 0.208 nan 0.216666666667 0 300 23
240 3 -77.8154106086 167.038386166 0.01 0.703 1.0 0.0936454849498 1 299 23
241 4 -151.221314114 313.850193177 0.005 0.208 nan 0.21 0 300 23
242 7 -93.9456619496 199.298888849 0.005 0.406 nan 0.106666666667 0 300 23
243 13 -106.696573511 224.800711971 0.08 1.0 0.545454545455 0.164794007491 33 267 23
244 28 -162.953497697 337.314560342 0.015 0.208 nan 0.243333333333 0 300 23
245 9 -123.483060296 258.373685541 0.065 0.703 0.521739130435 0.180505415162 23 277 23
247 15 -126.000218707 263.408002364 0.05 0.505 0.304347826087 0.187725631769 23 277 23
248 35 -182.907138237 377.221841424 0.055 0.208 0.5 0.316326530612 6 294 23
253 4 -97.589184587 206.585934123 0.005 0.406 nan 0.116666666667 0 300 23
256 10 -113.280875579 237.969316108 0.005 0.307 nan 0.133333333333 0 300 23
257 24 -124.067184515 259.541933979 0.015 0.406 0.5 0.162162162162 4 296 23
258 8 -115.5639346 242.535434149 0.105 1.0 0.528301886792 0.14979757085 53 247 23
259 14 -54.4616558731 120.330876696 0.005 0.802 nan 0.06 0 300 23
260 13 -127.743015132 266.893595212 0.03 0.406 0.8 0.183050847458 5 295 23
261 7 -184.649145182 380.705855313 0.005 0.109 nan 0.31 0 300 23
262 11 -119.512739446 250.433043842 0.02 0.406 nan 0.173333333333 0 300 23
263 8 -81.3117072476 174.030979445 0.005 0.505 nan 0.0966666666667 0 300 23
264 3 -78.8187127492 169.044990448 0.005 0.505 nan 0.0933333333333 0 300 23
1519 17 -119.839080932 251.085726814 0.085 0.802 0.724137931034 0.162361623616 29 271 23
1520 4 -117.541340155 246.490245258 0.005 0.307 nan 0.146666666667 0 300 23
1521 17 -136.00136387 283.410292689 0.015 0.307 nan 0.196666666667 0 300 23
1523 14 -128.748780333 268.905125616 0.04 0.505 0.571428571429 0.178321678322 14 286 23
1524 11 -144.039510817 299.486586583 0.025 0.307 0.666666666667 0.208754208754 3 297 23
1525 12 -151.710446942 314.828458834 0.035 0.307 1.0 0.222972972973 4 296 23
1526 11 -118.359881672 248.127328293 0.005 0.307 nan 0.15 0 300 23
1527 15 -139.73212128 290.871807509 0.02 0.307 0.166666666667 0.200680272109 6 294 23
1528 2 -122.589645116 256.586855181 0.005 0.307 nan 0.153333333333 0 300 23
1529 2 -91.2687040241 193.944972998 0.005 0.505 1.0 0.103678929766 1 299 23
1530 15 -95.0729478019 201.553460553 0.005 0.406 nan 0.106666666667 0 300 23
1531 10 -104.879358422 221.166281792 0.01 0.406 nan 0.143333333333 0 300 23
