1536 5 -129.753395162 270.914355273 0.03 0.406 0.75 0.195945945946 4 296 51
1537 12 -137.617642303 286.642849554 0.005 0.208 nan 0.183333333333 0 300 51
1538 32 -140.291584492 291.990733932 0.055 0.406 0.714285714286 0.202797202797 14 286 51
1539 24 -123.221339241 257.850243432 0.01 0.307 nan 0.166666666667 0 300 51
1540 8 -142.659140198 296.725845344 0.005 0.208 nan 0.19 0 300 51
1541 11 -131.970690319 275.348945588 0.105 0.703 0.55 0.2 40 260 51
1542 7 -133.623033844 278.653632637 0.015 0.307 1.0 0.183946488294 1 299 51
1543 7 -99.8252933808 211.058151711 0.015 0.505 nan 0.14 0 300 51
1544 13 -113.135375914 237.678316778 0.005 0.307 nan 0.14 0 300 51
1545 25 -151.142233974 313.692032898 0.005 0.208 nan 0.21 0 300 51
1546 12 -117.768117794 246.943800537 0.005 0.307 nan 0.143333333333 0 300 51
1547 23 -199.87481949 411.15720393 0.105 0.109 0.545454545455 0.402877697842 22 278 51
1549 27 -154.934556402 321.276677752 0.005 0.208 nan 0.206666666667 0 300 51
1550 4 -133.834800966 279.077166882 0.03 0.406 1.0 0.201342281879 2 298 51
1553 11 -125.046243792 261.500052534 0.09 0.802 0.558823529412 0.18045112782 34 266 51
140 11 -86.4552051632 184.317975276 0.015 0.703 0.75 0.101351351351 4 296 51
141 4 -114.793146391 240.993857732 0.015 0.406 0.666666666667 0.161616161616 3 297 51
142 10 -86.6831608022 184.773886554 0.005 0.406 nan 0.106666666667 0 300 51
143 21 -163.141239741 337.690044432 0.205 0.604 0.610169491525 0.257261410788 59 241 51
144 16 -79.7937187279 170.995002405 0.005 0.505 nan 0.1 0 300 51
145 10 -117.019707266 245.446979481 0.005 0.307 nan 0.146666666667 0 300 51
146 24 -154.391745315 320.191055579 0.01 0.208 0.5 0.221476510067 2 298 51
147 11 -121.945252096 255.298069141 0.06 0.604 0.5625 0.19014084507 16 284 51
148 3 -143.454306388 298.316177724 0.08 0.505 0.555555555556 0.200757575758 36 264 51
149 5 -122.477058997 256.361682944 0.04 0.505 0.555555555556 0.182130584192 9 291 51
150 25 -148.548933226 308.505431402 0.01 0.208 nan 0.213333333333 0 300 51
151 21 -132.838936128 277.085437206 0.01 0.307 nan 0.18 0 300 51
152 9 -93.2723570665 197.952279082 0.005 0.406 nan 0.106666666667 0 300 51
153 15 -177.566672279 366.540909508 0.12 0.307 0.483870967742 0.312267657993 31 269 51
154 3 -125.857942265 263.12344948 0.035 0.505 1.0 0.200668896321 1 299 51
155 0 -112.747523024 236.902610997 0.01 0.406 nan 0.153333333333 0 300 51
157 8 -148.789745387 308.987055723 0.005 0.208 nan 0.213333333333 0 300 51
158 9 -57.9050609441 127.217686837 0.005 0.604 nan 0.0733333333333 0 300 51
159 15 -80.0956306577 171.598826265 0.005 0.505 nan 0.0933333333333 0 300 51
160 29 -90.3657554341 192.139075818 0.005 0.406 nan 0.113333333333 0 300 51
161 4 -86.6028591898 184.613283329 0.005 0.505 nan 0.106666666667 0 300 51
162 19 -185.829317109 383.066199167 0.005 0.109 nan 0.313333333333 0 300 51
163 3 -149.620803503 310.649171956 0.005 0.208 nan 0.203333333333 0 300 51
164 2 -118.270057663 247.947680275 0.035 0.505 0.666666666667 0.170068027211 6 294 51
165 12 -150.979154554 313.365874056 0.06 0.406 0.416666666667 0.228260869565 24 276 51
166 1 -104.413788338 220.235141625 0.065 1.0 0.590909090909 0.147482014388 22 278 51
168 37 -115.309012875 242.025590698 0.005 0.307 nan 0.143333333333 0 300 51
170 12 -143.427697611 298.262960172 0.045 0.406 0.5625 0.207746478873 16 284 51
171 5 -107.383446095 226.17445714 0.005 0.307 nan 0.136666666667 0 300 51
172 9 -136.902004409 285.211573768 0.03 0.406 0.5 0.188356164384 8 292 51
173 5 -89.5122767284 190.432118406 0.015 0.604 nan 0.126666666667 0 300 51
174 1 -141.928185654 295.263936258 0.005 0.208 nan 0.196666666667 0 300 51
175 12 -87.4479432566 186.303451462 0.005 0.406 nan 0.106666666667 0 300 51
176 21 -141.264162716 293.935890381 0.11 0.604 0.547619047619 0.213178294574 42 258 51
177 40 -207.073381762 425.554328474 0.005 0.01 nan 0.45 0 300 51
178 8 -113.894856125 239.197277199 0.035 0.604 0.625 0.164383561644 8 292 51
179 4 -139.320169136 290.047903221 0.055 0.406 0.642857142857 0.206293706294 14 286 51
180 8 -113.627928607 238.663422163 0.1 1.0 0.58 0.152 50 250 51
181 4 -112.211901616 235.83136818 0.125 1.0 0.684210526316 0.18320610687 38 262 51
183 5 -112.990529843 237.388624634 0.005 0.307 nan 0.14 0 300 51
184 3 -159.583321087 330.574207124 0.01 0.208 nan 0.236666666667 0 300 51
185 7 -85.9548200556 183.31720506 0.01 0.604 nan 0.11 0 300 51
186 11 -88.7330888574 188.873742664 0.005 0.406 nan 0.106666666667 0 300 51
187 8 -112.082807415 235.57317978 0.015 0.406 1.0 0.153846153846 1 299 51
188 20 -148.484522931 308.376610811 0.005 0.208 nan 0.206666666667 0 300 51
189 3 -131.047928533 273.503422015 0.08 0.604 0.516129032258 0.193308550186 31 269 51
190 32 -190.95632151 393.32020797 0.01 0.109 nan 0.34 0 300 51
192 7 -120.712323768 252.832212484 0.03 0.505 0.5 0.172413793103 10 290 51
193 2 -139.000426192 289.408417333 0.005 0.208 nan 0.186666666667 0 300 51
194 9 -44.3404729091 100.088510768 0.005 0.802 0.5 0.0536912751678 2 298 51
195 9 -151.293913278 313.995391504 0.035 0.307 0.666666666667 0.239057239057 3 297 51
196 0 -108.735684661 228.878934272 0.045 0.802 0.578947368421 0.142348754448 19 281 51
197 23 -186.515537447 384.438639843 0.01 0.109 nan 0.323333333333 0 300 51
198 8 -65.2551965329 141.917958015 0.01 0.901 nan 0.0833333333333 0 300 51
199 11 -122.118655039 255.644875027 0.035 0.505 0.5 0.166666666667 12 288 51
200 22 -105.434468008 222.276500966 0.01 0.406 nan 0.136666666667 0 300 51
202 17 -144.295186825 299.997938599 0.1 0.505 0.617647058824 0.214285714286 34 266 51
203 7 -101.398405805 214.204376559 0.005 0.406 nan 0.12 0 300 51
204 22 -110.749838168 232.907241286 0.005 0.307 nan 0.143333333333 0 300 51
206 32 -112.362154062 236.131873073 0.005 0.307 nan 0.136666666667 0 300 51
207 6 -74.6313898863 160.670344722 0.005 0.505 nan 0.0933333333333 0 300 51
208 34 -151.209324 313.826212949 0.005 0.208 nan 0.216666666667 0 300 51
212 1 -105.708078593 222.823722136 0.03 0.604 0.666666666667 0.159863945578 6 294 51
213 18 -208.037036851 427.481638652 0.205 0.01 0.414634146341 0.517374517375 41 259 51
215 8 -91.5941134419 194.595791833 0.005 0.406 nan 0.11 0 300 51
216 1 -77.716472761 166.840510471 0.005 0.505 nan 0.0966666666667 0 300 51
217 16 -134.18273727 279.773039489 0.005 0.208 nan 0.173333333333 0 300 51
218 3 -133.805108697 279.017782344 0.015 0.307 nan 0.186666666667 0 300 51
220 26 -72.5093841743 156.426333298 0.005 0.505 nan 0.0866666666667 0 300 51
221 3 -107.139593461 225.686751871 0.07 1.0 0.53125 0.160447761194 32 268 51
223 15 -84.7981005814 181.003766112 0.01 0.604 nan 0.113333333333 0 300 51
225 4 -122.13889771 255.685360369 0.02 0.406 0.75 0.165540540541 4 296 51
226 22 -129.785567412 270.978699774 0.03 0.406 0.333333333333 0.180555555556 12 288 51
227 39 -162.4042653 336.216095549 0.01 0.208 0.333333333333 0.232323232323 3 297 51
228 12 -114.194871648 239.797308244 0.015 0.505 0.428571428571 0.139931740614 7 293 51
229 16 -108.800690751 229.008946452 0.005 0.307 nan 0.136666666667 0 300 51
230 8 -64.0157494752 139.4390639 0.005 0.802 nan 0.07 0 300 51
231 40 -139.397505602 290.202576153 0.005 0.208 nan 0.183333333333 0 300 51
232 7 -136.724068389 284.855701728 0.02 0.307 0.666666666667 0.180272108844 6 294 51
234 8 -91.1990821038 193.805729157 0.005 0.406 nan 0.11 0 300 51
235 11 -149.406716189 310.220997327 0.005 0.208 nan 0.213333333333 0 300 51
236 12 -193.609782766 398.627130481 0.015 0.109 nan 0.35 0 300 51
237 3 -148.576334913 308.560234775 0.005 0.208 nan 0.21 0 300 51
238 25 -151.420557721 314.248680391 0.005 0.208 nan 0.206666666667 0 300 51
240 3 -96.0490780311 203.505721012 0.005 0.406 nan 0.116666666667 0 300 51
241 4 -141.96034969 295.32826433 0.005 0.208 nan 0.196666666667 0 300 51
242 7 -89.509972421 190.427509791 0.005 0.406 nan 0.11 0 300 51
243 13 -111.502683848 234.412932645 0.085 1.0 0.567567567568 0.152091254753 37 263 51
244 28 -155.58804209 322.583649129 0.01 0.208 nan 0.233333333333 0 300 51
245 9 -128.141155733 267.689876415 0.07 0.604 0.571428571429 0.169811320755 35 265 51
247 15 -117.286815904 245.981196757 0.07 0.703 0.625 0.173913043478 24 276 51
248 35 -187.000500561 385.408566071 0.005 0.109 nan 0.32 0 300 51
253 4 -93.7418614695 198.891287888 0.005 0.406 nan 0.11 0 300 51
256 10 -113.699977204 238.807519358 0.005 0.307 nan 0.146666666667 0 300 51
257 24 -127.638912068 266.685389086 0.02 0.406 1.0 0.177257525084 1 299 51
258 8 -122.673680538 256.754926026 0.095 0.802 0.666666666667 0.200716845878 21 279 51
259 14 -54.4610590878 120.329683125 0.005 0.802 nan 0.07 0 300 51
260 13 -126.052166107 263.511897162 0.025 0.406 0.266666666667 0.175438596491 15 285 51
261 7 -191.81650187 395.040568689 0.02 0.109 nan 0.35 0 300 51
262 11 -124.570779741 260.54912443 0.01 0.307 nan 0.166666666667 0 300 51
263 8 -90.4134590594 192.234483068 0.005 0.406 nan 0.11 0 300 51
264 3 -93.0987123866 197.604989722 0.005 0.406 nan 0.11 0 300 51
1519 17 -122.470527795 256.34862054 0.09 0.802 0.583333333333 0.199275362319 24 276 51
1520 4 -109.980410455 231.36838586 0.005 0.307 nan 0.13 0 300 51
1521 17 -141.756728077 294.921021102 0.015 0.307 1.0 0.197324414716 1 299 51
1523 14 -127.577246583 266.562058115 0.04 0.505 0.5 0.186206896552 10 290 51
1524 11 -133.498966062 278.405497073 0.025 0.406 0.363636363636 0.179930795848 11 289 51
1525 12 -144.995538898 301.398642746 0.025 0.307 0.4 0.216949152542 5 295 51
1526 11 -112.093153372 235.593871694 0.005 0.307 nan 0.133333333333 0 300 51
1527 15 -135.546085593 282.499736136 0.02 0.307 1.0 0.197324414716 1 299 51
1528 2 -111.799799319 235.007163588 0.005 0.307 nan 0.136666666667 0 300 51
1529 2 -77.5840018343 166.575568618 0.01 0.703 0.4 0.0915254237288 5 295 51
1530 15 -92.6355969005 196.67875875 0.01 0.505 nan 0.123333333333 0 300 51
1531 10 -117.919009204 247.245583356 0.01 0.307 nan 0.153333333333 0 300 51
1532 15 -77.8214196983 167.050404346 0.005 0.505 nan 0.0933333333333 0 300 51
1533 22 -95.2132202321 201.834005414 0.005 0.406 nan 0.11 0 300 51
1534 19 -138.066576013 287.540716975 0.13 0.703 0.531914893617 0.201581027668 47 253 51
1535 15 -127.195843232 265.799251413 0.055 0.505 0.5625 0.19014084507 16 284 51
1536 5 -109.940388146 231.288341241 0.055 0.802 0.608695652174 0.148014440433 23 277 52
1537 12 -136.276897431 283.961359811 0.005 0.208 nan 0.176666666667 0 300 52
1538 32 -154.960874258 321.329313466 0.015 0.208 nan 0.236666666667 0 300 52
1539 24 -113.465990374 238.339545696 0.005 0.307 nan 0.14 0 300 52
1540 8 -147.406104366 306.219773681 0.005 0.208 nan 0.2 0 300 52
1541 11 -128.848091607 269.103748164 0.11 0.802 0.604166666667 0.166666666667 48 252 52
1542 7 -123.736170914 258.879906777 0.025 0.406 1.0 0.173913043478 1 299 52
1543 7 -95.3620793387 202.131723627 0.02 0.604 0.5 0.12925170068 6 294 52
1544 13 -119.770786979 250.949138908 0.005 0.307 nan 0.146666666667 0 300 52
1545 25 -139.29866791 290.00490077 0.005 0.208 nan 0.19 0 300 52
1546 12 -120.745637525 252.898839999 0.005 0.307 nan 0.153333333333 0 300 52
1547 23 -204.161158565 419.72988208 0.205 0.109 0.525 0.45 40 260 52
1549 27 -160.080578915 331.568722779 0.015 0.208 nan 0.243333333333 0 300 52
1550 4 -138.27783818 287.96324131 0.015 0.307 0.333333333333 0.188552188552 3 297 52
1553 11 -130.203720176 271.815005301 0.04 0.406 0.714285714286 0.19795221843 7 293 52
140 11 -79.5101201265 170.427805202 0.005 0.505 nan 0.0933333333333 0 300 52
141 4 -110.474069535 232.355704019 0.025 0.505 0.666666666667 0.14089347079 9 291 52
142 10 -84.392168108 180.191901165 0.01 0.604 nan 0.106666666667 0 300 52
143 21 -169.883303832 351.174172612 0.2 0.505 0.568965517241 0.280991735537 58 242 52
144 16 -89.454199103 190.315963155 0.005 0.406 nan 0.11 0 300 52
145 10 -109.753998785 230.91556252 0.005 0.307 nan 0.133333333333 0 300 52
146 24 -141.608753426 294.625071801 0.005 0.208 nan 0.19 0 300 52
147 11 -137.278298174 285.964161297 0.06 0.505 0.529411764706 0.208480565371 17 283 52
148 3 -131.872714225 275.1529934 0.055 0.505 0.6 0.189285714286 20 280 52
149 5 -124.242464209 259.892493368 0.04 0.505 0.538461538462 0.18118466899 13 287 52
150 25 -152.651671942 316.710908833 0.005 0.208 nan 0.213333333333 0 300 52
151 21 -154.16777663 319.743118208 0.01 0.208 nan 0.223333333333 0 300 52
152 9 -91.39342709 194.194419129 0.005 0.406 nan 0.103333333333 0 300 52
153 15 -186.144018847 383.695602643 0.105 0.208 0.592592592593 0.32967032967 27 273 52
154 3 -119.391058795 250.189682538 0.055 0.604 0.571428571429 0.178321678322 14 286 52
155 0 -111.392775657 234.193116263 0.005 0.406 nan 0.126666666667 0 300 52
157 8 -143.314602802 298.036770553 0.02 0.307 0.3 0.203448275862 10 290 52
158 9 -77.9228035287 167.253172007 0.005 0.505 nan 0.0933333333333 0 300 52
159 15 -75.3555086926 162.118582334 0.005 0.604 nan 0.0866666666667 0 300 52
160 29 -82.2544003421 175.916365633 0.005 0.505 nan 0.0966666666667 0 300 52
161 4 -72.7302382476 156.868041445 0.005 0.604 nan 0.0833333333333 0 300 52
162 19 -190.706841336 392.821247621 0.03 0.109 0.5 0.348993288591 2 298 52
163 3 -153.537253322 318.482071594 0.01 0.208 nan 0.216666666667 0 300 52
164 2 -140.117970161 291.643505272 0.02 0.307 0.285714285714 0.201365187713 7 293 52
165 12 -142.246147225 295.899859399 0.07 0.505 0.458333333333 0.224637681159 24 276 52
166 1 -106.000399 223.40836295 0.06 0.901 0.875 0.154929577465 16 284 52
168 37 -116.390862946 244.18929084 0.005 0.307 nan 0.146666666667 0 300 52
170 12 -145.227922465 301.863409878 0.045 0.406 0.666666666667 0.227891156463 6 294 52
171 5 -129.621709332 270.650983614 0.01 0.307 nan 0.163333333333 0 300 52
172 9 -155.102352333 321.612269615 0.035 0.307 0.5 0.232876712329 8 292 52
173 5 -112.307406656 236.022378261 0.005 0.307 nan 0.14 0 300 52
174 1 -144.070092609 299.547750168 0.005 0.208 nan 0.193333333333 0 300 52
175 12 -90.3117627117 192.031090373 0.005 0.505 nan 0.103333333333 0 300 52
176 21 -120.437987141 252.283539232 0.155 1.0 0.787878787879 0.198501872659 33 267 52
177 40 -207.593596783 426.594758515 0.06 0.01 0.5 0.489932885906 2 298 52
178 8 -122.993205883 257.393976716 0.04 0.505 0.454545454545 0.179930795848 11 289 52
179 4 -133.735842107 278.879249163 0.04 0.406 0.625 0.202054794521 8 292 52
180 8 -119.389496834 250.186558616 0.065 0.703 0.736842105263 0.167259786477 19 281 52
181 4 -125.622186818 262.651938586 0.14 1.0 0.619047619048 0.193798449612 42 258 52
183 5 -118.045654879 247.498874707 0.005 0.307 nan 0.15 0 300 52
184 3 -162.906098705 337.21976236 0.015 0.208 nan 0.246666666667 0 300 52
185 7 -92.9257277559 197.259020461 0.005 0.406 nan 0.113333333333 0 300 52
186 11 -93.2436389399 197.894842829 0.005 0.406 nan 0.11 0 300 52
187 8 -102.185645168 215.778855285 0.015 0.505 0.25 0.123287671233 8 292 52
188 20 -130.534580178 272.476725305 0.005 0.307 nan 0.166666666667 0 300 52
189 3 -124.912461964 261.232488877 0.115 0.802 0.560975609756 0.19305019305 41 259 52
190 32 -180.67286978 372.753304509 0.005 0.109 nan 0.3 0 300 52
192 7 -138.499338337 288.406241624 0.015 0.307 nan 0.196666666667 0 300 52
193 2 -136.132877533 283.673320016 0.01 0.307 nan 0.186666666667 0 300 52
194 9 -56.8438259745 125.095216898 0.005 0.703 nan 0.0633333333333 0 300 52
195 9 -151.708498524 314.824561998 0.01 0.208 nan 0.226666666667 0 300 52
196 0 -117.155331959 245.718228867 0.015 0.406 0.5 0.154362416107 2 298 52
197 23 -193.145088148 397.697741246 0.025 0.109 nan 0.353333333333 0 300 52
198 8 -64.3900402946 140.187645539 0.005 0.604 nan 0.0733333333333 0 300 52
199 11 -113.671864598 238.751294146 0.025 0.505 1.0 0.161616161616 3 297 52
200 22 -122.522042235 256.45164942 0.01 0.307 nan 0.163333333333 0 300 52
202 17 -149.263243757 309.934052462 0.075 0.406 0.65 0.228571428571 20 280 52
203 7 -120.221567183 251.850699315 0.005 0.307 nan 0.146666666667 0 300 52
204 22 -127.254231368 265.916027685 0.005 0.307 nan 0.16 0 300 52
206 32 -107.172106452 225.751777853 0.005 0.307 nan 0.133333333333 0 300 52
207 6 -86.3422651199 184.092095189 0.005 0.505 nan 0.103333333333 0 300 52
208 34 -152.411785909 316.231136767 0.005 0.208 nan 0.21 0 300 52
212 1 -116.672648077 244.752861103 0.015 0.406 nan 0.163333333333 0 300 52
213 18 -207.448098488 426.303761926 0.015 0.01 nan 0.473333333333 0 300 52
215 8 -84.4208213278 180.249207605 0.005 0.406 nan 0.106666666667 0 300 52
216 1 -89.5728540027 190.553272955 0.005 0.406 nan 0.106666666667 0 300 52
217 16 -143.100179362 297.607923673 0.015 0.307 nan 0.203333333333 0 300 52
218 3 -145.020698176 301.448961302 0.02 0.307 1.0 0.207357859532 1 299 52
220 26 -83.996954467 179.401473883 0.005 0.505 nan 0.0966666666667 0 300 52
221 3 -109.472141311 230.351847572 0.06 0.802 0.565217391304 0.15523465704 23 277 52
223 15 -100.249685382 211.906935713 0.005 0.406 1.0 0.113712374582 1 299 52
225 4 -119.281763456 249.971091862 0.015 0.406 nan 0.17 0 300 52
226 22 -149.459328699 310.326222346 0.005 0.208 nan 0.21 0 300 52
227 39 -145.924377804 303.256320558 0.005 0.208 nan 0.193333333333 0 300 52
228 12 -110.600683549 232.608932048 0.005 0.307 nan 0.136666666667 0 300 52
229 16 -117.229108443 245.865781835 0.005 0.307 nan 0.146666666667 0 300 52
230 8 -61.8439650778 135.095495105 0.005 0.802 1.0 0.066889632107 1 299 52
231 40 -146.907566503 305.222697955 0.01 0.208 nan 0.21 0 300 52
232 7 -117.449202344 246.305969637 0.01 0.406 nan 0.156666666667 0 300 52
234 8 -105.352526402 222.112617753 0.005 0.406 nan 0.13 0 300 52
235 11 -141.846111292 295.099787533 0.015 0.307 0.666666666667 0.191919191919 3 297 52
236 12 -193.728901734 398.865368418 0.015 0.109 nan 0.346666666667 0 300 52
237 3 -154.018706384 319.444977717 0.01 0.208 nan 0.223333333333 0 300 52
238 25 -151.691768348 314.791101645 0.005 0.208 nan 0.21 0 300 52
240 3 -109.247438002 229.902440954 0.005 0.307 nan 0.133333333333 0 300 52
241 4 -159.099002912 329.605570773 0.01 0.208 nan 0.233333333333 0 300 52
242 7 -82.1057385634 175.619042076 0.005 0.505 nan 0.0966666666667 0 300 52
243 13 -114.191222964 239.790010876 0.08 0.901 0.578947368421 0.148854961832 38 262 52
244 28 -163.931235794 339.270036537 0.015 0.208 nan 0.25 0 300 52
245 9 -129.701351124 270.810267197 0.075 0.604 0.526315789474 0.171755725191 38 262 52
247 15 -123.350348876 258.108262702 0.04 0.505 0.5 0.176056338028 16 284 52
248 35 -191.026605194 393.460775337 0.01 0.109 nan 0.336666666667 0 300 52
253 4 -96.2297324504 203.86702985 0.01 0.505 nan 0.126666666667 0 300 52
256 10 -101.847090283 215.101745515 0.005 0.406 nan 0.126666666667 0 300 52
257 24 -121.230443252 253.868451452 0.015 0.406 0.0 0.162162162162 4 296 52
258 8 -125.505194321 262.417953592 0.085 0.703 0.533333333333 0.188888888889 30 270 52
259 14 -57.7110991759 126.829763301 0.005 0.703 nan 0.0666666666667 0 300 52
260 13 -137.178237296 285.764039541 0.035 0.406 1.0 0.211409395973 2 298 52
261 7 -184.57251 380.552584949 0.005 0.109 nan 0.306666666667 0 300 52
262 11 -104.225444659 219.858454266 0.02 0.505 nan 0.143333333333 0 300 52
263 8 -100.978086843 213.363738636 0.005 0.406 nan 0.123333333333 0 300 52
264 3 -108.044011534 227.495588017 0.005 0.307 nan 0.123333333333 0 300 52
1519 17 -124.3847656 260.177096149 0.055 0.604 0.391304347826 0.191335740072 23 277 52
1520 4 -120.659671245 252.726907438 0.005 0.307 nan 0.15 0 300 52
1521 17 -137.964437647 287.336440243 0.025 0.307 1.0 0.207357859532 1 299 52
1523 14 -124.338697768 260.084960485 0.025 0.406 0.5 0.182432432432 4 296 52
1524 11 -138.622246152 288.652057254 0.01 0.307 nan 0.19 0 300 52
1525 12 -148.053855725 307.5152764 0.03 0.307 1.0 0.227424749164 1 299 52
1526 11 -104.990733791 221.389032531 0.005 0.406 nan 0.126666666667 0 300 52
1527 15 -136.353353308 284.114271566 0.035 0.406 0.75 0.202702702703 4 296 52
1528 2 -124.798245964 261.004056877 0.005 0.307 nan 0.16 0 300 52
1529 2 -87.4548761798 186.317317309 0.005 0.406 nan 0.1 0 300 52
1530 15 -95.8329082723 203.073381494 0.005 0.406 nan 0.113333333333 0 300 52
1531 10 -99.37420793 210.155980809 0.01 0.406 nan 0.126666666667 0 300 52
1532 15 -82.22788465 175.863334249 0.005 0.505 nan 0.0966666666667 0 300 52
1533 22 -99.520443726 210.448452401 0.005 0.406 nan 0.113333333333 0 300 52
1534 19 -144.698128961 300.803822872 0.085 0.505 0.75 0.225352112676 16 284 52
1535 15 -142.512618556 296.432802061 0.06 0.406 0.5 0.221830985915 16 284 52
1536 5 -123.035877977 257.479320904 0.035 0.505 0.714285714286 0.17747440273 7 293 53
1537 12 -151.260602655 313.92877026 0.005 0.208 nan 0.213333333333 0 300 53
1538 32 -143.678422698 298.764410345 0.05 0.406 0.5 0.224137931034 10 290 53
1539 24 -117.845330334 247.098225617 0.005 0.307 nan 0.15 0 300 53
1540 8 -154.986914552 321.381394053 0.01 0.208 nan 0.21 0 300 53
1541 11 -121.119876166 253.647317281 0.145 1.0 0.733333333333 0.196296296296 30 270 53
1542 7 -134.79969452 281.00695399 0.01 0.307 0.25 0.175675675676 4 296 53
1543 7 -99.007005225 209.421575399 0.02 0.604 0.333333333333 0.136054421769 6 294 53
1544 13 -115.008367136 241.42429922 0.005 0.307 nan 0.15 0 300 53
1545 25 -128.767519811 268.942604572 0.005 0.307 nan 0.166666666667 0 300 53
1546 12 -124.779045164 260.965655278 0.015 0.406 nan 0.163333333333 0 300 53
1547 23 -199.491791466 410.39114788 0.095 0.109 0.470588235294 0.395759717314 17 283 53
1549 27 -157.387612296 326.182789542 0.01 0.208 nan 0.223333333333 0 300 53
1550 4 -138.156514634 287.720594217 0.02 0.307 0.5 0.194630872483 2 298 53
1553 11 -124.535335308 260.478235565 0.08 0.703 0.457142857143 0.184905660377 35 265 53
140 11 -86.4765224008 184.360609751 0.005 0.505 nan 0.1 0 300 53
141 4 -120.667035248 252.741635446 0.015 0.406 1.0 0.160535117057 1 299 53
142 10 -93.0377852157 197.483135381 0.01 0.505 0.333333333333 0.114478114478 3 297 53
143 21 -173.735409859 358.878384667 0.18 0.406 0.534482758621 0.285123966942 58 242 53
144 16 -75.1937093706 161.79498369 0.005 0.505 nan 0.09 0 300 53
145 10 -128.180893962 267.769352873 0.005 0.307 nan 0.16 0 300 53
146 24 -157.285966631 325.979498212 0.005 0.208 nan 0.22 0 300 53
147 11 -132.222348935 275.852262819 0.035 0.406 0.8 0.193220338983 5 295 53
148 3 -127.034461444 265.476487838 0.065 0.604 0.5625 0.197183098592 16 284 53
149 5 -124.978833214 261.365231376 0.035 0.505 0.428571428571 0.184300341297 7 293 53
150 25 -157.931363136 327.270291221 0.01 0.208 nan 0.23 0 300 53
151 21 -155.394338908 322.196242766 0.01 0.208 nan 0.22 0 300 53
152 9 -107.721865567 226.851296084 0.005 0.406 nan 0.126666666667 0 300 53
153 15 -181.333306089 374.074177127 0.08 0.208 0.555555555556 0.33676975945 9 291 53
154 3 -123.918133552 259.243832053 0.035 0.505 1.0 0.188552188552 3 297 53
155 0 -108.608069452 228.623703853 0.005 0.307 nan 0.133333333333 0 300 53
157 8 -147.314208191 306.035981332 0.005 0.208 nan 0.203333333333 0 300 53
158 9 -80.7187812355 172.84512742 0.005 0.505 nan 0.0966666666667 0 300 53
159 15 -84.4704109176 180.348386785 0.005 0.505 nan 0.0933333333333 0 300 53
160 29 -81.4219326221 174.251430194 0.005 0.505 nan 0.0966666666667 0 300 53
161 4 -76.5402070845 164.487979118 0.005 0.505 nan 0.09 0 300 53
162 19 -184.339222621 380.086010191 0.01 0.109 nan 0.313333333333 0 300 53
163 3 -158.576585092 328.560735133 0.01 0.208 nan 0.233333333333 0 300 53
164 2 -120.046914237 251.501393424 0.02 0.406 0.25 0.168918918919 4 296 53
165 12 -142.548331494 296.504227937 0.075 0.505 0.555555555556 0.208791208791 27 273 53
166 1 -106.966510456 225.340585862 0.06 0.901 0.652173913043 0.14440433213 23 277 53
168 37 -127.943261147 267.294087242 0.005 0.307 nan 0.16 0 300 53
170 12 -129.081977524 269.571519998 0.025 0.406 nan 0.203333333333 0 300 53
171 5 -121.518568944 254.444702837 0.005 0.307 nan 0.153333333333 0 300 53
172 9 -125.168242615 261.74405018 0.01 0.307 nan 0.17 0 300 53
173 5 -94.5660513624 200.539667674 0.015 0.604 nan 0.13 0 300 53
174 1 -144.391083853 300.189732656 0.005 0.208 nan 0.183333333333 0 300 53
175 12 -106.875840958 225.159246864 0.005 0.406 nan 0.12 0 300 53
176 21 -136.715746484 284.839057917 0.145 0.802 0.613636363636 0.1953125 44 256 53
177 40 -204.601584025 420.610732999 0.12 0.109 0.257142857143 0.42641509434 35 265 53
178 8 -122.753161046 256.913887042 0.02 0.406 1.0 0.16835016835 3 297 53
179 4 -131.387793104 274.183151158 0.065 0.505 0.666666666667 0.219931271478 9 291 53
180 8 -121.105718087 253.619001123 0.065 0.703 0.5 0.177536231884 24 276 53
181 4 -138.726715804 288.860996558 0.08 0.505 0.72 0.196363636364 25 275 53
183 5 -113.289101415 237.985767779 0.015 0.406 nan 0.143333333333 0 300 53
184 3 -140.868291904 293.144148757 0.005 0.208 nan 0.19 0 300 53
185 7 -105.836934219 223.081433388 0.005 0.406 nan 0.13 0 300 53
186 11 -103.233765363 217.875095675 0.01 0.505 0.333333333333 0.122448979592 6 294 53
187 8 -107.721867001 226.851298951 0.01 0.406 nan 0.14 0 300 53
188 20 -156.199994103 323.807553155 0.01 0.208 nan 0.23 0 300 53
189 3 -119.662012016 250.731588981 0.075 0.703 0.592592592593 0.179487179487 27 273 53
190 32 -187.383851135 386.175267219 0.015 0.109 nan 0.333333333333 0 300 53
192 7 -147.006627844 305.420820638 0.025 0.307 nan 0.23 0 300 53
193 2 -134.170787748 279.749140445 0.015 0.307 nan 0.186666666667 0 300 53
194 9 -68.1564830805 147.72053111 0.005 0.604 nan 0.0733333333333 0 300 53
195 9 -148.135347139 307.678259227 0.01 0.208 nan 0.21 0 300 53
196 0 -105.12126052 221.650085989 0.02 0.505 0.5 0.136054421769 6 294 53
197 23 -191.442410206 394.29238536 0.025 0.109 nan 0.353333333333 0 300 53
198 8 -71.4570277912 154.321620532 0.005 0.604 nan 0.0833333333333 0 300 53
199 11 -109.4562493 230.320063549 0.025 0.505 0.75 0.158783783784 4 296 53
200 22 -116.851415432 245.110395813 0.005 0.307 nan 0.146666666667 0 300 53
202 17 -145.531590344 302.470745637 0.145 0.703 0.533333333333 0.223529411765 45 255 53
203 7 -111.665593267 234.738751484 0.005 0.307 nan 0.136666666667 0 300 53
204 22 -122.069739648 255.547044244 0.005 0.307 nan 0.15 0 300 53
206 32 -123.947643996 259.302852942 0.005 0.307 nan 0.16 0 300 53
207 6 -81.9335601916 175.274685332 0.015 0.901 0.5 0.0958904109589 8 292 53
208 34 -152.676987185 316.761539319 0.005 0.208 nan 0.213333333333 0 300 53
212 1 -98.4809005664 208.369366082 0.045 0.901 0.625 0.137323943662 16 284 53
213 18 -206.898618501 425.204801951 0.205 0.109 0.47619047619 0.457364341085 42 258 53
215 8 -91.6192965008 194.646157951 0.005 0.406 nan 0.113333333333 0 300 53
216 1 -87.6223310104 186.65222697 0.01 0.604 0.25 0.108108108108 4 296 53
217 16 -141.510634339 294.428833626 0.005 0.208 nan 0.193333333333 0 300 53
218 3 -132.500173365 276.40791168 0.015 0.307 nan 0.19 0 300 53
220 26 -88.5260349502 188.45963485 0.005 0.406 nan 0.103333333333 0 300 53
221 3 -118.576128332 248.559821613 0.075 0.802 0.542857142857 0.166037735849 35 265 53
223 15 -99.5274435596 210.462452068 0.005 0.406 nan 0.123333333333 0 300 53
225 4 -138.776186122 288.959937194 0.02 0.307 0.428571428571 0.191126279863 7 293 53
226 22 -141.705662018 294.818888985 0.015 0.307 nan 0.2 0 300 53
227 39 -147.30861614 306.02479723 0.005 0.208 nan 0.203333333333 0 300 53
228 12 -121.056116795 253.519798539 0.01 0.307 nan 0.166666666667 0 300 53
229 16 -107.456206916 226.319978782 0.005 0.307 nan 0.13 0 300 53
230 8 -50.1090419812 111.625648912 0.005 0.802 nan 0.0666666666667 0 300 53
231 40 -143.150892249 297.709349447 0.005 0.208 nan 0.196666666667 0 300 53
232 7 -120.584636641 252.576838232 0.02 0.406 0.0 0.172297297297 4 296 53
234 8 -98.3565784345 208.120721818 0.005 0.406 nan 0.106666666667 0 300 53
235 11 -146.995705907 305.398976762 0.005 0.208 nan 0.196666666667 0 300 53
236 12 -183.587106948 378.581778845 0.005 0.109 nan 0.303333333333 0 300 53
237 3 -153.298648554 318.004862058 0.005 0.208 nan 0.213333333333 0 300 53
238 25 -144.411303364 300.230171677 0.005 0.208 nan 0.196666666667 0 300 53
240 3 -93.6568429211 198.721250792 0.005 0.406 nan 0.113333333333 0 300 53
241 4 -144.339310574 300.086186097 0.005 0.208 nan 0.196666666667 0 300 53
242 7 -79.6964577499 170.800480449 0.005 0.505 nan 0.0966666666667 0 300 53
243 13 -115.733439882 242.874444714 0.09 0.901 0.5625 0.167910447761 32 268 53
244 28 -161.329509494 334.066583936 0.015 0.208 nan 0.246666666667 0 300 53
245 9 -118.128660579 247.664886107 0.065 0.703 0.666666666667 0.182456140351 15 285 53
247 15 -124.475604729 260.358774406 0.035 0.505 0.4 0.175438596491 15 285 53
248 35 -182.143979318 375.695523585 0.01 0.109 nan 0.306666666667 0 300 53
253 4 -96.4086725521 204.224910054 0.005 0.406 nan 0.116666666667 0 300 53
256 10 -114.67952296 240.766610869 0.005 0.307 nan 0.143333333333 0 300 53
257 24 -97.2245139176 205.856592784 0.03 0.703 0.555555555556 0.134020618557 9 291 53
258 8 -127.668838616 266.745242182 0.095 0.703 0.555555555556 0.201465201465 27 273 53
259 14 -45.9848383857 103.377241721 0.005 0.901 nan 0.06 0 300 53
260 13 -135.159790864 281.727146677 0.05 0.505 0.590909090909 0.18345323741 22 278 53
261 7 -183.431679743 378.270924436 0.005 0.109 nan 0.3 0 300 53
262 11 -133.883761041 279.175087031 0.01 0.307 nan 0.173333333333 0 300 53
263 8 -92.010165375 195.427895699 0.005 0.406 0.333333333333 0.104377104377 3 297 53
264 3 -97.8866376721 207.180840294 0.005 0.406 nan 0.113333333333 0 300 53
1519 17 -121.369172914 254.145910777 0.055 0.604 0.526315789474 0.181494661922 19 281 53
1520 4 -97.8873373753 207.1822397 0.01 0.505 nan 0.12 0 300 53
1521 17 -132.952893502 277.313351953 0.01 0.307 nan 0.176666666667 0 300 53
1523 14 -132.196539764 275.800644477 0.045 0.505 0.6 0.193103448276 10 290 53
1524 11 -143.337923639 298.083412227 0.02 0.307 1.0 0.197324414716 1 299 53
1525 12 -155.908650613 323.224866176 0.025 0.307 0.5 0.22972972973 4 296 53
1526 11 -123.382712127 258.172989203 0.005 0.307 nan 0.163333333333 0 300 53
1527 15 -144.444265621 300.296096191 0.02 0.307 0.333333333333 0.204081632653 6 294 53
1528 2 -111.79641725 235.000399449 0.005 0.307 nan 0.14 0 300 53
1529 2 -99.3913628256 210.1902906 0.015 0.604 nan 0.123333333333 0 300 53
1530 15 -98.9720151747 209.351595299 0.005 0.406 nan 0.12 0 300 53
1531 10 -119.124256665 249.656078279 0.015 0.406 0.25 0.162162162162 4 296 53
1532 15 -75.5582683958 162.524101741 0.005 0.505 nan 0.0933333333333 0 300 53
1533 22 -85.0993202002 181.60620535 0.01 0.604 nan 0.1 0 300 53
1534 19 -138.622858607 288.653282162 0.13 0.703 0.52380952381 0.220930232558 42 258 53
1535 15 -153.579241922 318.566048793 0.065 0.406 0.5 0.242957746479 16 284 53
1536 5 -115.641114854 242.689794657 0.045 0.604 0.533333333333 0.168421052632 15 285 54
1537 12 -135.266358641 281.940282232 0.01 0.307 nan 0.18 0 300 54
1538 32 -161.579775413 334.567115775 0.05 0.307 0.5 0.251748251748 14 286 54
1539 24 -111.866333152 235.140231254 0.005 0.307 nan 0.136666666667 0 300 54
1540 8 -150.764535603 312.936636155 0.005 0.208 nan 0.206666666667 0 300 54
1541 11 -120.882391524 253.172347998 0.125 1.0 0.645833333333 0.15873015873 48 252 54
1542 7 -138.777750887 288.963066723 0.01 0.307 nan 0.19 0 300 54
1543 7 -97.6380268411 206.683618632 0.025 0.703 0.5 0.139455782313 6 294 54
1544 13 -109.273950141 229.955465232 0.005 0.307 nan 0.14 0 300 54
1545 25 -162.301984533 336.011534016 0.01 0.208 nan 0.233333333333 0 300 54
1546 12 -113.497013657 238.401592263 0.01 0.406 nan 0.146666666667 0 300 54
1547 23 -205.525013284 422.457591517 0.205 0.109 0.574468085106 0.426877470356 47 253 54
1549 27 -139.963942558 291.335450065 0.005 0.208 nan 0.19 0 300 54
1550 4 -150.408503947 312.224572843 0.005 0.208 nan 0.21 0 300 54
1553 11 -126.954110625 265.3157862 0.08 0.703 0.606060606061 0.179775280899 33 267 54
140 11 -55.1359633385 121.679491626 0.005 0.703 nan 0.07 0 300 54
141 4 -104.409370006 220.226304961 0.02 0.505 nan 0.156666666667 0 300 54
142 10 -93.8296160803 199.06679711 0.005 0.406 nan 0.103333333333 0 300 54
143 21 -166.553135411 344.513835772 0.135 0.406 0.526315789474 0.278625954198 38 262 54
144 16 -82.1141180687 175.635801087 0.005 0.505 nan 0.0966666666667 0 300 54
145 10 -118.475222624 248.358010196 0.005 0.307 nan 0.146666666667 0 300 54
146 24 -145.822767557 303.053100063 0.005 0.208 nan 0.186666666667 0 300 54
147 11 -127.600462509 266.608489967 0.065 0.604 0.571428571429 0.179211469534 21 279 54
148 3 -149.653468728 310.714502405 0.07 0.406 0.6 0.211111111111 30 270 54
149 5 -119.955388689 251.318342328 0.02 0.406 0.142857142857 0.163822525597 7 293 54
150 25 -155.192508476 321.792581902 0.01 0.208 nan 0.216666666667 0 300 54
151 21 -146.052683233 303.512931416 0.02 0.307 0.333333333333 0.208754208754 3 297 54
152 9 -97.229793899 205.867152747 0.01 0.505 1.0 0.120401337793 1 299 54
153 15 -167.821437258 347.050439466 0.19 0.505 0.5 0.276859504132 58 242 54
154 3 -113.714030239 238.835625427 0.035 0.505 0.5 0.179054054054 4 296 54
155 0 -122.124506232 255.656577414 0.005 0.307 nan 0.156666666667 0 300 54
157 8 -152.049683977 315.506932902 0.005 0.208 nan 0.206666666667 0 300 54
158 9 -75.4643573455 162.33627964 0.01 0.703 nan 0.1 0 300 54
159 15 -81.1953475322 173.798260014 0.005 0.505 nan 0.0933333333333 0 300 54
160 29 -74.5748666673 160.557298284 0.005 0.505 nan 0.0866666666667 0 300 54
161 4 -82.0054657739 175.418496497 0.005 0.505 nan 0.0966666666667 0 300 54
162 19 -186.329689027 384.066943003 0.01 0.109 nan 0.32 0 300 54
163 3 -150.778242964 312.964050877 0.005 0.208 nan 0.213333333333 0 300 54
164 2 -119.715264935 250.838094819 0.025 0.406 nan 0.183333333333 0 300 54
165 12 -131.874647257 275.156859462 0.11 0.703 0.666666666667 0.187739463602 39 261 54
166 1 -109.837029678 231.081624305 0.07 0.901 0.769230769231 0.153284671533 26 274 54
168 37 -114.364962219 240.137489388 0.005 0.307 nan 0.143333333333 0 300 54
170 12 -138.980818005 289.369200959 0.04 0.406 0.388888888889 0.195035460993 18 282 54
171 5 -117.598607056 246.604779061 0.005 0.307 nan 0.136666666667 0 300 54
172 9 -150.627274878 312.662114705 0.005 0.208 nan 0.21 0 300 54
173 5 -99.7663035403 210.94017203 0.01 0.406 nan 0.123333333333 0 300 54
174 1 -154.987924126 321.383413201 0.005 0.208 nan 0.216666666667 0 300 54
175 12 -94.3717066904 200.15097833 0.01 0.505 0.2 0.122033898305 5 295 54
176 21 -135.600241598 282.608048145 0.11 0.604 0.578947368421 0.202290076336 38 262 54
177 40 -208.230582451 427.868729851 0.205 0.01 0.4375 0.511904761905 48 252 54
178 8 -128.020292917 267.448150783 0.025 0.406 0.666666666667 0.188552188552 3 297 54
179 4 -149.581762631 310.571090211 0.055 0.406 0.5 0.234265734266 14 286 54
180 8 -119.224122652 249.855810254 0.08 0.802 0.547619047619 0.151162790698 42 258 54
181 4 -127.305835485 266.019235919 0.115 0.802 0.54347826087 0.185039370079 46 254 54
183 5 -114.706656439 240.820877828 0.005 0.307 1.0 0.127090301003 1 299 54
184 3 -144.891377565 301.190320079 0.005 0.208 nan 0.2 0 300 54
185 7 -72.1987612356 155.805087421 0.01 0.703 0.5 0.0838926174497 2 298 54
186 11 -95.7153021473 202.838169244 0.005 0.406 nan 0.11 0 300 54
187 8 -111.979308089 235.366181127 0.01 0.406 nan 0.143333333333 0 300 54
188 20 -142.96630333 297.34017161 0.005 0.208 nan 0.19 0 300 54
189 3 -117.908951589 247.225468128 0.105 1.0 0.561403508772 0.139917695473 57 243 54
190 32 -182.854270922 377.116106792 0.075 0.208 0.521739130435 0.306859205776 23 277 54
192 7 -158.468924309 328.345413568 0.015 0.208 nan 0.24 0 300 54
193 2 -126.402752285 264.213069519 0.015 0.307 nan 0.176666666667 0 300 54
194 9 -54.8152333011 121.038031551 0.005 0.703 nan 0.0733333333333 0 300 54
195 9 -142.576378841 296.560322631 0.025 0.307 0.5 0.202702702703 4 296 54
196 0 -112.47334463 236.35425421 0.04 0.604 0.538461538462 0.156794425087 13 287 54
197 23 -194.537616191 400.482797331 0.015 0.109 nan 0.356666666667 0 300 54
198 8 -67.7491418023 146.905848554 0.005 0.604 nan 0.0833333333333 0 300 54
199 11 -122.429534754 256.266634458 0.06 0.703 0.514285714286 0.154716981132 35 265 54
200 22 -125.609832022 262.627228993 0.005 0.307 nan 0.156666666667 0 300 54
202 17 -146.446861006 304.301286961 0.1 0.505 0.521739130435 0.208661417323 46 254 54
203 7 -115.281604554 241.970774058 0.005 0.307 nan 0.146666666667 0 300 54
204 22 -124.734485924 260.876536797 0.005 0.307 nan 0.15 0 300 54
206 32 -121.654499363 254.716563674 0.005 0.307 nan 0.153333333333 0 300 54
207 6 -70.4551325119 152.317829973 0.005 0.604 nan 0.0833333333333 0 300 54
208 34 -146.551708954 304.510982856 0.005 0.208 nan 0.2 0 300 54
212 1 -96.0345672977 203.476699545 0.04 0.802 0.538461538462 0.142857142857 13 287 54
213 18 -207.846711027 427.100987002 0.205 0.01 0.65625 0.496268656716 32 268 54
215 8 -108.367911783 228.143388515 0.005 0.406 nan 0.123333333333 0 300 54
216 1 -90.5701161896 192.547797329 0.005 0.406 nan 0.106666666667 0 300 54
217 16 -152.305564335 316.01869362 0.01 0.208 nan 0.216666666667 0 300 54
218 3 -129.036022917 269.479610783 0.015 0.307 nan 0.18 0 300 54
220 26 -76.7526018843 164.912768718 0.005 0.604 nan 0.0866666666667 0 300 54
221 3 -98.9534256461 209.314416242 0.06 1.0 0.666666666667 0.143369175627 21 279 54
223 15 -96.1256404511 203.658845851 0.005 0.406 nan 0.11 0 300 54
225 4 -137.393450829 286.194466608 0.02 0.307 0.333333333333 0.20202020202 3 297 54
226 22 -134.519331015 280.446226979 0.015 0.307 nan 0.196666666667 0 300 54
227 39 -138.941396517 289.290357982 0.01 0.307 nan 0.186666666667 0 300 54
228 12 -135.147874723 281.703314395 0.005 0.307 nan 0.166666666667 0 300 54
229 16 -121.843345802 255.094256553 0.005 0.307 nan 0.153333333333 0 300 54
230 8 -53.8529833235 119.113531596 0.005 0.901 nan 0.06 0 300 54
231 40 -143.24147592 297.89051679 0.005 0.208 nan 0.2 0 300 54
232 7 -118.062563226 247.532691401 0.015 0.406 0.5 0.157718120805 2 298 54
234 8 -86.1588804684 183.725325886 0.005 0.505 nan 0.103333333333 0 300 54
235 11 -149.721401208 310.850367366 0.005 0.208 nan 0.203333333333 0 300 54
236 12 -178.458572674 368.324710297 0.005 0.109 nan 0.283333333333 0 300 54
237 3 -156.207177005 323.821918959 0.005 0.208 nan 0.223333333333 0 300 54
238 25 -157.519573792 326.446712534 0.015 0.208 nan 0.24 0 300 54
240 3 -103.227767705 217.86310036 0.005 0.406 nan 0.123333333333 0 300 54
241 4 -149.449189718 310.305944386 0.005 0.208 nan 0.21 0 300 54
242 7 -87.1997030118 185.806970973 0.005 0.505 nan 0.1 0 300 54
243 13 -108.186523127 227.780611203 0.085 1.0 0.59375 0.160447761194 32 268 54
244 28 -159.619442689 330.646450326 0.01 0.208 nan 0.236666666667 0 300 54
