1536 5 -111.678295789 234.764156528 0.045 0.703 0.666666666667 0.168384879725 9 291 56
1537 12 -152.304074431 316.015713812 0.005 0.208 nan 0.206666666667 0 300 56
1538 32 -149.633616954 310.674798857 0.03 0.307 0.75 0.222972972973 4 296 56
1539 24 -115.050027866 241.507620681 0.005 0.307 nan 0.143333333333 0 300 56
1540 8 -149.564438043 310.536441036 0.005 0.208 nan 0.21 0 300 56
1541 11 -131.13743032 273.682425588 0.11 0.703 0.688888888889 0.16862745098 45 255 56
1542 7 -131.134747652 273.677060254 0.01 0.307 nan 0.18 0 300 56
1543 7 -99.443221666 210.294008281 0.025 0.703 0.444444444444 0.13058419244 9 291 56
1544 13 -110.198171034 231.803907018 0.005 0.307 nan 0.133333333333 0 300 56
1545 25 -154.174967119 319.757499188 0.005 0.208 nan 0.213333333333 0 300 56
1546 12 -120.517137715 252.441840379 0.005 0.307 nan 0.153333333333 0 300 56
1547 23 -204.742633446 420.892831841 0.205 0.109 0.575 0.446153846154 40 260 56
1549 27 -153.863569942 319.134704833 0.005 0.208 nan 0.21 0 300 56
1550 4 -134.969014873 281.345594694 0.015 0.307 1.0 0.184563758389 2 298 56
1553 11 -107.288113852 225.983792653 0.09 1.0 0.636363636364 0.14606741573 33 267 56
140 11 -84.8382096022 181.083984154 0.005 0.505 nan 0.0966666666667 0 300 56
141 4 -115.193672657 241.794910264 0.015 0.406 1.0 0.157190635452 1 299 56
142 10 -89.5757031956 190.558971341 0.005 0.406 nan 0.11 0 300 56
143 21 -177.679391004 366.766346957 0.055 0.208 0.6 0.315254237288 5 295 56
144 16 -55.6472884913 122.702141932 0.005 0.703 nan 0.06 0 300 56
145 10 -110.134099861 231.675764671 0.005 0.307 nan 0.13 0 300 56
146 24 -142.826525713 297.060616375 0.005 0.208 nan 0.2 0 300 56
147 11 -123.539031635 258.48562822 0.065 0.604 0.588235294118 0.183745583039 17 283 56
148 3 -139.087064711 289.581694372 0.035 0.406 0.285714285714 0.215017064846 7 293 56
149 5 -114.938908881 241.285382712 0.06 0.802 0.566666666667 0.148148148148 30 270 56
150 25 -145.804930039 303.017425026 0.005 0.208 nan 0.203333333333 0 300 56
151 21 -146.196936383 303.801437716 0.005 0.208 nan 0.196666666667 0 300 56
152 9 -78.3587115124 168.124987974 0.01 0.703 1.0 0.100334448161 1 299 56
153 15 -184.392736611 380.193038171 0.145 0.307 0.558823529412 0.315789473684 34 266 56
154 3 -117.530046412 246.467657772 0.065 0.703 0.681818181818 0.154676258993 22 278 56
155 0 -113.053697491 237.51495993 0.005 0.307 nan 0.133333333333 0 300 56
157 8 -143.091000328 297.589565605 0.015 0.307 1.0 0.197324414716 1 299 56
158 9 -83.9705228525 179.348610654 0.005 0.505 nan 0.0966666666667 0 300 56
159 15 -85.1193259961 181.646216941 0.005 0.505 nan 0.1 0 300 56
160 29 -78.7823690286 168.972303006 0.005 0.505 nan 0.0833333333333 0 300 56
161 4 -83.5219435862 178.451452122 0.005 0.505 nan 0.1 0 300 56
162 19 -177.675883934 366.759332818 0.03 0.208 0.333333333333 0.281786941581 9 291 56
163 3 -157.234132732 325.875830413 0.005 0.208 nan 0.22 0 300 56
164 2 -119.29093806 249.98944107 0.04 0.604 0.555555555556 0.159574468085 18 282 56
165 12 -146.636632049 304.680829048 0.03 0.307 0.375 0.219178082192 8 292 56
166 1 -104.626579034 220.660723017 0.07 1.0 0.564102564103 0.130268199234 39 261 56
168 37 -112.452298989 236.312162926 0.005 0.307 nan 0.143333333333 0 300 56
170 12 -152.749315122 316.906195194 0.025 0.307 0.6 0.220338983051 5 295 56
171 5 -101.783966725 214.975498398 0.005 0.406 nan 0.123333333333 0 300 56
172 9 -131.488874561 274.385314071 0.015 0.307 nan 0.18 0 300 56
173 5 -111.591782811 234.591130572 0.005 0.307 nan 0.14 0 300 56
174 1 -172.304538792 356.016642533 0.005 0.109 nan 0.253333333333 0 300 56
175 12 -101.20362313 213.81481121 0.005 0.406 1.0 0.117056856187 1 299 56
176 21 -124.276159413 259.959883775 0.145 1.0 0.574468085106 0.189723320158 47 253 56
177 40 -208.006790623 427.421146196 0.205 0.01 0.647058823529 0.503759398496 34 266 56
178 8 -130.300174885 272.00791472 0.025 0.406 0.666666666667 0.188552188552 3 297 56
179 4 -134.974163717 281.355892383 0.08 0.604 0.433333333333 0.203703703704 30 270 56
180 8 -112.058377149 235.524319248 0.06 0.802 0.631578947368 0.167259786477 19 281 56
181 4 -125.865641564 263.138848077 0.14 1.0 0.575 0.203846153846 40 260 56
183 5 -115.650640866 242.708846681 0.01 0.406 nan 0.15 0 300 56
184 3 -153.811129763 319.029824476 0.005 0.208 nan 0.216666666667 0 300 56
185 7 -79.6177813185 170.643127586 0.005 0.505 nan 0.0966666666667 0 300 56
186 11 -104.037083136 219.481731222 0.005 0.406 nan 0.116666666667 0 300 56
187 8 -111.178097842 233.763760633 0.015 0.406 nan 0.15 0 300 56
188 20 -148.384801823 308.177168594 0.005 0.208 nan 0.21 0 300 56
189 3 -124.200531201 259.808627352 0.085 0.802 0.552631578947 0.164122137405 38 262 56
190 32 -192.370598886 396.148762722 0.02 0.109 0.5 0.345637583893 2 298 56
192 7 -125.820358506 263.048281962 0.055 0.604 0.4 0.174545454545 25 275 56
193 2 -132.762937217 276.933439383 0.01 0.307 nan 0.186666666667 0 300 56
194 9 -64.2435734632 139.894711876 0.005 0.703 nan 0.0733333333333 0 300 56
195 9 -152.734806792 316.877178534 0.01 0.208 nan 0.226666666667 0 300 56
196 0 -111.308428389 234.024421728 0.025 0.505 0.8 0.152542372881 5 295 56
197 23 -194.941796456 401.291157862 0.02 0.109 nan 0.363333333333 0 300 56
198 8 -74.3445197673 160.096604484 0.005 0.604 nan 0.08 0 300 56
199 11 -111.769925952 234.947416854 0.025 0.505 0.25 0.165540540541 4 296 56
200 22 -123.306726171 258.021017291 0.005 0.307 nan 0.156666666667 0 300 56
202 17 -146.450807537 304.309180023 0.09 0.505 0.48275862069 0.225092250923 29 271 56
203 7 -113.020726924 237.449018797 0.005 0.307 nan 0.13 0 300 56
204 22 -113.746073831 238.89971261 0.01 0.406 1.0 0.140468227425 1 299 56
206 32 -126.057852502 263.523269954 0.005 0.307 nan 0.156666666667 0 300 56
207 6 -72.1389546879 155.685474325 0.005 0.604 nan 0.0866666666667 0 300 56
208 34 -145.88951428 303.18659351 0.005 0.208 nan 0.2 0 300 56
212 1 -115.866837585 243.141240119 0.03 0.505 0.666666666667 0.173469387755 6 294 56
213 18 -207.978896351 427.365357652 0.205 0.01 0.441176470588 0.515037593985 34 266 56
215 8 -108.23154676 227.87065847 0.005 0.307 nan 0.126666666667 0 300 56
216 1 -85.3226582821 182.052881513 0.005 0.505 nan 0.0966666666667 0 300 56
217 16 -146.382274678 304.172114305 0.01 0.208 nan 0.21 0 300 56
218 3 -143.942006826 299.291578601 0.02 0.307 1.0 0.204013377926 1 299 56
220 26 -72.7938660544 156.995297058 0.005 0.505 nan 0.09 0 300 56
221 3 -108.788564673 228.984694295 0.07 0.901 0.533333333333 0.159259259259 30 270 56
223 15 -98.3637109807 208.134986911 0.005 0.406 nan 0.116666666667 0 300 56
225 4 -133.568917004 278.545398957 0.015 0.307 0.5 0.187919463087 2 298 56
226 22 -125.044972486 261.497509921 0.01 0.307 nan 0.17 0 300 56
227 39 -143.419238485 298.246041919 0.005 0.208 nan 0.2 0 300 56
228 12 -114.882478321 241.172521591 0.005 0.307 nan 0.143333333333 0 300 56
229 16 -108.6644125 228.736389949 0.01 0.406 nan 0.14 0 300 56
230 8 -54.7986392634 121.004843476 0.005 0.802 nan 0.0666666666667 0 300 56
231 40 -137.55605488 286.519674709 0.005 0.208 nan 0.186666666667 0 300 56
232 7 -125.252436257 261.912437464 0.02 0.406 1.0 0.177257525084 1 299 56
234 8 -97.1334135609 205.674392071 0.005 0.406 1.0 0.110367892977 1 299 56
235 11 -148.081271502 307.570107952 0.005 0.208 nan 0.2 0 300 56
236 12 -188.103772761 387.615110471 0.015 0.109 nan 0.333333333333 0 300 56
237 3 -151.820786744 315.049138438 0.005 0.208 nan 0.21 0 300 56
238 25 -148.05451071 307.516586369 0.005 0.208 nan 0.206666666667 0 300 56
240 3 -98.0943474529 207.596259855 0.005 0.406 nan 0.113333333333 0 300 56
241 4 -141.411233983 294.230032915 0.005 0.208 nan 0.183333333333 0 300 56
242 7 -69.5704916477 150.548548245 0.005 0.604 nan 0.0766666666667 0 300 56
243 13 -103.288543743 217.984652436 0.08 1.0 0.607142857143 0.158088235294 28 272 56
244 28 -144.341548208 300.090661366 0.005 0.208 nan 0.196666666667 0 300 56
245 9 -117.968409357 247.344383664 0.07 0.703 0.666666666667 0.184397163121 18 282 56
247 15 -131.095247236 273.598059421 0.05 0.505 0.375 0.200704225352 16 284 56
248 35 -185.924949971 383.257464891 0.06 0.208 0.428571428571 0.318181818182 14 286 56
253 4 -86.7864156942 184.980396338 0.005 0.406 1.0 0.0936454849498 1 299 56
256 10 -108.415892461 228.239349871 0.01 0.406 0.5 0.134228187919 2 298 56
257 24 -116.866012059 245.139589068 0.015 0.406 nan 0.153333333333 0 300 56
258 8 -126.377493349 264.162551647 0.07 0.604 0.5 0.193430656934 26 274 56
259 14 -52.7447949738 116.897154897 0.005 0.802 nan 0.07 0 300 56
260 13 -144.25533859 299.918242129 0.03 0.307 0.5 0.212837837838 4 296 56
261 7 -186.292314388 383.992193726 0.01 0.109 nan 0.32 0 300 56
262 11 -130.398036709 272.203638366 0.01 0.307 nan 0.176666666667 0 300 56
263 8 -99.5275220751 210.4626091 0.005 0.406 nan 0.113333333333 0 300 56
264 3 -95.2958354533 201.999235856 0.005 0.406 0.25 0.10472972973 4 296 56
1519 17 -105.122895985 221.653356919 0.09 1.0 0.592592592593 0.157509157509 27 273 56
1520 4 -94.3351280904 200.07782113 0.01 0.505 nan 0.116666666667 0 300 56
1521 17 -130.140929276 271.689423501 0.005 0.307 nan 0.166666666667 0 300 56
1523 14 -134.61987993 280.64732481 0.03 0.406 0.625 0.191780821918 8 292 56
1524 11 -146.787376487 304.982317923 0.005 0.208 nan 0.206666666667 0 300 56
1525 12 -158.112468058 327.632501065 0.05 0.307 0.666666666667 0.231578947368 15 285 56
1526 11 -112.954216592 237.315998133 0.01 0.406 1.0 0.140468227425 1 299 56
1527 15 -140.085578613 291.578722176 0.03 0.307 nan 0.216666666667 0 300 56
1528 2 -109.567047825 230.541660599 0.005 0.307 nan 0.13 0 300 56
1529 2 -97.0027070154 205.41297898 0.005 0.406 nan 0.116666666667 0 300 56
1530 15 -93.2550815335 197.917728016 0.005 0.406 nan 0.106666666667 0 300 56
1531 10 -112.571146498 236.549857945 0.005 0.307 nan 0.146666666667 0 300 56
1532 15 -75.390175164 162.187915277 0.005 0.604 0.25 0.0743243243243 4 296 56
1533 22 -95.6257130255 202.658991 0.005 0.406 nan 0.113333333333 0 300 56
1534 19 -129.779465025 270.966495 0.105 0.802 0.549019607843 0.172690763052 51 249 56
1535 15 -117.032397129 245.472359207 0.05 0.604 0.5 0.173758865248 18 282 56
1536 5 -104.794075972 220.995716893 0.06 1.0 0.5 0.147058823529 28 272 57
1537 12 -129.337186642 270.081938233 0.005 0.307 nan 0.166666666667 0 300 57
1538 32 -155.713933199 322.835431347 0.05 0.307 0.538461538462 0.240418118467 13 287 57
1539 24 -108.12215024 227.651865429 0.01 0.406 nan 0.14 0 300 57
1540 8 -139.844154412 291.095873772 0.01 0.307 nan 0.19 0 300 57
1541 11 -120.554134405 252.515833759 0.125 1.0 0.63829787234 0.169960474308 47 253 57
1542 7 -144.396076136 300.199717222 0.02 0.307 1.0 0.214046822742 1 299 57
1543 7 -94.9248180233 201.257200996 0.015 0.505 nan 0.13 0 300 57
1544 13 -118.739259848 248.886084645 0.005 0.307 nan 0.15 0 300 57
1545 25 -152.618246652 316.644058252 0.005 0.208 nan 0.206666666667 0 300 57
1546 12 -106.964551692 225.336668333 0.01 0.406 0.666666666667 0.127946127946 3 297 57
1547 23 -199.440365778 410.288296505 0.205 0.208 0.452380952381 0.422480620155 42 258 57
1549 27 -153.600986636 318.60953822 0.005 0.208 nan 0.216666666667 0 300 57
1550 4 -127.95676917 267.32110329 0.02 0.406 1.0 0.180602006689 1 299 57
1553 11 -123.808390397 259.024345744 0.08 0.703 0.642857142857 0.176470588235 28 272 57
140 11 -84.6742140328 180.755993015 0.005 0.505 nan 0.1 0 300 57
141 4 -127.249302477 265.906169904 0.02 0.406 1.0 0.177257525084 1 299 57
142 10 -99.5014320252 210.410429 0.005 0.406 nan 0.123333333333 0 300 57
143 21 -169.573284467 350.554133884 0.145 0.406 0.533333333333 0.292592592593 30 270 57
144 16 -85.8100520939 183.027669137 0.005 0.505 nan 0.103333333333 0 300 57
145 10 -116.410984684 244.229534317 0.005 0.307 nan 0.143333333333 0 300 57
146 24 -157.077587303 325.562739555 0.01 0.208 nan 0.226666666667 0 300 57
147 11 -117.832794341 247.073153631 0.09 0.901 0.583333333333 0.155303030303 36 264 57
148 3 -144.454871589 300.317308126 0.06 0.406 0.352941176471 0.229681978799 17 283 57
149 5 -120.983383019 253.374330987 0.04 0.505 0.444444444444 0.182130584192 9 291 57
150 25 -152.938946798 317.285458545 0.015 0.208 nan 0.226666666667 0 300 57
151 21 -150.717911611 312.843388171 0.005 0.208 nan 0.203333333333 0 300 57
152 9 -89.5899923143 190.587549578 0.01 0.505 nan 0.116666666667 0 300 57
153 15 -184.981803055 381.371171059 0.085 0.208 0.526315789474 0.320284697509 19 281 57
154 3 -104.675054072 220.757673094 0.04 0.703 0.571428571429 0.160409556314 7 293 57
155 0 -112.949906216 237.307377382 0.01 0.406 1.0 0.140468227425 1 299 57
157 8 -136.55736513 284.52229521 0.01 0.307 0.5 0.174496644295 2 298 57
158 9 -76.2830342047 163.973633359 0.005 0.505 nan 0.0933333333333 0 300 57
159 15 -77.7970692274 167.001703404 0.01 0.802 0.333333333333 0.0976430976431 3 297 57
160 29 -85.7251422262 182.857849402 0.005 0.505 0.5 0.0939597315436 2 298 57
161 4 -72.0265613259 155.460687601 0.005 0.505 nan 0.0833333333333 0 300 57
162 19 -179.422825474 370.253215896 0.005 0.109 nan 0.286666666667 0 300 57
163 3 -130.890791308 273.189147565 0.01 0.307 nan 0.173333333333 0 300 57
164 2 -113.825468029 239.058501007 0.015 0.406 nan 0.153333333333 0 300 57
165 12 -139.751904074 290.911373098 0.045 0.406 0.5 0.22602739726 8 292 57
166 1 -106.949113245 225.30579144 0.05 0.802 0.473684210526 0.163701067616 19 281 57
168 37 -133.963912506 279.335389961 0.005 0.307 nan 0.16 0 300 57
170 12 -136.353899416 284.115363782 0.04 0.406 0.714285714286 0.20819112628 7 293 57
171 5 -127.681056194 266.769677337 0.01 0.307 nan 0.163333333333 0 300 57
172 9 -135.922774169 283.253113288 0.02 0.307 nan 0.203333333333 0 300 57
173 5 -107.920301853 227.248168656 0.01 0.406 nan 0.14 0 300 57
174 1 -143.6927703 298.79310555 0.005 0.208 nan 0.186666666667 0 300 57
175 12 -94.3638652771 200.135295504 0.005 0.406 nan 0.116666666667 0 300 57
176 21 -135.049410277 281.506385503 0.105 0.703 0.519230769231 0.181451612903 52 248 57
177 40 -208.140062415 427.687689779 0.205 0.01 0.510638297872 0.494071146245 47 253 57
178 8 -130.639243472 272.686051894 0.01 0.307 nan 0.176666666667 0 300 57
179 4 -127.855415232 267.118395413 0.105 0.802 0.560975609756 0.185328185328 41 259 57
180 8 -131.183929743 273.775424434 0.125 0.802 0.5625 0.190476190476 48 252 57
181 4 -128.184548198 267.776661345 0.12 0.802 0.511111111111 0.2 45 255 57
183 5 -125.465720413 262.339005775 0.01 0.307 0.0 0.161073825503 2 298 57
184 3 -160.489083744 332.385732438 0.015 0.208 nan 0.246666666667 0 300 57
185 7 -98.9658699695 209.339304888 0.005 0.406 nan 0.113333333333 0 300 57
186 11 -86.6934741392 184.794513228 0.005 0.406 nan 0.1 0 300 57
187 8 -99.3180533552 210.04367166 0.01 0.505 0.666666666667 0.121212121212 3 297 57
188 20 -131.69123614 274.790037229 0.03 0.406 0.4 0.179310344828 10 290 57
189 3 -116.480482474 244.368529897 0.1 1.0 0.609756097561 0.169884169884 41 259 57
190 32 -190.985086254 393.377737458 0.01 0.109 nan 0.336666666667 0 300 57
192 7 -134.799856759 281.007278467 0.055 0.505 0.538461538462 0.186131386861 26 274 57
193 2 -135.708611661 282.824788272 0.02 0.307 nan 0.196666666667 0 300 57
194 9 -65.1507400741 141.709045098 0.005 0.703 nan 0.0766666666667 0 300 57
195 9 -166.42327717 344.254119289 0.01 0.208 nan 0.246666666667 0 300 57
196 0 -114.243914179 239.895393307 0.015 0.406 1.0 0.147651006711 2 298 57
197 23 -196.743973585 404.89551212 0.045 0.109 0.555555555556 0.360824742268 9 291 57
198 8 -68.2048746044 147.817314158 0.005 0.703 nan 0.0733333333333 0 300 57
199 11 -119.783204765 250.973974479 0.045 0.604 0.521739130435 0.151624548736 23 277 57
200 22 -124.553503352 260.514571652 0.01 0.307 0.666666666667 0.151515151515 3 297 57
202 17 -138.426862845 288.261290638 0.1 0.604 0.5 0.197674418605 42 258 57
203 7 -128.805178374 269.017921696 0.005 0.307 nan 0.166666666667 0 300 57
204 22 -112.236921174 235.881407297 0.005 0.307 nan 0.136666666667 0 300 57
206 32 -108.748099896 228.903764742 0.005 0.307 nan 0.136666666667 0 300 57
207 6 -83.5506158047 178.508796559 0.005 0.505 nan 0.103333333333 0 300 57
208 34 -146.770556106 304.948677162 0.005 0.208 nan 0.203333333333 0 300 57
212 1 -116.595442507 244.598449963 0.02 0.406 0.428571428571 0.160409556314 7 293 57
213 18 -207.757738749 426.923042448 0.095 0.01 0.571428571429 0.488054607509 7 293 57
215 8 -96.1532633463 203.714091642 0.01 0.505 nan 0.126666666667 0 300 57
216 1 -94.7040448848 200.815654719 0.005 0.406 nan 0.113333333333 0 300 57
217 16 -144.820283593 301.048132136 0.005 0.208 nan 0.203333333333 0 300 57
218 3 -125.797922515 263.003409979 0.01 0.307 nan 0.176666666667 0 300 57
220 26 -71.910485017 155.228534983 0.005 0.505 nan 0.09 0 300 57
221 3 -101.759313488 214.926191925 0.07 1.0 0.575757575758 0.142322097378 33 267 57
223 15 -94.9080467294 201.223658408 0.005 0.406 nan 0.11 0 300 57
225 4 -123.712827583 258.833220115 0.03 0.505 0.5 0.181506849315 8 292 57
226 22 -135.100975096 281.609515142 0.035 0.406 0.6 0.203389830508 5 295 57
227 39 -155.053984485 321.515533919 0.01 0.208 nan 0.223333333333 0 300 57
228 12 -112.736644082 236.880853113 0.005 0.307 nan 0.133333333333 0 300 57
229 16 -119.697429778 250.802424506 0.005 0.307 nan 0.15 0 300 57
230 8 -57.0153012629 125.438167475 0.005 0.703 nan 0.07 0 300 57
231 40 -140.67666221 292.760889369 0.02 0.307 0.0 0.19397993311 1 299 57
232 7 -122.366557977 256.140680904 0.01 0.307 nan 0.16 0 300 57
234 8 -91.8893075685 195.186180086 0.005 0.406 nan 0.106666666667 0 300 57
235 11 -148.703898205 308.815361359 0.025 0.307 0.6 0.210169491525 5 295 57
236 12 -161.452913419 334.313391787 0.01 0.208 nan 0.236666666667 0 300 57
237 3 -143.505813457 298.419191864 0.005 0.208 nan 0.19 0 300 57
238 25 -143.046305374 297.500175698 0.005 0.208 nan 0.19 0 300 57
240 3 -91.7583719478 194.924308845 0.005 0.406 nan 0.106666666667 0 300 57
241 4 -146.795073925 304.997712798 0.005 0.208 nan 0.196666666667 0 300 57
242 7 -72.7992946579 157.006154265 0.005 0.505 nan 0.0833333333333 0 300 57
243 13 -112.754320967 236.916206884 0.09 1.0 0.53125 0.167910447761 32 268 57
244 28 -160.210488588 331.828542126 0.01 0.208 nan 0.24 0 300 57
245 9 -124.430453427 260.268471803 0.075 0.703 0.485714285714 0.184905660377 35 265 57
247 15 -116.794180154 244.995925257 0.07 0.703 0.518518518519 0.172161172161 27 273 57
248 35 -182.441555824 376.290676598 0.005 0.109 nan 0.296666666667 0 300 57
253 4 -87.7992897146 187.006144378 0.005 0.505 nan 0.103333333333 0 300 57
256 10 -111.363486807 234.134538563 0.005 0.307 nan 0.14 0 300 57
257 24 -120.346168695 252.09990234 0.015 0.406 0.4 0.152542372881 5 295 57
258 8 -119.890286291 251.188137532 0.08 0.802 0.58064516129 0.171003717472 31 269 57
259 14 -61.7343722835 134.876309516 0.005 0.802 0.5 0.0671140939597 2 298 57
260 13 -134.251107265 279.909779479 0.04 0.505 0.411764705882 0.190812720848 17 283 57
261 7 -185.636348954 382.680262858 0.015 0.109 nan 0.323333333333 0 300 57
262 11 -120.139136812 251.685838573 0.015 0.406 nan 0.166666666667 0 300 57
263 8 -85.9074803552 183.22252566 0.015 0.703 0.333333333333 0.108843537415 6 294 57
264 3 -93.7954795144 198.998523978 0.005 0.406 nan 0.113333333333 0 300 57
1519 17 -120.343765339 252.095095626 0.09 0.802 0.62962962963 0.18315018315 27 273 57
1520 4 -132.645911388 276.699387725 0.005 0.208 nan 0.173333333333 0 300 57
1521 17 -150.605592329 312.618749608 0.01 0.208 nan 0.216666666667 0 300 57
1523 14 -139.827437451 291.062439851 0.015 0.307 0.5 0.194630872483 2 298 57
1524 11 -135.977943435 283.363451819 0.035 0.406 0.5 0.195205479452 8 292 57
1525 12 -140.510057645 292.427680238 0.025 0.307 0.5 0.211409395973 2 298 57
1526 11 -113.066912688 237.541390325 0.01 0.406 nan 0.143333333333 0 300 57
1527 15 -137.538087137 286.483739223 0.03 0.406 0.538461538462 0.18118466899 13 287 57
1528 2 -127.871904162 267.151373274 0.01 0.307 nan 0.166666666667 0 300 57
1529 2 -86.4221454962 184.251855942 0.005 0.505 0.333333333333 0.0942760942761 3 297 57
1530 15 -95.5590495029 202.525663955 0.005 0.406 nan 0.113333333333 0 300 57
1531 10 -111.784203326 234.975971602 0.015 0.406 nan 0.153333333333 0 300 57
1532 15 -72.6111820411 156.629929031 0.005 0.604 nan 0.08 0 300 57
1533 22 -95.058935251 201.525435451 0.005 0.406 nan 0.116666666667 0 300 57
1534 19 -136.417758291 284.243081531 0.045 0.406 0.571428571429 0.211604095563 7 293 57
1535 15 -133.444521283 278.296607515 0.04 0.406 0.6 0.210169491525 5 295 57
1536 5 -107.192292619 225.792150187 0.035 0.604 1.0 0.16835016835 3 297 58
1537 12 -146.541326609 304.490218168 0.005 0.208 nan 0.2 0 300 58
1538 32 -144.378594532 300.164754014 0.03 0.307 0.5 0.212837837838 4 296 58
1539 24 -118.593543503 248.594651955 0.015 0.406 0.5 0.157718120805 2 298 58
1540 8 -158.092761262 327.593087473 0.005 0.208 nan 0.22 0 300 58
1541 11 -140.361785663 292.131136276 0.145 0.703 0.642857142857 0.201550387597 42 258 58
1542 7 -148.341277503 308.090119956 0.015 0.307 nan 0.213333333333 0 300 58
1543 7 -102.985815447 217.379195842 0.015 0.505 nan 0.143333333333 0 300 58
1544 13 -116.774947151 244.957459252 0.01 0.406 nan 0.15 0 300 58
1545 25 -156.806419845 325.020404639 0.005 0.208 nan 0.216666666667 0 300 58
1546 12 -115.407553794 242.222672538 0.005 0.307 nan 0.143333333333 0 300 58
1547 23 -206.01402793 423.435620809 0.15 0.109 0.5 0.422222222222 30 270 58
1549 27 -150.043665341 311.494895631 0.01 0.208 nan 0.22 0 300 58
1550 4 -123.670093505 258.747751959 0.02 0.406 nan 0.176666666667 0 300 58
1553 11 -120.104771798 251.617108545 0.07 0.703 0.571428571429 0.176470588235 28 272 58
140 11 -67.5103292964 146.428223542 0.005 0.703 0.333333333333 0.0707070707071 3 297 58
141 4 -129.310682192 270.028929334 0.015 0.307 nan 0.176666666667 0 300 58
142 10 -78.1042222171 167.616009384 0.005 0.505 nan 0.09 0 300 58
143 21 -159.404929411 330.217423772 0.205 0.604 0.615384615385 0.23829787234 65 235 58
144 16 -77.3841458561 166.175856662 0.005 0.505 nan 0.0966666666667 0 300 58
145 10 -117.004789966 245.417144882 0.005 0.307 nan 0.14 0 300 58
146 24 -141.55806344 294.523691829 0.005 0.208 nan 0.19 0 300 58
147 11 -129.459288322 270.326141594 0.055 0.505 0.45 0.189285714286 20 280 58
148 3 -139.38988548 290.18733591 0.065 0.505 0.533333333333 0.214035087719 15 285 58
149 5 -111.358217068 234.123999084 0.035 0.604 0.5 0.167808219178 8 292 58
150 25 -144.798594534 301.004754017 0.005 0.208 nan 0.193333333333 0 300 58
151 21 -150.704224596 312.816014142 0.005 0.208 nan 0.21 0 300 58
152 9 -80.8114204647 173.030405879 0.01 0.604 nan 0.103333333333 0 300 58
153 15 -181.281266359 373.970097667 0.055 0.208 0.5 0.316326530612 6 294 58
154 3 -127.681335997 266.770236943 0.045 0.505 0.692307692308 0.18118466899 13 287 58
155 0 -130.73343194 272.874428829 0.01 0.307 nan 0.17 0 300 58
157 8 -154.73821175 320.883988449 0.005 0.208 nan 0.22 0 300 58
158 9 -88.3116028098 188.030770569 0.005 0.406 nan 0.103333333333 0 300 58
159 15 -75.6770160907 162.761597131 0.005 0.604 1.0 0.0735785953177 1 299 58
160 29 -83.651341464 178.710247877 0.005 0.505 nan 0.106666666667 0 300 58
161 4 -73.5198318813 158.447228712 0.005 0.604 nan 0.0833333333333 0 300 58
162 19 -182.504188063 376.415941075 0.005 0.109 nan 0.303333333333 0 300 58
163 3 -151.648954319 314.705473587 0.005 0.208 nan 0.21 0 300 58
164 2 -130.808302561 273.024170072 0.03 0.406 0.375 0.184931506849 8 292 58
165 12 -132.663259291 276.734083531 0.08 0.604 0.473684210526 0.175572519084 38 262 58
166 1 -98.4238609787 208.255286907 0.08 1.0 0.787878787879 0.12734082397 33 267 58
168 37 -114.171951601 239.751468151 0.005 0.307 nan 0.136666666667 0 300 58
170 12 -129.074403813 269.556372576 0.09 0.703 0.655172413793 0.184501845018 29 271 58
171 5 -109.64687702 230.701318989 0.005 0.307 nan 0.14 0 300 58
172 9 -133.230068931 277.867702811 0.04 0.406 0.833333333333 0.200680272109 6 294 58
173 5 -111.101275989 233.610116927 0.005 0.307 nan 0.143333333333 0 300 58
174 1 -162.449634195 336.306833338 0.01 0.208 nan 0.24 0 300 58
175 12 -94.2915622416 199.990689433 0.005 0.406 nan 0.11 0 300 58
176 21 -130.508198827 272.423962602 0.125 0.802 0.666666666667 0.191570881226 39 261 58
177 40 -207.544757159 426.497079268 0.075 0.01 0.8 0.48813559322 5 295 58
178 8 -117.704134153 246.815833255 0.02 0.406 0.666666666667 0.154882154882 3 297 58
179 4 -137.584029098 286.575623145 0.075 0.505 0.529411764706 0.191729323308 34 266 58
180 8 -126.105536776 263.618638501 0.075 0.703 0.575757575758 0.172284644195 33 267 58
181 4 -133.875026147 279.157617243 0.135 0.802 0.590909090909 0.19921875 44 256 58
183 5 -112.422899726 236.253364401 0.005 0.307 nan 0.14 0 300 58
184 3 -143.590676775 298.5889185 0.005 0.208 nan 0.193333333333 0 300 58
185 7 -94.2300901067 199.867745163 0.005 0.406 nan 0.113333333333 0 300 58
186 11 -100.103667697 211.614900344 0.005 0.406 nan 0.126666666667 0 300 58
187 8 -106.165607248 223.738779444 0.01 0.406 1.0 0.137123745819 1 299 58
188 20 -154.067957415 319.543479779 0.005 0.208 nan 0.206666666667 0 300 58
189 3 -117.50779917 246.423163289 0.095 0.901 0.586206896552 0.173431734317 29 271 58
190 32 -189.762056114 390.931677178 0.025 0.109 0.666666666667 0.3367003367 3 297 58
192 7 -142.046328712 295.500222373 0.015 0.307 1.0 0.191275167785 2 298 58
193 2 -131.019061093 273.445687135 0.03 0.406 0.454545454545 0.176470588235 11 289 58
194 9 -48.5924894893 108.592543928 0.005 0.802 nan 0.0633333333333 0 300 58
195 9 -155.269434646 321.946434241 0.01 0.208 0.25 0.222972972973 4 296 58
196 0 -128.077315065 267.562195078 0.025 0.406 0.8 0.176271186441 5 295 58
197 23 -186.766429349 384.940423648 0.01 0.109 nan 0.313333333333 0 300 58
198 8 -78.5119766249 168.431518199 0.01 0.703 1.0 0.0969899665552 1 299 58
199 11 -109.42509912 230.25776319 0.02 0.505 0.666666666667 0.148148148148 3 297 58
200 22 -136.517911878 284.443388706 0.005 0.208 nan 0.166666666667 0 300 58
202 17 -148.849452216 309.106469382 0.1 0.505 0.620689655172 0.225092250923 29 271 58
203 7 -87.8757771093 187.159119168 0.005 0.505 nan 0.106666666667 0 300 58
204 22 -117.914060531 247.23568601 0.005 0.307 nan 0.15 0 300 58
206 32 -117.205313776 245.818192501 0.005 0.307 nan 0.146666666667 0 300 58
207 6 -89.0706352806 189.548835511 0.005 0.406 nan 0.106666666667 0 300 58
208 34 -159.219720659 329.847006268 0.01 0.208 nan 0.23 0 300 58
212 1 -100.997923577 213.403412102 0.025 0.604 0.571428571429 0.139931740614 7 293 58
213 18 -207.716225945 426.840016839 0.005 0.01 nan 0.476666666667 0 300 58
215 8 -99.7853801908 210.978325331 0.005 0.406 nan 0.123333333333 0 300 58
216 1 -81.267136385 173.941837719 0.005 0.505 nan 0.103333333333 0 300 58
217 16 -151.809313134 315.026191217 0.01 0.208 nan 0.22 0 300 58
218 3 -130.364590169 272.136745288 0.02 0.307 nan 0.193333333333 0 300 58
220 26 -85.8275041564 183.062573262 0.005 0.505 nan 0.106666666667 0 300 58
221 3 -109.638453193 230.684471335 0.07 0.901 0.586206896552 0.158671586716 29 271 58
223 15 -104.988556573 221.384678095 0.005 0.406 nan 0.123333333333 0 300 58
225 4 -135.504611412 282.416787773 0.02 0.307 nan 0.2 0 300 58
226 22 -131.272653301 273.95287155 0.045 0.505 0.545454545455 0.190311418685 11 289 58
227 39 -146.082978095 303.573521139 0.005 0.208 nan 0.193333333333 0 300 58
228 12 -115.190127128 241.787819204 0.005 0.307 nan 0.146666666667 0 300 58
229 16 -122.401952262 256.211469474 0.005 0.307 nan 0.153333333333 0 300 58
230 8 -49.6827705237 110.773105997 0.005 1.0 nan 0.0666666666667 0 300 58
231 40 -154.562363817 320.532292583 0.01 0.208 nan 0.226666666667 0 300 58
232 7 -136.512074711 284.431714371 0.015 0.307 1.0 0.190635451505 1 299 58
234 8 -90.0354308566 191.478426662 0.005 0.406 nan 0.106666666667 0 300 58
235 11 -156.662597313 324.732759575 0.005 0.208 nan 0.213333333333 0 300 58
236 12 -183.840316073 379.088197095 0.005 0.109 nan 0.313333333333 0 300 58
237 3 -155.357852633 322.123270216 0.01 0.208 nan 0.226666666667 0 300 58
238 25 -151.486999648 314.381564245 0.005 0.208 nan 0.21 0 300 58
240 3 -80.6163262309 172.640217411 0.005 0.505 nan 0.1 0 300 58
241 4 -152.53106974 316.46970443 0.005 0.208 nan 0.213333333333 0 300 58
242 7 -79.4717076337 170.350980217 0.005 0.505 nan 0.09 0 300 58
243 13 -112.987513657 237.382592263 0.09 1.0 0.552631578947 0.152671755725 38 262 58
244 28 -151.139552358 313.686669665 0.01 0.208 nan 0.22 0 300 58
245 9 -117.006150744 245.419866438 0.07 0.703 0.571428571429 0.169117647059 28 272 58
247 15 -119.53921462 250.485994189 0.05 0.604 0.538461538462 0.184668989547 13 287 58
248 35 -180.241277756 371.890120461 0.005 0.109 nan 0.296666666667 0 300 58
253 4 -89.8749352767 191.157435503 0.005 0.406 nan 0.103333333333 0 300 58
256 10 -99.9348680858 211.277301121 0.015 0.505 0.333333333333 0.125850340136 6 294 58
257 24 -115.861144218 243.129853384 0.015 0.406 nan 0.16 0 300 58
258 8 -116.000383213 243.408331376 0.08 0.901 0.540540540541 0.15969581749 37 263 58
259 14 -54.4285334535 120.264631856 0.005 0.901 nan 0.0666666666667 0 300 58
260 13 -131.795838526 274.999242002 0.03 0.406 0.8 0.193220338983 5 295 58
261 7 -178.460575871 368.328716691 0.005 0.109 nan 0.286666666667 0 300 58
262 11 -128.651778467 268.711121883 0.01 0.307 nan 0.166666666667 0 300 58
263 8 -86.2264160284 183.860397006 0.005 0.406 nan 0.103333333333 0 300 58
264 3 -89.155657094 189.718879137 0.005 0.406 nan 0.11 0 300 58
1519 17 -121.814851378 255.037267705 0.085 0.802 0.75 0.15671641791 32 268 58
1520 4 -117.272557964 245.952680876 0.005 0.307 nan 0.143333333333 0 300 58
1521 17 -153.236668162 317.880901274 0.01 0.208 nan 0.22 0 300 58
1523 14 -133.658958328 278.725481605 0.03 0.406 0.461538461538 0.18118466899 13 287 58
1524 11 -150.154478995 311.716522939 0.025 0.307 0.5 0.219594594595 4 296 58
1525 12 -148.50512183 308.41780861 0.035 0.307 0.6 0.223728813559 5 295 58
1526 11 -114.925911927 241.259388804 0.005 0.307 nan 0.146666666667 0 300 58
1527 15 -147.050569777 305.508704503 0.03 0.307 0.75 0.216216216216 4 296 58
1528 2 -105.095334914 221.598234778 0.005 0.406 nan 0.126666666667 0 300 58
1529 2 -93.1960566932 197.799678336 0.005 0.406 nan 0.106666666667 0 300 58
1530 15 -101.348389505 214.10434396 0.005 0.406 nan 0.13 0 300 58
1531 10 -107.628001677 226.663568302 0.01 0.406 1.0 0.137123745819 1 299 58
1532 15 -82.9657758117 177.339116573 0.005 0.505 nan 0.0966666666667 0 300 58
1533 22 -83.8092727711 179.026110492 0.01 0.604 nan 0.11 0 300 58
1534 19 -143.679135594 298.765836138 0.095 0.505 0.47619047619 0.232974910394 21 279 58
1535 15 -127.613146505 266.63385796 0.045 0.505 0.75 0.188356164384 8 292 58
1536 5 -119.065803801 249.539172551 0.035 0.505 0.428571428571 0.184300341297 7 293 59
1537 12 -157.997553514 327.402671978 0.005 0.208 nan 0.22 0 300 59
1538 32 -148.75553574 308.91863643 0.06 0.406 0.529411764706 0.226148409894 17 283 59
1539 24 -106.171076213 223.749717375 0.005 0.307 nan 0.13 0 300 59
1540 8 -151.866321143 315.140207235 0.005 0.208 nan 0.213333333333 0 300 59
1541 11 -134.77470227 280.956969489 0.115 0.703 0.595238095238 0.18992248062 42 258 59
1542 7 -141.37364567 294.15485629 0.005 0.208 nan 0.193333333333 0 300 59
1543 7 -111.576292353 234.560149656 0.01 0.406 nan 0.15 0 300 59
1544 13 -113.976987945 239.36154084 0.005 0.307 nan 0.136666666667 0 300 59
1545 25 -146.091021439 303.589607828 0.005 0.208 nan 0.2 0 300 59
1546 12 -120.095610073 251.598785095 0.01 0.307 nan 0.16 0 300 59
1547 23 -196.244096815 403.89575858 0.19 0.208 0.489795918367 0.386454183267 49 251 59
1549 27 -159.489190355 330.385945659 0.01 0.208 nan 0.23 0 300 59
1550 4 -145.973531121 303.354627191 0.025 0.307 1.0 0.207357859532 1 299 59
1553 11 -127.565609252 266.538783453 0.06 0.604 0.55 0.178571428571 20 280 59
140 11 -75.6623192642 162.732203478 0.005 0.505 nan 0.09 0 300 59
141 4 -118.011199125 247.429963199 0.02 0.505 0.666666666667 0.164983164983 3 297 59
142 10 -90.2537732854 191.91511152 0.005 0.406 nan 0.11 0 300 59
143 21 -178.994628127 369.396821202 0.14 0.307 0.575757575758 0.307116104869 33 267 59
144 16 -65.4953909098 142.398346769 0.005 0.505 nan 0.0766666666667 0 300 59
145 10 -122.74358481 256.89473457 0.005 0.307 nan 0.156666666667 0 300 59
146 24 -152.990441068 317.388447085 0.01 0.208 nan 0.216666666667 0 300 59
147 11 -128.448826231 268.305217411 0.05 0.505 0.466666666667 0.19298245614 15 285 59
148 3 -147.175242493 305.758049935 0.04 0.307 0.571428571429 0.235494880546 7 293 59
149 5 -127.470624695 266.34881434 0.03 0.406 0.625 0.184931506849 8 292 59
150 25 -138.015355203 287.438275355 0.015 0.307 nan 0.196666666667 0 300 59
151 21 -146.230974891 303.869514732 0.015 0.307 nan 0.213333333333 0 300 59
152 9 -103.196847052 217.801259054 0.01 0.505 nan 0.13 0 300 59
153 15 -169.550234028 350.508033006 0.16 0.406 0.5 0.270833333333 60 240 59
154 3 -129.233025377 269.873615703 0.035 0.406 0.8 0.189830508475 5 295 59
155 0 -134.043997659 279.495560268 0.005 0.208 nan 0.173333333333 0 300 59
157 8 -146.064890318 303.537345586 0.02 0.307 nan 0.22 0 300 59
158 9 -68.8802096327 149.167984215 0.005 0.604 nan 0.0833333333333 0 300 59
159 15 -71.7410306928 154.889626335 0.005 0.505 nan 0.0866666666667 0 300 59
160 29 -76.1329070198 163.673378989 0.005 0.505 nan 0.09 0 300 59
161 4 -70.5781741791 152.563913308 0.005 0.505 nan 0.0866666666667 0 300 59
162 19 -189.342275272 390.092115493 0.005 0.109 nan 0.326666666667 0 300 59
163 3 -161.858027481 335.123619911 0.01 0.208 1.0 0.234113712375 1 299 59
164 2 -123.929836325 259.2672376 0.02 0.406 nan 0.176666666667 0 300 59
165 12 -144.111933264 299.631431477 0.025 0.307 nan 0.223333333333 0 300 59
166 1 -107.725275319 226.858115587 0.08 1.0 0.7 0.151851851852 30 270 59
168 37 -116.434285583 244.276136115 0.005 0.307 nan 0.146666666667 0 300 59
170 12 -140.395564205 292.198693359 0.04 0.406 0.545454545455 0.200692041522 11 289 59
171 5 -116.102499018 243.612562986 0.005 0.307 nan 0.146666666667 0 300 59
172 9 -152.674489303 316.756543555 0.025 0.307 0.444444444444 0.219931271478 9 291 59
173 5 -113.844531073 239.096627096 0.025 0.505 0.428571428571 0.153583617747 7 293 59
174 1 -134.918410154 281.244385257 0.005 0.208 nan 0.17 0 300 59
175 12 -101.837379466 215.082323882 0.01 0.505 1.0 0.127090301003 1 299 59
176 21 -137.483978177 286.375521304 0.145 0.802 0.581395348837 0.206225680934 43 257 59
177 40 -208.03596626 427.47949747 0.205 0.01 0.55 0.539285714286 20 280 59
178 8 -121.714796747 254.837158443 0.025 0.406 1.0 0.174496644295 2 298 59
179 4 -136.995542116 285.398649181 0.065 0.505 0.545454545455 0.214532871972 11 289 59
180 8 -120.071661856 251.550888661 0.085 0.802 0.666666666667 0.175824175824 27 273 59
181 4 -133.095840077 277.599245103 0.115 0.703 0.608695652174 0.181102362205 46 254 59
183 5 -108.372811645 228.15318824 0.005 0.307 nan 0.13 0 300 59
184 3 -152.217538873 315.842642696 0.025 0.307 0.8 0.216949152542 5 295 59
185 7 -93.0454115392 197.498388028 0.005 0.406 nan 0.11 0 300 59
186 11 -86.8484607621 185.104486473 0.01 0.604 nan 0.11 0 300 59
187 8 -107.320804211 226.049173371 0.01 0.406 nan 0.143333333333 0 300 59
188 20 -147.258271352 305.924107653 0.005 0.208 nan 0.2 0 300 59
189 3 -117.437721238 246.283007426 0.075 0.802 0.53125 0.175373134328 32 268 59
190 32 -177.943383666 367.294332282 0.005 0.109 nan 0.283333333333 0 300 59
192 7 -150.384426182 312.176417314 0.02 0.307 nan 0.223333333333 0 300 59
193 2 -148.881538892 309.170642733 0.01 0.208 nan 0.21 0 300 59
194 9 -68.9087203199 149.225005589 0.005 0.703 nan 0.0833333333333 0 300 59
195 9 -167.348018921 346.103602792 0.025 0.208 nan 0.266666666667 0 300 59
196 0 -106.382350014 224.172264977 0.045 0.802 0.583333333333 0.15625 12 288 59
197 23 -201.305496274 414.018557497 0.055 0.109 0.666666666667 0.397959183673 6 294 59
198 8 -77.2854317089 165.978428367 0.005 0.505 nan 0.0966666666667 0 300 59
199 11 -118.086984189 247.581533327 0.04 0.604 0.428571428571 0.167832167832 14 286 59
200 22 -113.529626207 238.466817364 0.005 0.307 nan 0.13 0 300 59
202 17 -137.384641273 286.176847495 0.125 0.703 0.581395348837 0.206225680934 43 257 59
203 7 -120.045638619 251.498842188 0.005 0.307 nan 0.153333333333 0 300 59
204 22 -123.786047896 258.979660742 0.005 0.307 nan 0.15 0 300 59
206 32 -110.695968943 232.799502836 0.005 0.307 nan 0.133333333333 0 300 59
207 6 -79.5219166312 170.451398212 0.005 0.505 nan 0.0833333333333 0 300 59
208 34 -138.177800244 287.763165438 0.01 0.307 nan 0.19 0 300 59
212 1 -109.4182346 230.244034149 0.03 0.604 0.714285714286 0.156996587031 7 293 59
213 18 -207.762518312 426.932601573 0.205 0.01 0.46875 0.511194029851 32 268 59
215 8 -86.5804864714 184.568537892 0.005 0.406 nan 0.0933333333333 0 300 59
216 1 -90.8339659197 193.075496789 0.005 0.406 nan 0.103333333333 0 300 59
217 16 -152.56029336 316.528151669 0.01 0.208 nan 0.22 0 300 59
218 3 -139.795372471 290.998309891 0.015 0.307 nan 0.2 0 300 59
220 26 -72.6477676594 156.703100268 0.005 0.505 nan 0.0833333333333 0 300 59
221 3 -98.7004535187 208.808471987 0.07 1.0 0.666666666667 0.144444444444 30 270 59
223 15 -91.8109848048 195.029534559 0.005 0.406 nan 0.11 0 300 59
225 4 -126.752986506 264.913537961 0.06 0.604 0.423076923077 0.182481751825 26 274 59
226 22 -127.2186047 265.84477435 0.025 0.406 0.666666666667 0.173469387755 6 294 59
227 39 -140.480092252 292.367749454 0.015 0.307 0.25 0.192567567568 4 296 59
228 12 -108.464581202 228.336727354 0.005 0.307 nan 0.126666666667 0 300 59
229 16 -103.649284906 218.706134762 0.005 0.406 nan 0.13 0 300 59
230 8 -65.6956820646 142.798929078 0.005 0.604 nan 0.0766666666667 0 300 59
231 40 -139.820799036 291.049163021 0.005 0.208 nan 0.186666666667 0 300 59
232 7 -124.975577811 261.358720571 0.02 0.406 0.5 0.168918918919 4 296 59
234 8 -91.157258289 193.722081527 0.005 0.406 nan 0.106666666667 0 300 59
235 11 -147.007072805 305.42171056 0.005 0.208 nan 0.206666666667 0 300 59
236 12 -179.244694187 369.896953323 0.005 0.109 nan 0.286666666667 0 300 59
237 3 -138.978270573 289.364106096 0.01 0.307 nan 0.186666666667 0 300 59
238 25 -143.462444807 298.332454563 0.005 0.208 nan 0.193333333333 0 300 59
240 3 -96.7316527953 204.87087054 0.005 0.406 nan 0.113333333333 0 300 59
241 4 -149.794659098 310.996883145 0.005 0.208 nan 0.21 0 300 59
