1536 5 -112.14328669 235.69413833 0.05 0.703 0.541666666667 0.152173913043 24 276 36
1537 12 -143.513596197 298.434757343 0.015 0.307 1.0 0.195286195286 3 297 36
1538 32 -153.700777345 318.809119639 0.035 0.307 0.75 0.22972972973 4 296 36
1539 24 -114.896488252 241.200541453 0.005 0.307 nan 0.143333333333 0 300 36
1540 8 -151.539451179 314.486467307 0.01 0.208 nan 0.216666666667 0 300 36
1541 11 -128.791546278 268.990657505 0.1 0.703 0.53488372093 0.178988326848 43 257 36
1542 7 -142.977311607 297.362188164 0.015 0.307 1.0 0.200668896321 1 299 36
1543 7 -98.6435292332 208.694623416 0.02 0.604 1.0 0.13468013468 3 297 36
1544 13 -118.405002056 248.217569061 0.005 0.307 nan 0.146666666667 0 300 36
1545 25 -140.242079899 291.891724746 0.005 0.208 nan 0.186666666667 0 300 36
1546 12 -114.445134371 240.297833692 0.005 0.307 nan 0.133333333333 0 300 36
1547 23 -207.108980918 425.625526785 0.005 0.01 nan 0.446666666667 0 300 36
1549 27 -148.441577716 308.290720381 0.005 0.208 nan 0.206666666667 0 300 36
1550 4 -143.844311474 299.096187896 0.025 0.307 1.0 0.204697986577 2 298 36
1553 11 -134.572015455 280.55159586 0.075 0.604 0.567567567568 0.178707224335 37 263 36
140 11 -72.2498170888 155.907199127 0.01 0.802 nan 0.0966666666667 0 300 36
141 4 -108.717937852 228.843440653 0.015 0.505 nan 0.153333333333 0 300 36
142 10 -84.0848430463 179.577251042 0.005 0.505 nan 0.0966666666667 0 300 36
143 21 -143.896321756 299.200208461 0.19 0.802 0.536231884058 0.207792207792 69 231 36
144 16 -76.7335987413 164.874762432 0.005 0.604 nan 0.0933333333333 0 300 36
145 10 -121.532488592 254.472542134 0.005 0.307 nan 0.153333333333 0 300 36
146 24 -142.016527566 295.440620082 0.005 0.208 nan 0.19 0 300 36
147 11 -126.681806031 264.771177011 0.065 0.604 0.727272727273 0.19723183391 11 289 36
148 3 -147.030142619 305.467850188 0.05 0.406 0.333333333333 0.234042553191 18 282 36
149 5 -107.535226928 226.478018806 0.04 0.703 0.5 0.158450704225 16 284 36
150 25 -162.495801399 336.399167748 0.01 0.208 nan 0.24 0 300 36
151 21 -149.742021167 310.891607282 0.005 0.208 nan 0.206666666667 0 300 36
152 9 -94.1680905783 199.743746106 0.01 0.505 0.5 0.11744966443 2 298 36
153 15 -167.450300777 346.308166504 0.14 0.406 0.628571428571 0.271698113208 35 265 36
154 3 -117.445692804 246.298950557 0.055 0.703 0.518518518519 0.153846153846 27 273 36
155 0 -102.993576416 217.394717781 0.01 0.406 nan 0.133333333333 0 300 36
157 8 -143.812366781 299.032298511 0.005 0.208 nan 0.203333333333 0 300 36
158 9 -76.1198716545 163.647308258 0.005 0.604 nan 0.09 0 300 36
159 15 -80.3315834219 172.070731793 0.005 0.604 nan 0.0833333333333 0 300 36
160 29 -83.5071131988 178.421791347 0.005 0.505 nan 0.0933333333333 0 300 36
161 4 -88.2236407556 187.85484646 0.005 0.505 nan 0.106666666667 0 300 36
162 19 -184.162644719 379.732854387 0.005 0.109 nan 0.306666666667 0 300 36
163 3 -142.748345062 296.904255074 0.005 0.208 nan 0.196666666667 0 300 36
164 2 -123.672364198 258.752293344 0.035 0.505 0.6 0.165517241379 10 290 36
165 12 -146.434014099 304.275593147 0.055 0.406 0.642857142857 0.22027972028 14 286 36
166 1 -103.472615646 218.352796242 0.075 1.0 0.583333333333 0.132575757576 36 264 36
168 37 -120.238187038 251.883939024 0.005 0.307 nan 0.156666666667 0 300 36
170 12 -142.069361579 295.546288107 0.085 0.505 0.611111111111 0.22695035461 18 282 36
171 5 -109.756045297 230.919655544 0.005 0.307 nan 0.133333333333 0 300 36
172 9 -134.736580407 280.880725764 0.015 0.307 0.5 0.184563758389 2 298 36
173 5 -108.589305194 228.586175338 0.01 0.406 0.5 0.134228187919 2 298 36
174 1 -129.580828734 270.569222416 0.01 0.307 1.0 0.167224080268 1 299 36
175 12 -104.143624953 219.694814854 0.005 0.406 nan 0.116666666667 0 300 36
176 21 -132.299134029 276.005833008 0.145 0.901 0.608695652174 0.192913385827 46 254 36
177 40 -207.907786928 427.223138806 0.205 0.01 0.529411764706 0.507518796992 34 266 36
178 8 -115.961190968 243.329946886 0.025 0.505 0.5 0.164429530201 2 298 36
179 4 -127.786466052 266.980497054 0.07 0.604 0.608695652174 0.191335740072 23 277 36
180 8 -118.323256425 248.054077799 0.06 0.703 0.608695652174 0.162454873646 23 277 36
181 4 -125.695645133 262.798855215 0.105 0.802 0.574468085106 0.162055335968 47 253 36
183 5 -100.339119123 212.085803196 0.005 0.406 nan 0.12 0 300 36
184 3 -149.413591926 310.234748801 0.01 0.208 1.0 0.210702341137 1 299 36
185 7 -76.6557149565 164.718994862 0.01 0.703 nan 0.1 0 300 36
186 11 -90.913605242 193.234775433 0.005 0.406 0.25 0.097972972973 4 296 36
187 8 -93.7355782988 198.878721547 0.02 0.703 0.5 0.119863013699 8 292 36
188 20 -154.71438092 320.836326789 0.01 0.208 0.333333333333 0.212121212121 3 297 36
189 3 -121.275633481 253.958831911 0.085 0.802 0.620689655172 0.177121771218 29 271 36
190 32 -180.699574634 372.806714217 0.005 0.109 nan 0.293333333333 0 300 36
192 7 -141.901006575 295.209578098 0.03 0.307 0.4 0.220338983051 5 295 36
193 2 -134.732147897 280.871860743 0.015 0.307 nan 0.186666666667 0 300 36
194 9 -69.9087786547 151.225122259 0.005 0.703 nan 0.0766666666667 0 300 36
195 9 -151.469675248 314.346915445 0.005 0.208 nan 0.216666666667 0 300 36
196 0 -109.977294553 231.362154056 0.02 0.505 1.0 0.157718120805 2 298 36
197 23 -186.992202978 385.391970906 0.005 0.109 nan 0.32 0 300 36
198 8 -65.3655057444 142.138576438 0.005 0.604 nan 0.0833333333333 0 300 36
199 11 -100.267810533 211.943186015 0.04 0.802 0.714285714286 0.13986013986 14 286 36
200 22 -112.147154274 235.701873498 0.005 0.307 1.0 0.133779264214 1 299 36
202 17 -148.362957492 308.133479934 0.105 0.505 0.514285714286 0.241509433962 35 265 36
203 7 -104.548281114 220.504127178 0.005 0.307 nan 0.123333333333 0 300 36
204 22 -124.272214594 259.951994137 0.01 0.307 nan 0.163333333333 0 300 36
206 32 -104.883351454 221.174267857 0.005 0.406 nan 0.12 0 300 36
207 6 -74.2330113118 159.873587573 0.005 0.604 nan 0.0833333333333 0 300 36
208 34 -157.429270962 326.266106872 0.005 0.208 nan 0.22 0 300 36
212 1 -101.621462536 214.650490022 0.04 0.802 0.545454545455 0.125899280576 22 278 36
213 18 -208.566341135 428.54024722 0.205 0.01 0.52380952381 0.58064516129 21 279 36
215 8 -98.1307465913 207.669058132 0.005 0.406 nan 0.113333333333 0 300 36
216 1 -90.2345829342 191.876730818 0.005 0.406 nan 0.106666666667 0 300 36
217 16 -127.161217935 265.730000819 0.005 0.307 nan 0.163333333333 0 300 36
218 3 -142.198585633 295.804736215 0.005 0.208 nan 0.196666666667 0 300 36
220 26 -77.0374264768 165.482417903 0.005 0.505 nan 0.09 0 300 36
221 3 -101.436515578 214.280596106 0.065 1.0 0.7 0.142857142857 20 280 36
223 15 -90.7719264417 192.951417833 0.005 0.406 nan 0.116666666667 0 300 36
225 4 -131.304308728 274.016182406 0.025 0.406 1.0 0.191275167785 2 298 36
226 22 -127.186791751 265.781148451 0.025 0.406 0.5 0.179054054054 4 296 36
227 39 -155.048377242 321.504319433 0.005 0.208 nan 0.206666666667 0 300 36
228 12 -104.442774041 220.293113032 0.005 0.406 nan 0.123333333333 0 300 36
229 16 -114.591251075 240.5900671 0.005 0.307 nan 0.133333333333 0 300 36
230 8 -54.6885087764 120.784582502 0.005 0.901 nan 0.0633333333333 0 300 36
231 40 -145.045075347 301.497715643 0.005 0.208 nan 0.2 0 300 36
232 7 -133.076971271 277.561507491 0.01 0.307 nan 0.18 0 300 36
234 8 -94.6020354066 200.611635763 0.005 0.406 nan 0.12 0 300 36
235 11 -141.983197779 295.373960507 0.005 0.208 nan 0.193333333333 0 300 36
236 12 -179.622489841 370.652544632 0.005 0.109 nan 0.293333333333 0 300 36
237 3 -149.611489683 310.630544315 0.025 0.307 0.5 0.214285714286 6 294 36
238 25 -156.249383709 323.906332367 0.01 0.208 nan 0.226666666667 0 300 36
240 3 -101.470189921 214.347944792 0.01 0.406 nan 0.126666666667 0 300 36
241 4 -157.080648627 325.568862203 0.01 0.208 nan 0.226666666667 0 300 36
242 7 -74.8075208805 161.02260671 0.005 0.604 nan 0.0866666666667 0 300 36
243 13 -114.81500624 241.037577429 0.07 0.802 0.516129032258 0.163568773234 31 269 36
244 28 -160.366857721 332.141280391 0.005 0.208 nan 0.226666666667 0 300 36
245 9 -132.682672507 276.772909963 0.045 0.406 0.545454545455 0.19723183391 11 289 36
247 15 -113.651813964 238.711192877 0.055 0.703 0.428571428571 0.164874551971 21 279 36
248 35 -182.720391751 376.848348451 0.01 0.109 nan 0.306666666667 0 300 36
253 4 -96.9162487624 205.240062474 0.005 0.406 nan 0.116666666667 0 300 36
256 10 -115.160561681 241.728688311 0.005 0.307 nan 0.14 0 300 36
257 24 -111.244716826 233.896998601 0.015 0.406 nan 0.16 0 300 36
258 8 -124.30641236 260.020389669 0.08 0.703 0.5625 0.171641791045 32 268 36
259 14 -57.7447256071 126.897016164 0.005 0.802 nan 0.0666666666667 0 300 36
260 13 -130.803339582 273.014244113 0.05 0.505 0.409090909091 0.190647482014 22 278 36
261 7 -180.252912495 371.913389939 0.005 0.109 nan 0.29 0 300 36
262 11 -131.568764313 274.545093575 0.01 0.307 nan 0.173333333333 0 300 36
263 8 -93.0882564311 197.584077811 0.01 0.505 nan 0.116666666667 0 300 36
264 3 -82.6444393944 176.696443738 0.005 0.505 nan 0.1 0 300 36
1519 17 -101.130988229 213.669541408 0.09 1.0 0.692307692308 0.164233576642 26 274 36
1520 4 -134.591584902 280.590734754 0.015 0.307 0.666666666667 0.175084175084 3 297 36
1521 17 -145.80307959 303.013724129 0.005 0.208 nan 0.196666666667 0 300 36
1523 14 -140.38748729 292.18253953 0.04 0.406 0.461538461538 0.205574912892 13 287 36
1524 11 -136.258012765 283.92359048 0.035 0.406 0.5 0.206081081081 4 296 36
1525 12 -156.091686511 323.590937971 0.015 0.208 nan 0.24 0 300 36
1526 11 -120.532200257 252.471965463 0.005 0.307 nan 0.153333333333 0 300 36
1527 15 -146.883913864 305.175392678 0.015 0.307 nan 0.21 0 300 36
1528 2 -123.349479374 258.106523697 0.005 0.307 nan 0.153333333333 0 300 36
1529 2 -101.166962934 213.741490817 0.005 0.406 nan 0.116666666667 0 300 36
1530 15 -87.5540969605 186.51575887 0.005 0.406 nan 0.103333333333 0 300 36
1531 10 -104.893154026 221.193873002 0.01 0.406 nan 0.136666666667 0 300 36
1532 15 -83.1114639113 177.630492772 0.005 0.505 nan 0.1 0 300 36
1533 22 -91.2895386003 193.98664215 0.005 0.406 nan 0.103333333333 0 300 36
1534 19 -129.036371921 269.480308792 0.095 0.703 0.421052631579 0.224199288256 19 281 36
1535 15 -118.770894324 248.949353598 0.065 0.703 0.5 0.18345323741 22 278 36
1536 5 -119.587505987 250.582576924 0.05 0.604 0.47619047619 0.168458781362 21 279 37
1537 12 -147.186008502 305.779581953 0.005 0.208 nan 0.2 0 300 37
1538 32 -146.854325388 305.116215726 0.03 0.307 0.5 0.222972972973 4 296 37
1539 24 -98.0464005299 207.500366009 0.01 0.505 1.0 0.117056856187 1 299 37
1540 8 -153.434027809 318.275620566 0.01 0.208 0.25 0.212837837838 4 296 37
1541 11 -137.667542004 286.742648958 0.135 0.703 0.571428571429 0.213178294574 42 258 37
1542 7 -145.082857425 301.5732798 0.005 0.208 nan 0.203333333333 0 300 37
1543 7 -98.5319934713 208.471551892 0.015 0.505 nan 0.14 0 300 37
1544 13 -123.950007816 259.307580581 0.005 0.307 nan 0.143333333333 0 300 37
1545 25 -151.728079795 314.86372454 0.005 0.208 nan 0.213333333333 0 300 37
1546 12 -110.324474023 232.056512996 0.005 0.307 nan 0.126666666667 0 300 37
1547 23 -207.180952491 425.769469932 0.205 0.109 0.6 0.467924528302 35 265 37
1549 27 -140.935392286 293.278349521 0.005 0.208 nan 0.186666666667 0 300 37
1550 4 -152.343874545 316.095314039 0.01 0.208 nan 0.22 0 300 37
1553 11 -117.357892876 246.123350702 0.045 0.604 0.857142857143 0.174061433447 7 293 37
140 11 -88.9726180834 189.352801116 0.01 0.604 0.25 0.108108108108 4 296 37
141 4 -105.363297415 222.134159778 0.02 0.505 1.0 0.141414141414 3 297 37
142 10 -91.6837246649 194.775014279 0.005 0.406 nan 0.11 0 300 37
143 21 -169.674610041 350.756785032 0.14 0.406 0.583333333333 0.276515151515 36 264 37
144 16 -74.960255075 161.328075099 0.005 0.604 nan 0.0933333333333 0 300 37
145 10 -119.7523507 250.912266349 0.005 0.307 nan 0.15 0 300 37
146 24 -147.832317579 307.072200107 0.005 0.208 nan 0.2 0 300 37
147 11 -119.570747593 250.549060135 0.065 0.703 0.538461538462 0.164233576642 26 274 37
148 3 -133.657139834 278.721844616 0.055 0.505 0.727272727273 0.207612456747 11 289 37
149 5 -120.228089744 251.863744438 0.04 0.604 0.636363636364 0.173010380623 11 289 37
150 25 -149.136912934 309.681390817 0.005 0.208 nan 0.206666666667 0 300 37
151 21 -140.68590513 292.779375208 0.005 0.208 nan 0.186666666667 0 300 37
152 9 -91.4664213576 194.340407664 0.005 0.406 nan 0.106666666667 0 300 37
153 15 -171.198141681 353.803848312 0.035 0.208 0.5 0.285234899329 2 298 37
154 3 -123.352018164 258.111601277 0.02 0.406 0.5 0.181208053691 2 298 37
155 0 -117.836755445 247.081075839 0.005 0.307 nan 0.143333333333 0 300 37
157 8 -133.211590269 277.830745488 0.01 0.307 0.5 0.171140939597 2 298 37
158 9 -78.3676214316 168.142807812 0.005 0.505 nan 0.0933333333333 0 300 37
159 15 -64.7801867527 140.967938455 0.005 0.604 nan 0.08 0 300 37
160 29 -79.1420582681 169.691681485 0.005 0.505 nan 0.0966666666667 0 300 37
161 4 -79.3970134197 170.201591789 0.005 0.505 nan 0.0933333333333 0 300 37
162 19 -174.426596109 360.260757167 0.005 0.109 nan 0.263333333333 0 300 37
163 3 -149.330002109 310.067569167 0.005 0.208 nan 0.213333333333 0 300 37
164 2 -117.786431802 246.980428554 0.015 0.406 1.0 0.151515151515 3 297 37
165 12 -130.643198032 272.693961013 0.075 0.604 0.666666666667 0.17037037037 30 270 37
166 1 -96.8300011572 205.067567264 0.07 1.0 0.590909090909 0.161870503597 22 278 37
168 37 -105.430748044 222.269061038 0.005 0.307 nan 0.123333333333 0 300 37
170 12 -144.080003577 299.567572102 0.04 0.406 0.375 0.207746478873 16 284 37
171 5 -115.538776 242.48511695 0.005 0.307 nan 0.146666666667 0 300 37
172 9 -124.037094672 259.481754293 0.025 0.406 0.4 0.183050847458 5 295 37
173 5 -112.678521738 236.764608425 0.01 0.406 nan 0.15 0 300 37
174 1 -161.490706797 334.388978544 0.005 0.208 1.0 0.220735785953 1 299 37
175 12 -83.3023005826 178.012166115 0.005 0.505 nan 0.0966666666667 0 300 37
176 21 -139.532937621 290.473440192 0.155 0.802 0.634146341463 0.216216216216 41 259 37
177 40 -207.414264735 426.236094419 0.005 0.01 nan 0.47 0 300 37
178 8 -111.423161319 234.253887587 0.015 0.406 0.5 0.154362416107 2 298 37
179 4 -142.271736631 295.951038211 0.065 0.505 0.6 0.217543859649 15 285 37
180 8 -120.561227806 252.53002056 0.05 0.604 0.473684210526 0.181494661922 19 281 37
181 4 -122.999119754 257.405804456 0.13 1.0 0.588235294118 0.172690763052 51 249 37
183 5 -107.61726841 226.642101769 0.005 0.307 nan 0.133333333333 0 300 37
184 3 -152.875275467 317.158115884 0.03 0.307 0.75 0.226351351351 4 296 37
185 7 -71.9645365293 155.336638008 0.005 0.604 nan 0.0833333333333 0 300 37
186 11 -86.8984045398 185.204374029 0.005 0.406 nan 0.103333333333 0 300 37
187 8 -104.298547596 220.004660142 0.005 0.406 nan 0.126666666667 0 300 37
188 20 -145.762662189 302.932889328 0.005 0.208 nan 0.196666666667 0 300 37
189 3 -127.655286409 266.718137767 0.065 0.604 0.5625 0.197183098592 16 284 37
190 32 -180.976163402 373.359891753 0.005 0.109 nan 0.296666666667 0 300 37
192 7 -140.844864466 293.097293882 0.02 0.307 1.0 0.198653198653 3 297 37
193 2 -136.383430267 284.174425484 0.02 0.307 0.25 0.191780821918 8 292 37
194 9 -71.6470731709 154.701711291 0.005 0.703 0.111111111111 0.0687285223368 9 291 37
195 9 -157.813610638 327.034786225 0.01 0.208 1.0 0.227424749164 1 299 37
196 0 -108.042313265 227.49219148 0.025 0.604 0.5 0.146258503401 6 294 37
197 23 -187.166968615 385.741502179 0.015 0.109 nan 0.326666666667 0 300 37
198 8 -60.6951254429 132.797815835 0.005 0.604 nan 0.0733333333333 0 300 37
199 11 -112.042981643 235.493528235 0.025 0.505 0.666666666667 0.161616161616 3 297 37
200 22 -114.173921102 239.755407154 0.005 0.307 nan 0.14 0 300 37
202 17 -141.806704871 295.020974692 0.125 0.604 0.631578947368 0.213740458015 38 262 37
203 7 -124.173817835 259.75520062 0.005 0.307 nan 0.156666666667 0 300 37
204 22 -124.20628999 259.82014493 0.005 0.307 nan 0.16 0 300 37
206 32 -113.9684381 239.34444115 0.005 0.307 nan 0.14 0 300 37
207 6 -85.7281013933 182.863767736 0.005 0.505 nan 0.1 0 300 37
208 34 -149.174740071 309.757045091 0.005 0.208 nan 0.21 0 300 37
212 1 -110.089114086 231.585793122 0.03 0.604 1.0 0.15306122449 6 294 37
213 18 -206.595744265 424.59905348 0.205 0.109 0.6875 0.451492537313 32 268 37
215 8 -92.4401906947 196.287946339 0.005 0.406 nan 0.11 0 300 37
216 1 -94.7881201727 200.983805295 0.005 0.406 nan 0.113333333333 0 300 37
217 16 -140.353125222 292.113815393 0.01 0.307 nan 0.196666666667 0 300 37
218 3 -132.475164492 276.357893934 0.03 0.406 0.625 0.184931506849 8 292 37
220 26 -85.4198068266 182.247178603 0.005 0.505 nan 0.1 0 300 37
221 3 -94.5367813712 200.481127692 0.06 1.0 0.7 0.135714285714 20 280 37
223 15 -112.144994926 235.697554801 0.005 0.307 nan 0.143333333333 0 300 37
225 4 -127.37976213 266.16708921 0.04 0.505 0.666666666667 0.185567010309 9 291 37
226 22 -140.497593519 292.402751987 0.02 0.307 1.0 0.200668896321 1 299 37
227 39 -154.010294081 319.428153111 0.01 0.208 nan 0.22 0 300 37
228 12 -122.74406324 256.89569143 0.005 0.307 nan 0.153333333333 0 300 37
229 16 -107.00402452 225.415613989 0.01 0.406 nan 0.136666666667 0 300 37
230 8 -50.0963888372 111.600342624 0.005 0.901 nan 0.0633333333333 0 300 37
231 40 -150.624858193 312.657281335 0.005 0.208 nan 0.21 0 300 37
232 7 -124.734819479 260.877203908 0.01 0.307 nan 0.163333333333 0 300 37
234 8 -93.2766071786 197.960779307 0.005 0.406 nan 0.103333333333 0 300 37
235 11 -152.715506655 316.838578259 0.005 0.208 nan 0.213333333333 0 300 37
236 12 -187.526390567 386.460346083 0.01 0.109 nan 0.32 0 300 37
237 3 -142.582554663 296.572674275 0.005 0.208 nan 0.19 0 300 37
238 25 -143.595664506 298.598893961 0.005 0.208 nan 0.193333333333 0 300 37
240 3 -103.212144557 217.831854064 0.005 0.406 nan 0.113333333333 0 300 37
241 4 -147.668089757 306.743744463 0.02 0.307 0.666666666667 0.205387205387 3 297 37
242 7 -72.8378652714 157.083295492 0.005 0.505 nan 0.0866666666667 0 300 37
243 13 -114.955423462 241.318411872 0.07 0.802 0.575757575758 0.161048689139 33 267 37
244 28 -153.006215175 317.4199953 0.005 0.208 nan 0.213333333333 0 300 37
245 9 -125.609214512 262.625993973 0.05 0.505 0.777777777778 0.19587628866 9 291 37
247 15 -117.699272908 246.806110766 0.035 0.505 0.5 0.182432432432 4 296 37
248 35 -186.128384778 383.664334506 0.005 0.109 nan 0.313333333333 0 300 37
253 4 -102.768301013 216.944166976 0.005 0.406 nan 0.123333333333 0 300 37
256 10 -128.662540779 268.732646507 0.01 0.307 0.166666666667 0.163265306122 6 294 37
257 24 -120.971875195 253.351315339 0.015 0.406 nan 0.17 0 300 37
258 8 -125.763435159 262.934435266 0.095 0.802 0.642857142857 0.191176470588 28 272 37
259 14 -49.4565743764 110.320713702 0.005 0.901 nan 0.0666666666667 0 300 37
260 13 -136.144995663 283.697556275 0.04 0.406 0.4 0.213559322034 5 295 37
261 7 -182.155546184 375.718657317 0.08 0.208 0.5 0.315602836879 18 282 37
262 11 -125.259331091 261.926227131 0.01 0.307 nan 0.166666666667 0 300 37
263 8 -91.2499441144 193.907453178 0.01 0.505 nan 0.123333333333 0 300 37
264 3 -95.0941862491 201.595937448 0.005 0.406 nan 0.116666666667 0 300 37
1519 17 -111.214938133 233.837441215 0.085 1.0 0.62962962963 0.175824175824 27 273 37
1520 4 -113.169559844 237.746684637 0.005 0.307 nan 0.136666666667 0 300 37
1521 17 -128.827401492 269.062367933 0.025 0.406 0.8 0.179661016949 5 295 37
1523 14 -135.166104087 281.739773124 0.02 0.307 1.0 0.19397993311 1 299 37
1524 11 -138.617366282 288.642297513 0.015 0.307 nan 0.2 0 300 37
1525 12 -140.072839779 291.553244508 0.02 0.307 0.5 0.204697986577 2 298 37
1526 11 -123.021630879 257.450826707 0.005 0.307 nan 0.146666666667 0 300 37
1527 15 -138.676961509 288.761487968 0.015 0.307 1.0 0.197324414716 1 299 37
1528 2 -117.952934815 247.313434579 0.015 0.406 0.666666666667 0.151515151515 3 297 37
1529 2 -83.4872167756 178.381998501 0.005 0.505 nan 0.0933333333333 0 300 37
1530 15 -86.1547389567 183.717042863 0.005 0.505 nan 0.1 0 300 37
1531 10 -105.087722926 221.583010801 0.02 0.505 0.666666666667 0.136054421769 6 294 37
1532 15 -76.4268792419 164.261323433 0.01 0.703 nan 0.1 0 300 37
1533 22 -102.49526794 216.398100829 0.005 0.406 nan 0.12 0 300 37
1534 19 -141.470218003 294.348000955 0.115 0.604 0.585365853659 0.204633204633 41 259 37
1535 15 -137.004245228 285.416055406 0.035 0.406 1.0 0.200680272109 6 294 37
1536 5 -112.45861779 236.32480053 0.05 0.703 0.619047619048 0.146953405018 21 279 38
1537 12 -148.50584783 308.419260609 0.005 0.208 nan 0.2 0 300 38
1538 32 -141.739104803 294.885774556 0.04 0.406 0.384615384615 0.209059233449 13 287 38
1539 24 -105.636411107 222.680387164 0.01 0.406 nan 0.136666666667 0 300 38
1540 8 -140.325809167 292.059183284 0.015 0.307 1.0 0.190635451505 1 299 38
1541 11 -142.19144886 295.790462668 0.115 0.604 0.585365853659 0.196911196911 41 259 38
1542 7 -136.927813655 285.263192259 0.015 0.307 nan 0.196666666667 0 300 38
1543 7 -104.310767096 220.029099142 0.02 0.604 0.4 0.142372881356 5 295 38
1544 13 -122.473594913 256.354754775 0.005 0.307 nan 0.153333333333 0 300 38
1545 25 -140.110516618 291.628598185 0.005 0.208 nan 0.18 0 300 38
1546 12 -107.137727729 225.683020407 0.015 0.505 1.0 0.137123745819 1 299 38
1547 23 -201.429563479 414.266691908 0.155 0.109 0.4 0.439285714286 20 280 38
1549 27 -153.084684738 317.576934426 0.005 0.208 nan 0.216666666667 0 300 38
1550 4 -130.020822934 271.449210818 0.025 0.406 0.333333333333 0.181818181818 3 297 38
1553 11 -132.683143947 276.773852844 0.075 0.604 0.4375 0.201492537313 32 268 38
140 11 -96.2619018262 203.931368602 0.005 0.406 nan 0.11 0 300 38
141 4 -108.599808937 228.607182823 0.01 0.406 nan 0.143333333333 0 300 38
142 10 -86.6620911723 184.731747294 0.005 0.406 nan 0.106666666667 0 300 38
143 21 -161.700636945 334.808838839 0.205 0.604 0.571428571429 0.274590163934 56 244 38
144 16 -76.5927979157 164.593160781 0.005 0.505 nan 0.09 0 300 38
145 10 -121.383418553 254.174402056 0.005 0.307 nan 0.15 0 300 38
146 24 -148.195164778 307.797894506 0.02 0.307 0.4 0.210169491525 5 295 38
147 11 -120.936149937 253.279864823 0.055 0.604 0.416666666667 0.177536231884 24 276 38
148 3 -136.442881 284.29332695 0.07 0.505 0.5 0.212230215827 22 278 38
149 5 -119.790052672 250.987670293 0.03 0.505 0.8 0.172881355932 5 295 38
150 25 -148.58005465 308.567674249 0.005 0.208 nan 0.206666666667 0 300 38
151 21 -146.327258218 304.062081386 0.005 0.208 nan 0.2 0 300 38
152 9 -84.6758990927 180.759363135 0.01 0.604 nan 0.106666666667 0 300 38
153 15 -181.155939327 373.719443604 0.205 0.406 0.607142857143 0.30737704918 56 244 38
154 3 -120.938750163 253.285065275 0.035 0.505 0.444444444444 0.171821305842 9 291 38
155 0 -120.933613911 253.274792771 0.005 0.307 0.5 0.137583892617 2 298 38
157 8 -141.393503253 294.194571455 0.005 0.208 nan 0.186666666667 0 300 38
158 9 -77.5620762156 166.53171738 0.005 0.505 nan 0.09 0 300 38
159 15 -88.0017896665 187.411144282 0.005 0.505 nan 0.103333333333 0 300 38
160 29 -78.1730328068 167.753630563 0.005 0.505 nan 0.0933333333333 0 300 38
161 4 -79.048441409 169.504447767 0.01 0.703 0.5 0.0821917808219 8 292 38
162 19 -177.742017185 366.891599319 0.005 0.109 nan 0.276666666667 0 300 38
163 3 -137.040416822 285.488398593 0.01 0.307 1.0 0.183946488294 1 299 38
164 2 -122.265810735 255.93918642 0.02 0.406 1.0 0.170568561873 1 299 38
165 12 -149.397195843 310.201956635 0.035 0.307 0.4 0.233898305085 5 295 38
166 1 -102.568805302 216.545175553 0.075 1.0 0.558823529412 0.139097744361 34 266 38
168 37 -134.392833838 280.193232625 0.01 0.307 0.166666666667 0.176870748299 6 294 38
170 12 -141.019387198 293.446339346 0.075 0.505 0.535714285714 0.209558823529 28 272 38
171 5 -115.049266896 241.506098742 0.005 0.307 nan 0.146666666667 0 300 38
172 9 -148.251482796 307.910530542 0.02 0.307 nan 0.223333333333 0 300 38
173 5 -106.879876616 225.167318181 0.015 0.505 nan 0.15 0 300 38
174 1 -143.843595033 299.094755016 0.005 0.208 nan 0.2 0 300 38
175 12 -91.6572100694 194.721985088 0.005 0.406 nan 0.103333333333 0 300 38
176 21 -132.973905528 277.355376006 0.15 0.901 0.609756097561 0.212355212355 41 259 38
177 40 -208.055434872 427.518434693 0.205 0.01 0.551724137931 0.531365313653 29 271 38
178 8 -116.369941353 244.147447655 0.025 0.505 0.6 0.162711864407 5 295 38
179 4 -138.631565611 288.67069617 0.095 0.604 0.555555555556 0.205128205128 27 273 38
180 8 -113.153434129 237.714433207 0.065 0.802 0.590909090909 0.165467625899 22 278 38
181 4 -128.837235804 269.082036557 0.145 1.0 0.636363636364 0.19140625 44 256 38
183 5 -116.165574915 243.73871478 0.005 0.307 nan 0.143333333333 0 300 38
184 3 -149.139756659 309.687078268 0.005 0.208 nan 0.206666666667 0 300 38
185 7 -92.6437293584 196.695023666 0.01 0.604 0.4 0.105084745763 5 295 38
186 11 -105.35568764 222.118940229 0.005 0.406 nan 0.126666666667 0 300 38
187 8 -100.979774391 213.367113732 0.025 0.703 0.222222222222 0.134020618557 9 291 38
188 20 -145.914631171 303.236827292 0.005 0.208 nan 0.2 0 300 38
189 3 -112.213570007 235.834704963 0.1 1.0 0.585365853659 0.169884169884 41 259 38
190 32 -183.808061093 379.023687136 0.05 0.208 0.384615384615 0.313588850174 13 287 38
192 7 -149.194963627 309.797492203 0.03 0.307 0.571428571429 0.221843003413 7 293 38
193 2 -137.590496733 286.588558415 0.02 0.307 0.333333333333 0.195286195286 3 297 38
194 9 -74.8741454359 161.155855821 0.005 0.604 nan 0.0833333333333 0 300 38
195 9 -157.848997636 327.105560222 0.015 0.208 nan 0.233333333333 0 300 38
196 0 -118.800145875 249.0078567 0.02 0.406 nan 0.166666666667 0 300 38
197 23 -197.564310072 406.536185094 0.04 0.109 1.0 0.372483221477 2 298 38
198 8 -72.5133158571 156.434196664 0.005 0.604 nan 0.0866666666667 0 300 38
199 11 -108.78511299 228.97779093 0.04 0.703 0.5 0.160839160839 14 286 38
200 22 -101.140206994 213.687978938 0.005 0.406 nan 0.123333333333 0 300 38
202 17 -155.297124853 322.001814656 0.08 0.406 0.538461538462 0.237226277372 26 274 38
203 7 -121.193572403 253.794709755 0.005 0.307 nan 0.153333333333 0 300 38
204 22 -110.371678875 232.150922698 0.005 0.307 nan 0.133333333333 0 300 38
206 32 -99.5170734644 210.441711878 0.015 0.505 0.4 0.125423728814 5 295 38
207 6 -76.9931614342 165.393887818 0.005 0.505 nan 0.09 0 300 38
208 34 -149.587995094 310.583555137 0.005 0.208 nan 0.21 0 300 38
212 1 -110.745751734 232.899068417 0.025 0.505 0.6 0.15593220339 5 295 38
213 18 -207.945756895 427.299078739 0.205 0.01 0.512195121951 0.494208494208 41 259 38
215 8 -81.7341307938 174.875826537 0.005 0.406 nan 0.0933333333333 0 300 38
216 1 -109.373373435 230.15431182 0.005 0.307 nan 0.133333333333 0 300 38
217 16 -150.919773819 313.247112587 0.005 0.208 nan 0.21 0 300 38
218 3 -119.222778571 249.853122092 0.02 0.406 0.272727272727 0.162629757785 11 289 38
220 26 -92.3293089555 196.06618286 0.005 0.406 nan 0.11 0 300 38
221 3 -112.232218755 235.872002458 0.04 0.604 1.0 0.167235494881 7 293 38
223 15 -86.1943232612 183.796211472 0.005 0.406 nan 0.106666666667 0 300 38
225 4 -115.226043031 241.859651011 0.025 0.505 0.75 0.165540540541 4 296 38
226 22 -120.526702148 252.460969244 0.025 0.505 0.666666666667 0.163265306122 6 294 38
227 39 -142.990119922 297.387804792 0.005 0.208 nan 0.19 0 300 38
228 12 -118.224812056 247.857189062 0.005 0.307 nan 0.153333333333 0 300 38
229 16 -110.377091688 232.161748325 0.01 0.406 nan 0.14 0 300 38
230 8 -53.1986716147 117.804908179 0.005 0.901 nan 0.0633333333333 0 300 38
231 40 -143.142441208 297.692447365 0.005 0.208 nan 0.193333333333 0 300 38
232 7 -135.326691948 282.060948845 0.015 0.307 0.5 0.184563758389 2 298 38
234 8 -102.554480966 216.516526881 0.005 0.406 nan 0.123333333333 0 300 38
235 11 -147.466600593 306.340766136 0.005 0.208 nan 0.206666666667 0 300 38
236 12 -188.451498848 388.310562645 0.005 0.109 nan 0.323333333333 0 300 38
237 3 -154.672552532 320.752670012 0.005 0.208 nan 0.21 0 300 38
238 25 -138.860816749 289.129198447 0.015 0.307 nan 0.196666666667 0 300 38
240 3 -109.867619026 231.142803002 0.005 0.406 nan 0.13 0 300 38
241 4 -140.129581485 291.666727919 0.005 0.208 nan 0.173333333333 0 300 38
242 7 -74.6190536029 160.645672155 0.01 0.703 1.0 0.0969899665552 1 299 38
243 13 -108.396762562 228.201090073 0.1 1.0 0.571428571429 0.131147540984 56 244 38
244 28 -158.554236078 328.516037105 0.015 0.208 nan 0.236666666667 0 300 38
245 9 -121.271918576 253.951402102 0.07 0.703 0.48275862069 0.173431734317 29 271 38
247 15 -133.721278542 278.850122034 0.065 0.505 1.0 0.215753424658 8 292 38
248 35 -178.995838029 369.399241008 0.005 0.109 nan 0.29 0 300 38
253 4 -103.647616814 218.702798577 0.005 0.406 nan 0.126666666667 0 300 38
256 10 -118.921212201 249.249989351 0.005 0.307 nan 0.146666666667 0 300 38
257 24 -118.876790264 249.161145477 0.015 0.406 0.4 0.159322033898 5 295 38
258 8 -121.262440685 253.932446318 0.09 0.802 0.566666666667 0.185185185185 30 270 38
259 14 -66.9569433714 145.321451692 0.005 0.604 nan 0.0833333333333 0 300 38
260 13 -143.268655559 297.944876067 0.045 0.406 0.533333333333 0.20350877193 15 285 38
261 7 -187.14684458 385.701254109 0.01 0.109 nan 0.323333333333 0 300 38
262 11 -117.982486637 247.372538223 0.01 0.307 nan 0.15 0 300 38
263 8 -100.512197265 212.431959478 0.005 0.406 nan 0.12 0 300 38
264 3 -94.8248786587 201.057322267 0.005 0.406 nan 0.113333333333 0 300 38
1519 17 -120.855329676 253.118224302 0.08 0.802 0.575757575758 0.168539325843 33 267 38
1520 4 -119.912743844 251.233052637 0.005 0.307 nan 0.143333333333 0 300 38
1521 17 -138.148915109 287.705395167 0.015 0.307 nan 0.196666666667 0 300 38
1523 14 -132.989359471 277.38628389 0.04 0.406 0.625 0.195205479452 8 292 38
1524 11 -133.400598297 278.208761544 0.035 0.406 0.8 0.196610169492 5 295 38
1525 12 -139.556843232 290.521251414 0.065 0.505 0.571428571429 0.216783216783 14 286 38
1526 11 -119.757252317 250.922069584 0.005 0.307 nan 0.146666666667 0 300 38
1527 15 -141.735952389 294.879469727 0.02 0.307 1.0 0.210702341137 1 299 38
1528 2 -116.663710066 244.734985082 0.005 0.307 nan 0.146666666667 0 300 38
1529 2 -113.284627713 237.976820376 0.005 0.307 nan 0.146666666667 0 300 38
1530 15 -98.2109029701 207.82937089 0.005 0.406 nan 0.126666666667 0 300 38
1531 10 -115.404080612 242.215726173 0.01 0.406 nan 0.156666666667 0 300 38
1532 15 -82.4866127193 176.380790388 0.01 0.604 nan 0.103333333333 0 300 38
1533 22 -93.0217637484 197.451092446 0.005 0.406 nan 0.11 0 300 38
1534 19 -144.412877545 300.233320039 0.065 0.406 0.8 0.24406779661 5 295 38
1535 15 -128.575491856 268.558548661 0.045 0.505 0.625 0.191780821918 8 292 38
1536 5 -129.606762252 270.621089453 0.045 0.505 0.571428571429 0.178321678322 14 286 39
1537 12 -142.298520467 296.004605883 0.005 0.208 nan 0.193333333333 0 300 39
1538 32 -141.577841085 294.563247118 0.045 0.406 0.666666666667 0.21768707483 6 294 39
1539 24 -109.961705532 231.330976014 0.005 0.307 nan 0.14 0 300 39
1540 8 -140.538865746 292.48529644 0.005 0.208 nan 0.19 0 300 39
1541 11 -125.739433566 262.886432082 0.1 0.703 0.583333333333 0.193181818182 36 264 39
1542 7 -141.779346721 294.966258391 0.015 0.307 0.5 0.197986577181 2 298 39
1543 7 -98.676654435 208.760873819 0.015 0.505 1.0 0.140468227425 1 299 39
1544 13 -116.46935821 244.346281368 0.005 0.307 nan 0.146666666667 0 300 39
1545 25 -144.383341566 300.17424808 0.005 0.208 nan 0.2 0 300 39
1546 12 -130.646567689 272.700700327 0.005 0.307 nan 0.166666666667 0 300 39
1547 23 -203.416684394 418.240933738 0.165 0.109 0.46 0.408 50 250 39
1549 27 -132.335478502 276.078521953 0.015 0.307 1.0 0.177257525084 1 299 39
1550 4 -132.734970668 276.877506286 0.015 0.307 nan 0.196666666667 0 300 39
1553 11 -125.895050097 263.197665143 0.085 0.703 0.451612903226 0.197026022305 31 269 39
140 11 -77.5930989249 166.593762799 0.005 0.505 nan 0.1 0 300 39
141 4 -114.20270247 239.812969888 0.025 0.505 0.75 0.158783783784 4 296 39
142 10 -92.1974670077 195.802498965 0.005 0.406 nan 0.113333333333 0 300 39
143 21 -164.579379555 340.56632406 0.125 0.406 0.65625 0.268656716418 32 268 39
144 16 -76.1729050003 163.75337495 0.005 0.604 nan 0.0866666666667 0 300 39
145 10 -104.635107707 220.677780364 0.01 0.406 1.0 0.127090301003 1 299 39
146 24 -146.715509549 304.838584048 0.02 0.307 nan 0.21 0 300 39
147 11 -110.252152097 231.911869144 0.06 0.802 0.52380952381 0.168458781362 21 279 39
148 3 -143.042934413 297.493433775 0.04 0.406 0.545454545455 0.21107266436 11 289 39
149 5 -134.052769318 279.513103585 0.03 0.406 0.428571428571 0.19795221843 7 293 39
150 25 -145.586411729 302.580388406 0.02 0.307 0.5 0.204697986577 2 298 39
151 21 -154.424164364 320.255893678 0.01 0.208 nan 0.22 0 300 39
152 9 -85.4147426783 182.237050306 0.01 0.604 0.5 0.110738255034 2 298 39
153 15 -161.255580087 333.918725124 0.115 0.406 0.567567567568 0.247148288973 37 263 39
154 3 -112.162161596 235.731888141 0.035 0.604 0.8 0.172881355932 5 295 39
155 0 -130.923296682 273.254158313 0.01 0.307 nan 0.173333333333 0 300 39
157 8 -138.80808218 289.02372931 0.005 0.208 nan 0.186666666667 0 300 39
158 9 -77.9699142301 167.347393409 0.005 0.604 1.0 0.0869565217391 1 299 39
159 15 -65.1315725841 141.670710118 0.005 0.604 nan 0.08 0 300 39
160 29 -74.3144242385 160.036413426 0.005 0.505 nan 0.09 0 300 39
161 4 -84.1161441609 179.639853271 0.005 0.505 nan 0.0966666666667 0 300 39
162 19 -184.89955725 381.206679448 0.015 0.109 nan 0.313333333333 0 300 39
163 3 -144.875589341 301.158743631 0.005 0.208 nan 0.2 0 300 39
164 2 -126.10486132 263.617287589 0.02 0.406 1.0 0.180602006689 1 299 39
165 12 -131.837758914 275.083082777 0.075 0.604 0.6 0.192727272727 25 275 39
166 1 -99.1707031398 209.748971229 0.07 1.0 0.615384615385 0.153284671533 26 274 39
168 37 -132.879698798 277.166962545 0.005 0.208 nan 0.166666666667 0 300 39
170 12 -137.741130494 286.889825937 0.035 0.406 0.428571428571 0.188811188811 14 286 39
171 5 -105.342181407 222.091927764 0.005 0.406 nan 0.123333333333 0 300 39
172 9 -138.665489059 288.738543067 0.02 0.307 1.0 0.204697986577 2 298 39
173 5 -103.63400072 218.675566388 0.015 0.505 nan 0.143333333333 0 300 39
174 1 -149.386191352 310.179947653 0.005 0.208 nan 0.2 0 300 39
175 12 -93.9967864367 199.401137823 0.005 0.406 nan 0.116666666667 0 300 39
176 21 -137.04369942 285.49496379 0.13 0.703 0.666666666667 0.200757575758 36 264 39
177 40 -207.159153989 425.725872927 0.005 0.01 nan 0.456666666667 0 300 39
178 8 -114.552654232 240.512873414 0.025 0.505 0.4 0.166101694915 5 295 39
179 4 -129.950118624 271.307802197 0.05 0.505 0.4375 0.193661971831 16 284 39
180 8 -125.90752816 263.222621269 0.07 0.703 0.51724137931 0.188191881919 29 271 39
181 4 -134.069112142 279.545789232 0.15 0.901 0.627906976744 0.20233463035 43 257 39
183 5 -121.532368465 254.472301879 0.005 0.307 nan 0.15 0 300 39
184 3 -161.675122816 334.75781058 0.015 0.208 0.5 0.241610738255 2 298 39
185 7 -98.7160758193 208.839716588 0.01 0.505 nan 0.126666666667 0 300 39
186 11 -91.1374702851 193.68250552 0.005 0.406 nan 0.106666666667 0 300 39
187 8 -118.345956339 248.099477627 0.01 0.406 nan 0.153333333333 0 300 39
188 20 -140.876631223 293.160827394 0.005 0.208 nan 0.193333333333 0 300 39
189 3 -116.166079122 243.739723193 0.095 0.901 0.59375 0.160447761194 32 268 39
190 32 -195.535534581 402.478634111 0.045 0.109 0.666666666667 0.363945578231 6 294 39
192 7 -142.515250291 296.438065532 0.005 0.208 nan 0.19 0 300 39
193 2 -132.560416947 276.528398843 0.015 0.307 nan 0.183333333333 0 300 39
194 9 -61.4757872392 134.359139428 0.005 0.703 nan 0.07 0 300 39
195 9 -162.809560082 337.026685113 0.025 0.208 nan 0.263333333333 0 300 39
196 0 -119.519635826 250.4468366 0.025 0.505 0.333333333333 0.16835016835 3 297 39
197 23 -180.824029208 373.055623364 0.07 0.208 0.727272727273 0.311418685121 11 289 39
198 8 -65.6428616435 142.693288236 0.005 0.604 nan 0.0766666666667 0 300 39
199 11 -116.091228086 243.590021122 0.02 0.406 nan 0.166666666667 0 300 39
200 22 -110.218920141 231.845405232 0.005 0.307 nan 0.136666666667 0 300 39
202 17 -144.429264353 300.266093655 0.14 0.604 0.529411764706 0.244360902256 34 266 39
203 7 -108.645935219 228.699435388 0.01 0.406 1.0 0.133779264214 1 299 39
204 22 -120.283412068 251.974389085 0.005 0.307 nan 0.143333333333 0 300 39
206 32 -114.386014549 240.179594047 0.005 0.307 nan 0.146666666667 0 300 39
207 6 -89.3511139864 190.109792922 0.005 0.406 nan 0.103333333333 0 300 39
208 34 -133.829997431 279.067559812 0.01 0.307 0.333333333333 0.171717171717 3 297 39
212 1 -114.668123327 240.743811603 0.025 0.505 1.0 0.177257525084 1 299 39
213 18 -207.339670919 426.086906787 0.205 0.109 0.589743589744 0.467432950192 39 261 39
215 8 -85.1799746753 181.7675143 0.005 0.406 nan 0.11 0 300 39
216 1 -108.223684452 227.854933853 0.005 0.406 nan 0.126666666667 0 300 39
217 16 -156.247642812 323.902850574 0.01 0.208 nan 0.223333333333 0 300 39
218 3 -140.152573099 291.712711148 0.015 0.307 nan 0.203333333333 0 300 39
220 26 -84.6461331273 180.699831204 0.005 0.505 nan 0.1 0 300 39
221 3 -102.885288235 217.178141419 0.06 1.0 0.625 0.141304347826 24 276 39
223 15 -95.918043928 203.243652805 0.005 0.406 nan 0.113333333333 0 300 39
225 4 -124.085995225 259.5795554 0.025 0.406 0.571428571429 0.170648464164 7 293 39
226 22 -125.941141283 263.289847516 0.045 0.505 0.444444444444 0.18085106383 18 282 39
227 39 -153.184615843 317.776796636 0.01 0.208 nan 0.22 0 300 39
228 12 -114.87578408 241.159133109 0.01 0.406 nan 0.146666666667 0 300 39
229 16 -105.563456896 222.53447874 0.005 0.307 nan 0.126666666667 0 300 39
230 8 -54.7977350299 121.003035009 0.005 0.802 nan 0.0666666666667 0 300 39
231 40 -145.455755891 302.31907673 0.005 0.208 nan 0.193333333333 0 300 39
232 7 -132.02592363 275.45941221 0.015 0.307 0.666666666667 0.178451178451 3 297 39
234 8 -86.2477832139 183.903131377 0.005 0.406 nan 0.103333333333 0 300 39
235 11 -155.096008791 321.59958253 0.01 0.208 nan 0.226666666667 0 300 39
236 12 -180.5454596 372.498484149 0.005 0.109 nan 0.293333333333 0 300 39
237 3 -144.015497775 299.4385605 0.005 0.208 nan 0.193333333333 0 300 39
238 25 -132.129800467 275.667165883 0.01 0.307 nan 0.18 0 300 39
240 3 -105.391468027 222.190501003 0.005 0.406 nan 0.13 0 300 39
241 4 -153.874527813 319.156620575 0.01 0.208 nan 0.22 0 300 39
242 7 -83.4881238742 178.383812698 0.005 0.505 nan 0.1 0 300 39
243 13 -120.619508362 252.646581674 0.09 0.802 0.677419354839 0.163568773234 31 269 39
244 28 -150.30873482 312.025034588 0.025 0.307 0.666666666667 0.222222222222 3 297 39
245 9 -119.08567006 249.578905068 0.05 0.604 0.75 0.188356164384 8 292 39
247 15 -109.382526852 230.172618654 0.045 0.703 0.615384615385 0.15331010453 13 287 39
248 35 -185.911441419 383.230447787 0.005 0.109 nan 0.316666666667 0 300 39
253 4 -103.250966451 217.909497851 0.005 0.406 nan 0.123333333333 0 300 39
256 10 -114.231340517 239.870245984 0.005 0.307 nan 0.133333333333 0 300 39
257 24 -100.748636345 212.904837638 0.025 0.604 0.625 0.13698630137 8 292 39
258 8 -120.613975175 252.635515298 0.07 0.703 0.464285714286 0.1875 28 272 39
259 14 -42.6475101853 96.7025853199 0.005 0.901 nan 0.0566666666667 0 300 39
260 13 -143.633580126 298.674725202 0.055 0.406 0.6 0.207142857143 20 280 39
261 7 -179.936965287 371.281495523 0.005 0.109 nan 0.29 0 300 39
262 11 -120.680195787 252.767956522 0.01 0.307 nan 0.163333333333 0 300 39
263 8 -106.812887196 225.033339342 0.005 0.406 nan 0.133333333333 0 300 39
264 3 -82.6519901382 176.711545226 0.005 0.505 nan 0.0966666666667 0 300 39
1519 17 -119.561402236 250.530369421 0.07 0.802 0.636363636364 0.153558052434 33 267 39
1520 4 -113.923392337 239.254349624 0.005 0.307 nan 0.136666666667 0 300 39
1521 17 -131.62905028 274.66566551 0.015 0.307 nan 0.176666666667 0 300 39
1523 14 -138.838729635 289.085024219 0.02 0.307 0.5 0.204697986577 2 298 39
1524 11 -134.077748318 279.563061585 0.025 0.406 0.3 0.186206896552 10 290 39
1525 12 -139.952170724 291.311906397 0.02 0.307 0.5 0.192567567568 4 296 39
1526 11 -131.241833206 273.891231361 0.01 0.307 nan 0.17 0 300 39
1527 15 -147.895326568 307.198218086 0.02 0.307 0.285714285714 0.20819112628 7 293 39
1528 2 -112.603841643 236.615248234 0.005 0.307 nan 0.14 0 300 39
1529 2 -87.2547934461 185.917151841 0.01 0.604 1.0 0.107023411371 1 299 39
1530 15 -107.668272293 226.744109536 0.005 0.406 nan 0.126666666667 0 300 39
1531 10 -105.217893186 221.843351322 0.015 0.505 nan 0.15 0 300 39
1532 15 -78.5871114162 168.581787782 0.005 0.505 nan 0.0966666666667 0 300 39
1533 22 -79.1788646937 169.765294337 0.01 0.703 0.333333333333 0.0942760942761 3 297 39
1534 19 -138.586157148 288.579879246 0.11 0.604 0.634146341463 0.189189189189 41 259 39
1535 15 -132.641014949 276.689594847 0.03 0.406 nan 0.213333333333 0 300 39
1536 5 -106.876854444 225.161273836 0.07 1.0 0.515151515152 0.149812734082 33 267 40
1537 12 -145.187128862 301.781822673 0.005 0.208 nan 0.196666666667 0 300 40
1538 32 -156.678162797 324.763890544 0.02 0.208 1.0 0.23745819398 1 299 40
1539 24 -115.855222204 243.118009357 0.005 0.307 nan 0.14 0 300 40
1540 8 -142.095037128 295.597639205 0.02 0.307 0.333333333333 0.197278911565 6 294 40
1541 11 -127.979440267 267.366445484 0.11 0.802 0.558139534884 0.190661478599 43 257 40
1542 7 -130.157676772 271.722918494 0.025 0.406 1.0 0.181208053691 2 298 40
1543 7 -99.7495076719 210.906580293 0.03 0.703 0.555555555556 0.137457044674 9 291 40
1544 13 -123.188256711 257.784078371 0.005 0.307 nan 0.153333333333 0 300 40
1545 25 -151.492383759 314.392332468 0.01 0.208 nan 0.216666666667 0 300 40
1546 12 -111.10197714 233.611519229 0.01 0.406 1.0 0.137123745819 1 299 40
1547 23 -205.368630222 422.144825393 0.205 0.109 0.590909090909 0.42578125 44 256 40
1549 27 -135.048490603 281.504546156 0.01 0.307 1.0 0.177257525084 1 299 40
1550 4 -136.401097129 284.209759207 0.01 0.307 nan 0.19 0 300 40
1553 11 -132.413414501 276.234393952 0.055 0.505 0.538461538462 0.212543554007 13 287 40
140 11 -71.3540861119 154.115737173 0.005 0.604 nan 0.0866666666667 0 300 40
141 4 -113.539579722 238.486724393 0.015 0.406 0.333333333333 0.151515151515 3 297 40
142 10 -103.382210308 218.171985565 0.005 0.406 nan 0.126666666667 0 300 40
143 21 -164.661609598 340.730784145 0.15 0.406 0.64 0.287272727273 25 275 40
144 16 -83.2765695565 177.960704062 0.005 0.505 nan 0.1 0 300 40
145 10 -108.315963816 228.039492582 0.01 0.406 nan 0.136666666667 0 300 40
146 24 -142.963105087 297.333775124 0.005 0.208 nan 0.19 0 300 40
147 11 -119.283460822 249.974486594 0.08 0.802 0.75 0.173913043478 24 276 40
148 3 -135.442647316 282.292859581 0.06 0.505 0.636363636364 0.214532871972 11 289 40
149 5 -115.628146322 242.663857592 0.05 0.604 0.9 0.172413793103 10 290 40
150 25 -165.538523308 342.484611565 0.005 0.208 nan 0.236666666667 0 300 40
151 21 -148.732747276 308.873059502 0.005 0.208 nan 0.206666666667 0 300 40
152 9 -78.8907047424 169.188974434 0.015 0.901 1.0 0.0942760942761 3 297 40
153 15 -167.728422864 346.864410678 0.125 0.406 0.631578947368 0.25572519084 38 262 40
154 3 -122.353949917 256.115464784 0.04 0.505 0.75 0.181506849315 8 292 40
155 0 -116.594064684 244.595694317 0.005 0.307 nan 0.14 0 300 40
157 8 -139.892510644 291.192586238 0.015 0.307 nan 0.2 0 300 40
158 9 -77.8623088386 167.132182627 0.005 0.505 nan 0.0866666666667 0 300 40
159 15 -81.3360317664 174.079628482 0.005 0.505 nan 0.0933333333333 0 300 40
160 29 -79.863655481 171.134875911 0.005 0.505 nan 0.0966666666667 0 300 40
161 4 -65.3449351931 142.097435336 0.005 0.604 nan 0.08 0 300 40
162 19 -183.795074255 378.99771346 0.005 0.109 nan 0.306666666667 0 300 40
163 3 -152.410843487 316.229251924 0.005 0.208 nan 0.203333333333 0 300 40
164 2 -132.702945928 276.813456805 0.025 0.406 0.428571428571 0.18771331058 7 293 40
165 12 -145.023111608 301.453788165 0.045 0.406 0.470588235294 0.208480565371 17 283 40
166 1 -107.150346339 225.708257628 0.045 0.802 0.631578947368 0.135231316726 19 281 40
168 37 -117.921755981 247.251076911 0.005 0.307 nan 0.146666666667 0 300 40
170 12 -133.805797092 279.019159134 0.03 0.406 0.25 0.209459459459 4 296 40
171 5 -117.384751686 246.177068322 0.005 0.307 nan 0.143333333333 0 300 40
172 9 -144.385673727 300.178912403 0.045 0.406 0.714285714286 0.21843003413 7 293 40
173 5 -107.275209487 225.957983924 0.015 0.505 nan 0.15 0 300 40
174 1 -166.397500223 344.202565395 0.015 0.208 0.25 0.253378378378 4 296 40
175 12 -78.368529773 168.144624495 0.005 0.505 nan 0.0933333333333 0 300 40
176 21 -143.874507928 299.156580805 0.14 0.703 0.575 0.226923076923 40 260 40
177 40 -208.149160742 427.705886433 0.205 0.01 0.428571428571 0.519379844961 42 258 40
178 8 -130.676750851 272.761066652 0.01 0.307 0.5 0.164429530201 2 298 40
179 4 -138.925762655 289.25909026 0.08 0.505 0.448275862069 0.210332103321 29 271 40
180 8 -121.865873482 255.139311913 0.09 0.802 0.6 0.174074074074 30 270 40
181 4 -126.982359257 265.372283463 0.135 0.901 0.5 0.215384615385 40 260 40
183 5 -128.100032137 267.607629223 0.01 0.307 nan 0.17 0 300 40
184 3 -168.086422495 347.58040994 0.02 0.208 nan 0.266666666667 0 300 40
185 7 -99.7534126665 210.914390282 0.005 0.406 nan 0.123333333333 0 300 40
186 11 -101.873975709 215.155516368 0.005 0.406 nan 0.123333333333 0 300 40
187 8 -106.212927362 223.833419674 0.01 0.406 nan 0.136666666667 0 300 40
188 20 -148.322188348 308.051941645 0.005 0.208 nan 0.193333333333 0 300 40
189 3 -123.817174375 259.041913699 0.09 0.802 0.64 0.189090909091 25 275 40
190 32 -183.72801468 378.863594309 0.01 0.109 nan 0.313333333333 0 300 40
192 7 -137.483332593 286.374230136 0.015 0.307 0.333333333333 0.191919191919 3 297 40
193 2 -138.764552019 288.936668988 0.015 0.307 nan 0.19 0 300 40
194 9 -64.5582611681 140.524087285 0.005 0.703 nan 0.0833333333333 0 300 40
195 9 -173.372505028 358.152575006 0.02 0.208 1.0 0.267558528428 1 299 40
196 0 -114.573622703 240.554810356 0.03 0.505 0.666666666667 0.159863945578 6 294 40
197 23 -186.944399742 385.296364433 0.08 0.208 0.411764705882 0.335689045936 17 283 40
198 8 -66.8754326053 145.15843016 0.005 0.604 nan 0.0733333333333 0 300 40
199 11 -108.806513006 229.020590962 0.025 0.604 0.416666666667 0.138888888889 12 288 40
200 22 -101.879089185 215.165743318 0.005 0.406 nan 0.123333333333 0 300 40
202 17 -148.741355291 308.89027553 0.085 0.505 0.52 0.232727272727 25 275 40
203 7 -110.663505069 232.734575088 0.01 0.406 nan 0.143333333333 0 300 40
204 22 -115.111185091 241.629935132 0.005 0.307 nan 0.143333333333 0 300 40
206 32 -106.519503209 224.446571367 0.005 0.307 nan 0.13 0 300 40
207 6 -87.8195056542 187.046576258 0.005 0.505 nan 0.103333333333 0 300 40
208 34 -152.568354996 316.544274942 0.005 0.208 nan 0.216666666667 0 300 40
212 1 -102.615094734 216.637754417 0.03 0.703 0.615384615385 0.135888501742 13 287 40
213 18 -207.923539158 427.254643264 0.18 0.01 0.526315789474 0.496183206107 38 262 40
215 8 -90.6831611298 192.773887209 0.005 0.406 nan 0.1 0 300 40
216 1 -87.7390735744 186.885712098 0.005 0.406 nan 0.106666666667 0 300 40
217 16 -156.001307119 323.410179187 0.01 0.208 nan 0.23 0 300 40
218 3 -129.305069322 270.017703593 0.02 0.406 1.0 0.183946488294 1 299 40
220 26 -77.443017179 166.293599307 0.005 0.505 nan 0.0933333333333 0 300 40
221 3 -105.997588151 223.40274125 0.07 1.0 0.432432432432 0.152091254753 37 263 40
223 15 -81.5992787437 174.606122437 0.005 0.505 nan 0.103333333333 0 300 40
225 4 -132.110264327 275.628093603 0.03 0.406 0.571428571429 0.184300341297 7 293 40
226 22 -131.188458876 273.784482702 0.015 0.307 nan 0.18 0 300 40
227 39 -142.391147118 296.189859185 0.015 0.307 1.0 0.197324414716 1 299 40
228 12 -107.030873717 225.469312383 0.005 0.307 nan 0.13 0 300 40
229 16 -127.548041701 266.503648352 0.01 0.307 0.5 0.157718120805 2 298 40
230 8 -61.6619286975 134.731422344 0.005 0.703 nan 0.0733333333333 0 300 40
231 40 -141.033112425 293.473789799 0.005 0.208 nan 0.18 0 300 40
232 7 -143.391946146 298.191457241 0.015 0.307 nan 0.206666666667 0 300 40
234 8 -93.2240869252 197.8557388 0.005 0.406 nan 0.116666666667 0 300 40
235 11 -125.818446766 263.044458482 0.005 0.307 nan 0.16 0 300 40
236 12 -179.742597351 370.892759651 0.055 0.208 0.388888888889 0.294326241135 18 282 40
237 3 -133.22267992 277.852924789 0.015 0.307 nan 0.183333333333 0 300 40
238 25 -155.244185449 321.895935848 0.01 0.208 nan 0.226666666667 0 300 40
240 3 -97.7411584157 206.889881781 0.01 0.505 nan 0.12 0 300 40
241 4 -140.100015676 291.607596302 0.02 0.307 1.0 0.200668896321 1 299 40
242 7 -77.0358382944 165.479241538 0.01 0.802 0.1 0.0931034482759 10 290 40
243 13 -124.742281849 260.892128647 0.08 0.703 0.606060606061 0.172284644195 33 267 40
244 28 -162.837842801 337.083250552 0.01 0.208 nan 0.243333333333 0 300 40
245 9 -113.02281638 237.453197709 0.08 0.901 0.414634146341 0.158301158301 41 259 40
247 15 -116.817508409 245.042581766 0.055 0.703 0.444444444444 0.161172161172 27 273 40
248 35 -175.716373648 362.840312245 0.035 0.208 0.666666666667 0.275510204082 6 294 40
253 4 -82.5934653299 176.594495609 0.01 0.604 nan 0.1 0 300 40
256 10 -122.801318817 257.010202583 0.01 0.307 nan 0.16 0 300 40
257 24 -127.381287694 266.170140338 0.01 0.307 nan 0.173333333333 0 300 40
258 8 -120.243649528 251.894864005 0.1 0.901 0.704545454545 0.13671875 44 256 40
259 14 -53.2596037662 117.926772482 0.005 0.901 0.5 0.0604026845638 2 298 40
260 13 -137.115807573 285.639180095 0.04 0.406 0.357142857143 0.195804195804 14 286 40
261 7 -186.998961142 385.405487233 0.005 0.109 nan 0.316666666667 0 300 40
262 11 -127.145408155 265.698381259 0.01 0.307 1.0 0.160535117057 1 299 40
263 8 -94.9317527719 201.271070493 0.005 0.406 nan 0.106666666667 0 300 40
264 3 -99.2771629408 209.961890831 0.005 0.406 nan 0.126666666667 0 300 40
1519 17 -121.477030317 254.361625584 0.07 0.703 0.592592592593 0.179487179487 27 273 40
1520 4 -104.969697908 221.346960765 0.01 0.406 nan 0.136666666667 0 300 40
1521 17 -142.174603501 295.756771952 0.015 0.307 nan 0.203333333333 0 300 40
1523 14 -128.063380298 267.534325545 0.035 0.406 0.75 0.174657534247 8 292 40
1524 11 -135.467234619 282.342034187 0.015 0.307 0.5 0.182432432432 4 296 40
1525 12 -137.520684042 286.448933034 0.015 0.307 nan 0.203333333333 0 300 40
1526 11 -117.653472107 246.714509164 0.005 0.307 nan 0.153333333333 0 300 40
1527 15 -139.216322093 289.840209136 0.015 0.307 nan 0.2 0 300 40
1528 2 -102.118753035 215.64507102 0.01 0.406 nan 0.13 0 300 40
1529 2 -98.8244872542 209.056539458 0.005 0.406 nan 0.113333333333 0 300 40
1530 15 -91.2039035955 193.81537214 0.005 0.406 nan 0.113333333333 0 300 40
1531 10 -103.678391099 218.764347148 0.01 0.406 nan 0.14 0 300 40
1532 15 -67.3902625103 146.18808997 0.01 0.802 nan 0.0866666666667 0 300 40
1533 22 -93.2256356934 197.858836336 0.005 0.406 nan 0.106666666667 0 300 40
1534 19 -123.610792615 258.629150179 0.115 0.901 0.63829787234 0.169960474308 47 253 40
1535 15 -131.808634822 275.024834594 0.055 0.505 0.363636363636 0.194244604317 22 278 40
