1536 5 -108.511749392 228.431063734 0.045 0.703 0.538461538462 0.163763066202 13 287 24
1537 12 -148.59139859 308.590362129 0.005 0.208 nan 0.203333333333 0 300 24
1538 32 -153.327883866 318.063332682 0.035 0.307 1.0 0.240802675585 1 299 24
1539 24 -112.315101359 236.037767667 0.005 0.307 nan 0.133333333333 0 300 24
1540 8 -157.65117502 326.709914989 0.01 0.208 nan 0.226666666667 0 300 24
1541 11 -126.561222079 264.530009107 0.14 0.901 0.722222222222 0.193181818182 36 264 24
1542 7 -136.539282496 284.486129942 0.02 0.307 0.6 0.186440677966 5 295 24
1543 7 -107.981406017 227.370376983 0.025 0.604 0.857142857143 0.139931740614 7 293 24
1544 13 -103.987167708 219.381900366 0.01 0.406 nan 0.126666666667 0 300 24
1545 25 -141.216064012 293.839692973 0.005 0.208 nan 0.19 0 300 24
1546 12 -124.726197027 260.859959003 0.005 0.307 nan 0.156666666667 0 300 24
1547 23 -201.325590926 414.058746802 0.08 0.109 0.375 0.397887323944 16 284 24
1549 27 -157.004622056 325.416809061 0.01 0.208 nan 0.226666666667 0 300 24
1550 4 -122.104276397 255.616117744 0.01 0.307 0.0 0.153846153846 1 299 24
1553 11 -109.233739537 229.875044024 0.07 0.901 0.566666666667 0.159259259259 30 270 24
140 11 -84.7005672631 180.808699475 0.005 0.505 nan 0.1 0 300 24
141 4 -111.096471421 233.600507792 0.02 0.505 0.6 0.142372881356 5 295 24
142 10 -107.324952984 226.057470918 0.005 0.406 nan 0.126666666667 0 300 24
143 21 -168.068073235 347.543711419 0.125 0.406 0.564102564103 0.264367816092 39 261 24
144 16 -72.2990908465 156.005746642 0.005 0.604 nan 0.0866666666667 0 300 24
145 10 -120.22567227 251.858909488 0.005 0.307 nan 0.153333333333 0 300 24
146 24 -148.489699713 308.386964375 0.005 0.208 nan 0.206666666667 0 300 24
147 11 -126.673124554 264.753814058 0.05 0.505 0.5 0.178571428571 20 280 24
148 3 -131.774275582 274.956116112 0.03 0.406 0.384615384615 0.18118466899 13 287 24
149 5 -112.507989929 236.423544807 0.04 0.703 0.590909090909 0.143884892086 22 278 24
150 25 -155.239989302 321.887543554 0.005 0.208 nan 0.22 0 300 24
151 21 -148.753390725 308.914346399 0.005 0.208 nan 0.203333333333 0 300 24
152 9 -95.1522528783 201.712070706 0.005 0.406 nan 0.103333333333 0 300 24
153 15 -179.304535997 370.016636943 0.125 0.307 0.59375 0.30223880597 32 268 24
154 3 -134.693545207 280.794655364 0.035 0.406 0.4 0.206779661017 5 295 24
155 0 -106.046801136 223.501167222 0.01 0.406 nan 0.133333333333 0 300 24
157 8 -147.996788929 307.401142808 0.005 0.208 nan 0.203333333333 0 300 24
158 9 -70.9564054634 153.320375876 0.005 0.505 nan 0.09 0 300 24
159 15 -64.3816907291 140.170946407 0.01 0.901 0.5 0.0872483221477 2 298 24
160 29 -85.0274209509 181.462406851 0.005 0.505 nan 0.0933333333333 0 300 24
161 4 -65.1858490187 141.779262987 0.005 0.604 nan 0.08 0 300 24
162 19 -184.669801216 380.747167381 0.005 0.109 nan 0.303333333333 0 300 24
163 3 -148.120687996 307.648940942 0.005 0.208 nan 0.196666666667 0 300 24
164 2 -115.071391801 241.550348552 0.03 0.505 0.666666666667 0.154639175258 9 291 24
165 12 -138.03893339 287.485431729 0.045 0.406 0.4 0.220338983051 5 295 24
166 1 -108.725118783 228.857802515 0.065 0.901 0.5 0.159420289855 24 276 24
168 37 -119.885592259 251.178749467 0.005 0.307 nan 0.153333333333 0 300 24
170 12 -149.328847588 310.065260125 0.03 0.307 0.4 0.230508474576 5 295 24
171 5 -102.762856537 216.933278023 0.005 0.406 nan 0.123333333333 0 300 24
172 9 -135.476812396 282.361189741 0.03 0.406 0.625 0.198630136986 8 292 24
173 5 -107.725746919 226.859058787 0.01 0.406 nan 0.143333333333 0 300 24
174 1 -139.429538303 290.266641556 0.03 0.406 0.444444444444 0.19587628866 9 291 24
175 12 -93.9316440869 199.270853123 0.005 0.406 nan 0.11 0 300 24
176 21 -132.824123766 277.055812481 0.135 0.802 0.692307692308 0.191570881226 39 261 24
177 40 -208.002365547 427.412296044 0.205 0.01 0.653846153846 0.521897810219 26 274 24
178 8 -131.378444721 274.164454392 0.02 0.406 nan 0.19 0 300 24
179 4 -159.239521905 329.886608759 0.045 0.307 0.333333333333 0.257731958763 9 291 24
180 8 -120.359981564 252.127528078 0.045 0.604 0.454545454545 0.190311418685 11 289 24
181 4 -133.28891853 277.985402009 0.095 0.703 0.576923076923 0.20802919708 26 274 24
183 5 -112.054739269 235.517043487 0.005 0.307 nan 0.14 0 300 24
184 3 -154.711516164 320.830597276 0.03 0.307 0.5 0.231292517007 6 294 24
185 7 -96.1458066858 203.699178321 0.005 0.406 nan 0.113333333333 0 300 24
186 11 -106.230704783 223.868974516 0.005 0.406 nan 0.13 0 300 24
187 8 -88.2707405688 187.949046087 0.025 0.901 0.368421052632 0.110320284698 19 281 24
188 20 -153.292648209 317.992861367 0.005 0.208 nan 0.216666666667 0 300 24
189 3 -131.306798394 274.021161738 0.07 0.604 0.545454545455 0.205035971223 22 278 24
190 32 -183.458138608 378.323842166 0.01 0.109 nan 0.31 0 300 24
192 7 -137.207482556 285.822530061 0.02 0.307 nan 0.206666666667 0 300 24
193 2 -144.679381043 300.766327035 0.01 0.208 nan 0.21 0 300 24
194 9 -60.8954090378 133.198383025 0.005 0.802 nan 0.0666666666667 0 300 24
195 9 -150.488232828 312.384030606 0.01 0.208 nan 0.213333333333 0 300 24
196 0 -118.185752079 247.779069107 0.03 0.505 0.3 0.168965517241 10 290 24
197 23 -197.344467023 406.096498996 0.025 0.109 nan 0.36 0 300 24
198 8 -83.7034491898 178.814463329 0.005 0.505 nan 0.0933333333333 0 300 24
199 11 -111.72725934 234.86208363 0.015 0.406 nan 0.16 0 300 24
200 22 -101.41160036 214.230765669 0.015 0.505 0.333333333333 0.132653061224 6 294 24
202 17 -147.327146265 306.061857479 0.11 0.505 0.545454545455 0.21484375 44 256 24
203 7 -103.780261426 218.968087801 0.01 0.406 1.0 0.133779264214 1 299 24
204 22 -108.265134628 227.937834205 0.005 0.406 nan 0.126666666667 0 300 24
206 32 -114.579591263 240.566747475 0.005 0.307 nan 0.143333333333 0 300 24
207 6 -73.0193534806 157.446271911 0.005 0.604 nan 0.08 0 300 24
208 34 -146.42122791 304.250020769 0.005 0.208 nan 0.2 0 300 24
212 1 -104.039114934 219.485794818 0.035 0.703 0.666666666667 0.147766323024 9 291 24
213 18 -208.487576642 428.382718234 0.205 0.01 0.463414634146 0.552123552124 41 259 24
215 8 -90.9625588028 193.332682555 0.005 0.406 nan 0.113333333333 0 300 24
216 1 -94.7524871174 200.912539184 0.005 0.406 nan 0.113333333333 0 300 24
217 16 -146.605840896 304.619246741 0.005 0.208 nan 0.203333333333 0 300 24
218 3 -134.899342932 281.206250812 0.015 0.307 nan 0.183333333333 0 300 24
220 26 -74.0936014696 159.594767888 0.005 0.604 nan 0.0866666666667 0 300 24
221 3 -112.22056039 235.84868573 0.08 0.901 0.576923076923 0.178832116788 26 274 24
223 15 -78.0365219016 167.480608752 0.01 0.703 nan 0.0966666666667 0 300 24
225 4 -127.061018406 265.529601761 0.025 0.406 0.272727272727 0.176470588235 11 289 24
226 22 -150.410584948 312.228734845 0.01 0.208 nan 0.22 0 300 24
227 39 -154.545614783 320.498794515 0.005 0.208 nan 0.213333333333 0 300 24
228 12 -120.816202071 253.039969091 0.005 0.307 nan 0.146666666667 0 300 24
229 16 -115.809909421 243.027383792 0.005 0.307 nan 0.143333333333 0 300 24
230 8 -52.9268265955 117.26121814 0.005 0.802 nan 0.0633333333333 0 300 24
231 40 -147.609857029 306.627279007 0.005 0.208 nan 0.21 0 300 24
232 7 -130.987315447 273.382195843 0.01 0.307 nan 0.18 0 300 24
234 8 -94.6219282473 200.651421444 0.005 0.406 nan 0.103333333333 0 300 24
235 11 -147.038469064 305.484503078 0.005 0.208 nan 0.203333333333 0 300 24
236 12 -180.470415576 372.3483961 0.005 0.109 nan 0.29 0 300 24
237 3 -132.706979572 276.821524094 0.01 0.307 nan 0.17 0 300 24
238 25 -158.162513818 327.732592585 0.005 0.208 nan 0.226666666667 0 300 24
240 3 -96.8612230984 205.130011146 0.01 0.505 0.4 0.11186440678 5 295 24
241 4 -147.039752233 305.487069416 0.005 0.208 nan 0.2 0 300 24
242 7 -78.7443791362 168.896323222 0.005 0.505 nan 0.09 0 300 24
243 13 -115.694196037 242.795957024 0.085 1.0 0.621621621622 0.155893536122 37 263 24
244 28 -152.514912868 316.437390685 0.01 0.208 nan 0.216666666667 0 300 24
245 9 -116.417804601 244.243174152 0.07 0.802 0.526315789474 0.152671755725 38 262 24
247 15 -124.770038136 260.947641222 0.06 0.604 0.454545454545 0.18345323741 22 278 24
248 35 -195.085065426 401.577695802 0.01 0.109 nan 0.35 0 300 24
253 4 -89.6221838281 190.651932605 0.005 0.406 nan 0.106666666667 0 300 24
256 10 -103.759746586 218.927058122 0.005 0.406 nan 0.126666666667 0 300 24
257 24 -113.729217007 238.865998964 0.015 0.406 nan 0.163333333333 0 300 24
258 8 -117.669862349 246.747289647 0.075 0.802 0.588235294118 0.161654135338 34 266 24
259 14 -58.59440233 128.596369609 0.005 0.703 nan 0.07 0 300 24
260 13 -139.098477218 289.604519386 0.015 0.307 nan 0.206666666667 0 300 24
261 7 -182.903252067 377.214069084 0.005 0.109 nan 0.3 0 300 24
262 11 -140.554497998 292.516560945 0.015 0.307 nan 0.193333333333 0 300 24
263 8 -91.7812784873 194.970121924 0.005 0.406 nan 0.113333333333 0 300 24
264 3 -88.9370194931 189.281603935 0.005 0.406 nan 0.106666666667 0 300 24
1519 17 -116.018453978 243.444472906 0.1 1.0 0.538461538462 0.153225806452 52 248 24
1520 4 -113.340625047 238.088815043 0.005 0.307 nan 0.143333333333 0 300 24
1521 17 -130.300802224 272.009169398 0.01 0.307 nan 0.18 0 300 24
1523 14 -142.563758381 296.535081712 0.05 0.406 0.733333333333 0.2 15 285 24
1524 11 -144.742827292 300.893219534 0.03 0.307 0.555555555556 0.20618556701 9 291 24
1525 12 -142.016747203 295.441059355 0.025 0.307 nan 0.216666666667 0 300 24
1526 11 -96.4924724851 204.39250992 0.005 0.406 nan 0.116666666667 0 300 24
1527 15 -139.917863825 291.243292598 0.045 0.406 0.727272727273 0.204152249135 11 289 24
1528 2 -120.195498277 251.798561504 0.005 0.307 nan 0.153333333333 0 300 24
1529 2 -85.9013515585 183.210268066 0.015 0.703 nan 0.12 0 300 24
1530 15 -96.7263963993 204.860357748 0.01 0.505 1.0 0.123745819398 1 299 24
1531 10 -105.083600939 221.574766827 0.01 0.406 nan 0.133333333333 0 300 24
1532 15 -75.8228547574 163.053274464 0.005 0.505 nan 0.0933333333333 0 300 24
1533 22 -92.8806190898 197.168803129 0.005 0.406 nan 0.113333333333 0 300 24
1534 19 -135.003663255 281.41489146 0.08 0.604 0.571428571429 0.198529411765 28 272 24
1535 15 -137.463254088 286.334073125 0.05 0.406 0.5 0.204225352113 16 284 24
1536 5 -117.15880426 245.725173469 0.055 0.703 0.56 0.167272727273 25 275 25
1537 12 -133.163569432 277.734703813 0.005 0.208 nan 0.173333333333 0 300 25
1538 32 -158.205860078 327.819285105 0.055 0.307 0.666666666667 0.243055555556 12 288 25
1539 24 -121.438935533 254.285436015 0.005 0.307 nan 0.156666666667 0 300 25
1540 8 -156.598614153 324.604793256 0.01 0.208 nan 0.223333333333 0 300 25
1541 11 -142.708290476 296.824145901 0.12 0.703 0.595744680851 0.201581027668 47 253 25
1542 7 -140.67042315 292.74841125 0.02 0.307 0.571428571429 0.184300341297 7 293 25
1543 7 -97.9894134442 207.386391838 0.015 0.505 0.5 0.137583892617 2 298 25
1544 13 -122.320134583 256.047834115 0.015 0.406 0.25 0.165540540541 4 296 25
1545 25 -143.499376427 298.406317804 0.005 0.208 nan 0.183333333333 0 300 25
1546 12 -105.2072143 221.82199355 0.005 0.406 nan 0.13 0 300 25
1547 23 -203.050985884 417.509536718 0.165 0.109 0.619047619048 0.403100775194 42 258 25
1549 27 -145.185883777 301.779332503 0.005 0.208 nan 0.203333333333 0 300 25
1550 4 -136.078625896 283.56481674 0.015 0.307 nan 0.193333333333 0 300 25
1553 11 -134.423793567 280.255152084 0.065 0.505 0.352941176471 0.208480565371 17 283 25
140 11 -82.068270048 175.544105045 0.005 0.505 nan 0.1 0 300 25
141 4 -108.814584935 229.03673482 0.015 0.505 nan 0.15 0 300 25
142 10 -85.845260638 183.098086225 0.005 0.406 nan 0.0966666666667 0 300 25
143 21 -175.340124508 362.087813965 0.115 0.307 0.529411764706 0.300751879699 34 266 25
144 16 -72.1097757616 155.627116473 0.005 0.505 nan 0.09 0 300 25
145 10 -114.308924526 240.025414001 0.015 0.406 nan 0.153333333333 0 300 25
146 24 -156.868678775 325.1449225 0.005 0.208 nan 0.223333333333 0 300 25
147 11 -120.463952932 252.335470812 0.065 0.703 0.785714285714 0.185314685315 14 286 25
148 3 -141.063622354 293.534809658 0.045 0.406 0.666666666667 0.213058419244 9 291 25
149 5 -121.489099478 254.385763905 0.04 0.505 0.6 0.18275862069 10 290 25
150 25 -138.27760509 287.96277513 0.01 0.307 nan 0.19 0 300 25
151 21 -144.041825153 299.491215256 0.005 0.208 nan 0.196666666667 0 300 25
152 9 -96.0203831705 203.44833129 0.005 0.406 nan 0.113333333333 0 300 25
153 15 -177.654569485 366.71670392 0.135 0.307 0.625 0.298507462687 32 268 25
154 3 -119.178899252 249.765363454 0.06 0.703 0.72 0.145454545455 25 275 25
155 0 -120.533410099 252.474385146 0.005 0.307 nan 0.156666666667 0 300 25
157 8 -147.766448244 306.940461436 0.005 0.208 nan 0.206666666667 0 300 25
158 9 -71.5258765012 154.459317952 0.005 0.604 nan 0.0866666666667 0 300 25
159 15 -90.2546179345 191.916800818 0.005 0.406 nan 0.11 0 300 25
160 29 -101.266639591 213.940844131 0.005 0.406 nan 0.113333333333 0 300 25
161 4 -70.5025297651 152.412624479 0.005 0.604 0.333333333333 0.0774410774411 3 297 25
162 19 -174.043833353 359.495231654 0.005 0.109 nan 0.266666666667 0 300 25
163 3 -149.343864152 310.095293253 0.005 0.208 nan 0.2 0 300 25
164 2 -126.949314625 265.3061942 0.025 0.406 0.333333333333 0.168384879725 9 291 25
165 12 -138.036994535 287.481554019 0.055 0.505 0.315789473684 0.213523131673 19 281 25
166 1 -100.296391842 212.000348634 0.08 1.0 0.645161290323 0.14126394052 31 269 25
168 37 -116.128863654 243.665292258 0.005 0.307 nan 0.15 0 300 25
170 12 -139.957406851 291.322378651 0.04 0.406 0.571428571429 0.211604095563 7 293 25
171 5 -115.13740128 241.682367509 0.005 0.307 nan 0.143333333333 0 300 25
172 9 -134.733815207 280.875195362 0.03 0.406 0.8 0.196610169492 5 295 25
173 5 -108.190865585 227.789296119 0.015 0.505 1.0 0.137583892617 2 298 25
174 1 -132.275833631 275.959232212 0.01 0.307 nan 0.17 0 300 25
175 12 -105.358040316 222.123645582 0.005 0.406 nan 0.13 0 300 25
176 21 -142.511046216 296.429657382 0.14 0.703 0.583333333333 0.231060606061 36 264 25
177 40 -208.075699428 427.558963806 0.005 0.01 nan 0.49 0 300 25
178 8 -120.685171328 252.777907606 0.015 0.406 1.0 0.160535117057 1 299 25
179 4 -137.401472208 286.210509365 0.07 0.505 0.533333333333 0.192592592593 30 270 25
180 8 -116.212943394 243.833451737 0.065 0.703 0.769230769231 0.18118466899 13 287 25
181 4 -115.202006577 241.811578104 0.1 1.0 0.574468085106 0.150197628458 47 253 25
183 5 -106.608264296 224.624093541 0.01 0.406 nan 0.13 0 300 25
184 3 -149.526264394 310.460093737 0.01 0.208 nan 0.213333333333 0 300 25
185 7 -93.0409390694 197.489443088 0.005 0.406 nan 0.113333333333 0 300 25
186 11 -90.8772899405 193.16214483 0.005 0.406 nan 0.103333333333 0 300 25
187 8 -91.636674809 194.680914567 0.01 0.505 nan 0.12 0 300 25
188 20 -161.404117817 334.215800583 0.01 0.208 nan 0.233333333333 0 300 25
189 3 -124.567679664 260.542924277 0.06 0.604 0.8 0.167857142857 20 280 25
190 32 -186.415994549 384.239554047 0.005 0.109 nan 0.316666666667 0 300 25
192 7 -135.715183064 282.837931077 0.04 0.406 0.5 0.216216216216 4 296 25
193 2 -147.896002248 307.199569445 0.02 0.307 nan 0.213333333333 0 300 25
194 9 -58.259833465 127.927231879 0.005 0.802 nan 0.0733333333333 0 300 25
195 9 -140.088014371 291.583593691 0.01 0.307 1.0 0.190635451505 1 299 25
196 0 -114.224809334 239.857183617 0.03 0.604 0.714285714286 0.156996587031 7 293 25
197 23 -184.100902963 379.609370875 0.005 0.109 nan 0.303333333333 0 300 25
198 8 -82.9269610688 177.261487087 0.005 0.604 0.142857142857 0.0853242320819 7 293 25
199 11 -107.755620709 226.918806367 0.02 0.505 nan 0.16 0 300 25
200 22 -116.737865498 244.883295945 0.005 0.307 nan 0.146666666667 0 300 25
202 17 -157.442654006 326.292872962 0.09 0.406 0.384615384615 0.259124087591 26 274 25
203 7 -121.176961973 253.761488896 0.015 0.406 0.333333333333 0.158249158249 3 297 25
204 22 -125.654494935 262.71655482 0.005 0.307 nan 0.156666666667 0 300 25
206 32 -104.325784736 220.059134421 0.005 0.406 nan 0.126666666667 0 300 25
207 6 -76.8797366007 165.167038151 0.005 0.505 nan 0.0966666666667 0 300 25
208 34 -140.443845634 292.295256217 0.005 0.208 nan 0.193333333333 0 300 25
212 1 -100.857236534 213.122038017 0.03 0.703 0.714285714286 0.143344709898 7 293 25
213 18 -207.878401116 427.164367181 0.205 0.01 0.421052631579 0.507633587786 38 262 25
215 8 -106.656798295 224.72116154 0.005 0.406 0.5 0.120805369128 2 298 25
216 1 -89.2811739555 189.96991286 0.005 0.406 nan 0.11 0 300 25
217 16 -144.467786266 300.343137481 0.005 0.208 nan 0.193333333333 0 300 25
218 3 -127.248179999 265.903924947 0.025 0.406 1.0 0.180602006689 1 299 25
220 26 -79.8889238801 171.185412709 0.005 0.505 nan 0.0866666666667 0 300 25
221 3 -108.870083893 229.147732735 0.075 1.0 0.53488372093 0.140077821012 43 257 25
223 15 -97.4533233623 206.314211674 0.005 0.406 nan 0.116666666667 0 300 25
225 4 -130.144317966 271.69620088 0.015 0.307 nan 0.186666666667 0 300 25
226 22 -138.183165391 287.773895731 0.015 0.307 nan 0.196666666667 0 300 25
227 39 -153.531572758 318.470710466 0.005 0.208 nan 0.216666666667 0 300 25
228 12 -118.244217985 247.896000919 0.005 0.307 nan 0.143333333333 0 300 25
229 16 -119.543655781 250.494876511 0.005 0.307 nan 0.153333333333 0 300 25
230 8 -72.5261474871 156.459859923 0.005 0.604 nan 0.0766666666667 0 300 25
231 40 -146.140914765 303.68939448 0.005 0.208 nan 0.196666666667 0 300 25
232 7 -130.805498715 273.018562379 0.015 0.307 nan 0.186666666667 0 300 25
234 8 -88.5445864118 188.496737773 0.01 0.505 nan 0.113333333333 0 300 25
235 11 -150.295758895 311.999082739 0.005 0.208 nan 0.213333333333 0 300 25
236 12 -170.11936937 351.646303689 0.03 0.208 0.5 0.275167785235 2 298 25
237 3 -157.123280947 325.654126843 0.01 0.208 nan 0.22 0 300 25
238 25 -150.964644129 313.336853207 0.005 0.208 nan 0.206666666667 0 300 25
240 3 -101.064760556 213.537086062 0.005 0.406 nan 0.12 0 300 25
241 4 -137.237058271 285.881681491 0.005 0.208 nan 0.18 0 300 25
242 7 -70.0970593134 151.601683576 0.005 0.604 nan 0.0733333333333 0 300 25
243 13 -120.599135015 252.605834979 0.075 0.703 0.620689655172 0.177121771218 29 271 25
244 28 -159.058634376 329.524833702 0.01 0.208 nan 0.236666666667 0 300 25
245 9 -116.322784838 244.053134626 0.11 1.0 0.581818181818 0.142857142857 55 245 25
247 15 -113.494384043 238.396333035 0.065 0.802 0.666666666667 0.15770609319 21 279 25
248 35 -193.630694827 398.668954603 0.005 0.109 nan 0.336666666667 0 300 25
253 4 -103.076563444 217.560691836 0.005 0.406 nan 0.126666666667 0 300 25
256 10 -118.952334563 249.312234075 0.005 0.307 nan 0.15 0 300 25
257 24 -120.390087372 252.187739694 0.02 0.406 0.0 0.170568561873 1 299 25
258 8 -134.279494957 279.966554862 0.085 0.604 0.633333333333 0.192592592593 30 270 25
259 14 -57.6017229487 126.611010847 0.005 0.703 nan 0.06 0 300 25
260 13 -136.967406991 285.342378931 0.03 0.406 0.363636363636 0.19723183391 11 289 25
261 7 -184.268491615 379.94454818 0.005 0.109 nan 0.306666666667 0 300 25
262 11 -132.606134203 276.619833355 0.015 0.307 0.666666666667 0.175084175084 3 297 25
263 8 -103.49392439 218.395413729 0.005 0.406 nan 0.126666666667 0 300 25
264 3 -89.9517363693 191.311037688 0.005 0.406 nan 0.0966666666667 0 300 25
1519 17 -118.786733639 248.981032227 0.085 0.802 0.566666666667 0.177777777778 30 270 25
1520 4 -114.230761501 239.869087951 0.005 0.307 nan 0.143333333333 0 300 25
1521 17 -130.074887968 271.557340885 0.02 0.406 0.666666666667 0.185185185185 3 297 25
1523 14 -141.681456713 294.770478376 0.02 0.307 0.5 0.208053691275 2 298 25
1524 11 -144.307266952 300.022098853 0.005 0.208 nan 0.2 0 300 25
1525 12 -141.855582218 295.118729386 0.02 0.307 nan 0.213333333333 0 300 25
1526 11 -121.801765398 255.011095746 0.005 0.307 nan 0.153333333333 0 300 25
1527 15 -130.049237892 271.506040733 0.025 0.406 0.666666666667 0.195286195286 3 297 25
1528 2 -120.594252557 252.596070063 0.005 0.307 nan 0.15 0 300 25
1529 2 -98.0804508028 207.568466555 0.005 0.406 0.333333333333 0.104377104377 3 297 25
1530 15 -100.06475248 211.537069908 0.005 0.406 nan 0.123333333333 0 300 25
1531 10 -109.729289762 230.866144473 0.01 0.406 nan 0.143333333333 0 300 25
1532 15 -74.3067784144 160.021121778 0.005 0.604 nan 0.09 0 300 25
1533 22 -85.8396262803 183.08681751 0.005 0.406 nan 0.106666666667 0 300 25
1534 19 -140.949984211 293.307533371 0.14 0.703 0.568181818182 0.2109375 44 256 25
1535 15 -121.708840288 254.825245526 0.04 0.505 0.5 0.171328671329 14 286 25
1536 5 -117.935260849 247.278086648 0.025 0.505 nan 0.18 0 300 26
1537 12 -146.528261778 304.464088505 0.005 0.208 nan 0.203333333333 0 300 26
1538 32 -151.074560954 313.556686858 0.035 0.307 1.0 0.240802675585 1 299 26
1539 24 -127.254491497 265.916547944 0.005 0.307 nan 0.153333333333 0 300 26
1540 8 -151.398652095 314.20486914 0.01 0.208 nan 0.22 0 300 26
1541 11 -122.475889954 256.359344858 0.12 1.0 0.581818181818 0.155102040816 55 245 26
1542 7 -132.557825652 276.523216254 0.03 0.406 0.416666666667 0.184027777778 12 288 26
1543 7 -96.5706363518 204.548837653 0.015 0.604 1.0 0.133779264214 1 299 26
1544 13 -110.298675991 232.004916932 0.005 0.307 nan 0.133333333333 0 300 26
1545 25 -140.883144554 293.173854057 0.005 0.208 nan 0.19 0 300 26
1546 12 -125.993190791 263.39394653 0.015 0.406 0.428571428571 0.160409556314 7 293 26
1547 23 -206.101578946 423.610722841 0.205 0.109 0.5 0.46992481203 34 266 26
1549 27 -134.014220052 279.436005053 0.01 0.307 nan 0.183333333333 0 300 26
1550 4 -134.215149992 279.837864934 0.015 0.307 nan 0.19 0 300 26
1553 11 -125.974354691 263.356274332 0.07 0.703 0.451612903226 0.185873605948 31 269 26
140 11 -76.232047738 163.871660425 0.005 0.505 nan 0.0933333333333 0 300 26
141 4 -111.80554074 235.018646428 0.015 0.406 nan 0.156666666667 0 300 26
142 10 -94.6297370381 200.667039026 0.005 0.406 nan 0.106666666667 0 300 26
143 21 -169.44377377 350.295112489 0.14 0.406 0.645161290323 0.275092936803 31 269 26
144 16 -78.5473001682 168.502165286 0.005 0.505 nan 0.0966666666667 0 300 26
145 10 -105.698270142 222.804105232 0.005 0.307 nan 0.13 0 300 26
146 24 -144.358796613 300.125158175 0.005 0.208 nan 0.193333333333 0 300 26
147 11 -124.394152598 260.195870146 0.105 0.802 0.6 0.184615384615 40 260 26
148 3 -141.68878083 294.785126609 0.075 0.505 0.59375 0.194029850746 32 268 26
149 5 -109.590189851 230.587944651 0.05 0.703 0.47619047619 0.15770609319 21 279 26
150 25 -150.373806092 312.155177134 0.005 0.208 nan 0.203333333333 0 300 26
151 21 -145.747837755 302.90324046 0.005 0.208 nan 0.196666666667 0 300 26
152 9 -92.3056423835 196.018849716 0.005 0.406 nan 0.11 0 300 26
153 15 -159.758773303 330.925111555 0.155 0.505 0.6 0.260377358491 35 265 26
154 3 -127.074186946 265.555938841 0.025 0.406 1.0 0.181208053691 2 298 26
155 0 -103.475981892 218.359528734 0.005 0.406 nan 0.123333333333 0 300 26
157 8 -154.166307142 319.740179233 0.01 0.208 nan 0.223333333333 0 300 26
158 9 -81.714622967 174.836810883 0.005 0.505 nan 0.0966666666667 0 300 26
159 15 -84.8222434792 181.052051908 0.005 0.505 nan 0.1 0 300 26
160 29 -83.0724293357 177.552423621 0.005 0.406 nan 0.0966666666667 0 300 26
161 4 -79.4206642374 170.248893424 0.005 0.505 nan 0.0966666666667 0 300 26
162 19 -175.869958097 363.147481144 0.005 0.109 nan 0.273333333333 0 300 26
163 3 -154.882573643 321.172712236 0.005 0.208 nan 0.21 0 300 26
164 2 -127.160801516 265.729167981 0.025 0.406 1.0 0.181208053691 2 298 26
165 12 -150.503325051 312.414215051 0.055 0.406 0.4 0.218181818182 25 275 26
166 1 -101.085653531 213.578872011 0.08 1.0 0.567567567568 0.140684410646 37 263 26
168 37 -108.747447303 228.902459556 0.005 0.307 nan 0.126666666667 0 300 26
170 12 -139.697846742 290.803258433 0.05 0.406 0.5 0.203571428571 20 280 26
171 5 -126.478850341 264.365265631 0.01 0.307 nan 0.163333333333 0 300 26
172 9 -140.626875474 292.661315897 0.005 0.208 nan 0.193333333333 0 300 26
173 5 -102.240976871 215.889518691 0.02 0.604 0.6 0.135593220339 5 295 26
174 1 -132.961849745 277.331264439 0.01 0.307 nan 0.18 0 300 26
175 12 -94.691375135 200.790315219 0.005 0.406 nan 0.11 0 300 26
176 21 -143.912958799 299.233482547 0.125 0.604 0.642857142857 0.205426356589 42 258 26
177 40 -205.976153967 423.359872884 0.205 0.109 0.627906976744 0.428015564202 43 257 26
178 8 -124.874383922 261.156332792 0.02 0.406 1.0 0.177257525084 1 299 26
179 4 -127.989581518 267.386727985 0.115 0.802 0.666666666667 0.164705882353 45 255 26
180 8 -115.1321398 241.671844549 0.085 1.0 0.53488372093 0.143968871595 43 257 26
181 4 -127.949441099 267.306447148 0.115 0.802 0.612244897959 0.175298804781 49 251 26
183 5 -118.193916389 247.795397728 0.005 0.307 nan 0.143333333333 0 300 26
184 3 -158.904929194 329.217423338 0.015 0.208 nan 0.236666666667 0 300 26
185 7 -88.0789230889 187.565411127 0.01 0.604 nan 0.106666666667 0 300 26
186 11 -92.4867126785 196.380990306 0.005 0.406 nan 0.11 0 300 26
187 8 -109.968474673 231.344514295 0.025 0.505 0.384615384615 0.142857142857 13 287 26
188 20 -155.404623211 322.21681137 0.01 0.208 nan 0.226666666667 0 300 26
189 3 -129.243254408 269.894073765 0.08 0.703 0.441860465116 0.182879377432 43 257 26
190 32 -185.586110771 382.579786492 0.01 0.109 nan 0.32 0 300 26
192 7 -140.40239526 292.212355469 0.015 0.307 nan 0.196666666667 0 300 26
193 2 -142.157819158 295.723203264 0.015 0.307 1.0 0.19397993311 1 299 26
194 9 -74.2665254855 159.94061592 0.005 0.604 nan 0.09 0 300 26
195 9 -155.433735757 322.275036463 0.005 0.208 nan 0.216666666667 0 300 26
196 0 -127.035306467 265.478177883 0.04 0.505 0.571428571429 0.174825174825 14 286 26
197 23 -193.930996834 399.269558616 0.02 0.109 nan 0.36 0 300 26
198 8 -65.7202419718 142.848048893 0.005 0.703 nan 0.08 0 300 26
199 11 -120.646755099 252.701075148 0.02 0.406 nan 0.173333333333 0 300 26
200 22 -104.005550404 219.418665757 0.005 0.406 nan 0.12 0 300 26
202 17 -148.589472252 308.586509453 0.105 0.505 0.512820512821 0.229885057471 39 261 26
203 7 -110.647342046 232.702249041 0.005 0.307 nan 0.136666666667 0 300 26
204 22 -109.208406556 229.824378061 0.005 0.307 nan 0.133333333333 0 300 26
206 32 -111.584157273 234.575879495 0.005 0.307 nan 0.13 0 300 26
207 6 -74.9644243225 161.336413594 0.005 0.505 nan 0.08 0 300 26
208 34 -147.617567835 306.64270062 0.005 0.208 nan 0.203333333333 0 300 26
212 1 -103.130142696 217.667850342 0.03 0.604 0.461538461538 0.146341463415 13 287 26
213 18 -207.65959356 426.726752069 0.125 0.01 0.5 0.485714285714 20 280 26
215 8 -102.091257877 215.590080703 0.005 0.406 nan 0.116666666667 0 300 26
216 1 -93.9584209418 199.324406833 0.005 0.406 nan 0.113333333333 0 300 26
217 16 -140.877844911 293.163254772 0.005 0.208 nan 0.19 0 300 26
218 3 -130.726144955 272.859854859 0.015 0.307 1.0 0.174496644295 2 298 26
220 26 -77.4298513068 166.267267563 0.005 0.505 nan 0.0966666666667 0 300 26
221 3 -112.07635113 235.560267209 0.065 0.802 0.684210526316 0.160142348754 19 281 26
223 15 -103.16352306 217.734611069 0.005 0.406 nan 0.126666666667 0 300 26
225 4 -118.742671674 248.892908298 0.035 0.505 0.5 0.179310344828 10 290 26
226 22 -138.826295016 289.060154982 0.015 0.307 1.0 0.190635451505 1 299 26
227 39 -144.646508085 300.70058112 0.01 0.208 nan 0.21 0 300 26
228 12 -122.393434612 256.194434173 0.005 0.307 nan 0.153333333333 0 300 26
229 16 -111.695954285 234.79947352 0.005 0.307 nan 0.136666666667 0 300 26
230 8 -58.8734394264 129.154443802 0.005 0.802 nan 0.0766666666667 0 300 26
231 40 -140.307192304 292.021949557 0.005 0.208 nan 0.19 0 300 26
232 7 -113.852129802 239.111824553 0.025 0.505 0.6 0.15593220339 5 295 26
234 8 -99.4251725593 210.257910068 0.005 0.406 nan 0.113333333333 0 300 26
235 11 -151.204495201 313.816555352 0.005 0.208 nan 0.213333333333 0 300 26
236 12 -189.714276411 390.836117772 0.015 0.109 nan 0.34 0 300 26
237 3 -151.436552528 314.280670005 0.01 0.208 nan 0.213333333333 0 300 26
238 25 -147.896127118 307.199819185 0.025 0.307 0.4 0.210169491525 5 295 26
240 3 -99.6637553419 210.735075633 0.005 0.406 nan 0.106666666667 0 300 26
241 4 -130.971562577 273.350690103 0.005 0.307 nan 0.17 0 300 26
242 7 -81.2210679253 173.8497008 0.005 0.505 nan 0.0933333333333 0 300 26
243 13 -112.005647436 235.418859821 0.09 1.0 0.6875 0.160447761194 32 268 26
244 28 -161.92139803 335.25036101 0.01 0.208 nan 0.246666666667 0 300 26
245 9 -111.871540268 235.150645485 0.095 1.0 0.6 0.181818181818 25 275 26
247 15 -121.980168171 255.367901291 0.045 0.505 0.444444444444 0.19587628866 9 291 26
248 35 -183.60818055 378.62392605 0.06 0.208 0.875 0.315068493151 8 292 26
253 4 -79.0726074273 169.552779804 0.01 0.703 nan 0.1 0 300 26
256 10 -114.039633846 239.486832642 0.01 0.406 nan 0.146666666667 0 300 26
257 24 -109.8331407 231.073846349 0.01 0.406 nan 0.146666666667 0 300 26
258 8 -124.094583236 259.596731422 0.11 0.901 0.530612244898 0.179282868526 49 251 26
259 14 -55.1442675624 121.696100074 0.005 0.802 nan 0.07 0 300 26
260 13 -144.504393443 300.416351836 0.03 0.307 1.0 0.209459459459 4 296 26
261 7 -180.763318481 372.934201912 0.055 0.208 0.6 0.303448275862 10 290 26
262 11 -118.55040733 248.508379609 0.015 0.406 nan 0.163333333333 0 300 26
263 8 -91.6852153314 194.777995612 0.005 0.406 nan 0.11 0 300 26
264 3 -96.2406238925 203.888812734 0.005 0.406 nan 0.116666666667 0 300 26
1519 17 -112.912482224 237.232529397 0.07 0.802 0.592592592593 0.161172161172 27 273 26
1520 4 -117.062782527 245.533130004 0.005 0.307 nan 0.143333333333 0 300 26
1521 17 -130.985275634 273.378116218 0.01 0.307 nan 0.183333333333 0 300 26
1523 14 -132.158971617 275.725508184 0.035 0.406 0.714285714286 0.18771331058 7 293 26
1524 11 -148.501797953 308.411160855 0.02 0.307 nan 0.22 0 300 26
1525 12 -135.140790355 281.68914566 0.035 0.406 1.0 0.207357859532 1 299 26
1526 11 -122.214027722 255.835620393 0.005 0.307 nan 0.15 0 300 26
1527 15 -141.31375745 294.035079849 0.02 0.307 0.285714285714 0.19795221843 7 293 26
1528 2 -118.511634971 248.430834892 0.005 0.307 nan 0.15 0 300 26
1529 2 -96.7944954593 204.996555868 0.01 0.505 nan 0.12 0 300 26
1530 15 -93.3433070191 198.094178987 0.005 0.406 nan 0.113333333333 0 300 26
1531 10 -105.211517147 221.830599244 0.01 0.406 nan 0.133333333333 0 300 26
1532 15 -77.7798033366 166.967171623 0.01 0.703 nan 0.103333333333 0 300 26
1533 22 -83.0509248861 177.509414722 0.01 0.703 0.5 0.10067114094 2 298 26
1534 19 -142.700387423 296.808339795 0.09 0.505 0.684210526316 0.227758007117 19 281 26
1535 15 -134.858964948 281.125494845 0.055 0.505 0.448275862069 0.184501845018 29 271 26
