1536 5 -124.258284176 259.924133302 0.055 0.604 0.625 0.166666666667 24 276 71
1537 12 -136.324373079 284.056311107 0.01 0.307 nan 0.186666666667 0 300 71
1538 32 -144.237284416 299.882133782 0.055 0.406 0.333333333333 0.223404255319 18 282 71
1539 24 -120.883545803 253.174656555 0.005 0.307 nan 0.156666666667 0 300 71
1540 8 -143.377891832 298.163348613 0.005 0.208 nan 0.19 0 300 71
1541 11 -129.216304975 269.840174899 0.135 0.901 0.627906976744 0.194552529183 43 257 71
1542 7 -125.795070581 262.997706111 0.03 0.505 0.714285714286 0.17747440273 7 293 71
1543 7 -112.192810202 235.793185354 0.01 0.406 nan 0.14 0 300 71
1544 13 -119.31764862 250.042862189 0.005 0.307 nan 0.143333333333 0 300 71
1545 25 -151.442048652 314.291662254 0.01 0.208 nan 0.223333333333 0 300 71
1546 12 -114.213221934 239.834008817 0.005 0.307 nan 0.146666666667 0 300 71
1547 23 -203.535242372 418.478049693 0.155 0.109 0.5 0.407407407407 30 270 71
1549 27 -140.170693771 291.748952492 0.005 0.208 nan 0.193333333333 0 300 71
1550 4 -142.196188095 295.799941138 0.02 0.307 0.5 0.204697986577 2 298 71
1553 11 -123.135069795 257.67770454 0.06 0.604 0.6875 0.183098591549 16 284 71
140 11 -89.0327990158 189.473162981 0.005 0.406 nan 0.103333333333 0 300 71
141 4 -125.435642172 262.278849294 0.025 0.406 0.5 0.170068027211 6 294 71
142 10 -100.623937558 212.655440065 0.005 0.406 0.5 0.114093959732 2 298 71
143 21 -162.596326148 336.600217245 0.2 0.604 0.571428571429 0.253164556962 63 237 71
144 16 -77.1081049228 165.623774795 0.005 0.604 nan 0.0833333333333 0 300 71
145 10 -122.200230452 255.808025852 0.005 0.307 nan 0.153333333333 0 300 71
146 24 -144.985967871 301.379500692 0.005 0.208 nan 0.2 0 300 71
147 11 -115.185912453 241.779389854 0.1 1.0 0.634146341463 0.15444015444 41 259 71
148 3 -127.669572113 266.746709176 0.075 0.604 0.612903225806 0.174721189591 31 269 71
149 5 -120.616046045 252.639657039 0.035 0.505 1.0 0.187919463087 2 298 71
150 25 -137.850059334 287.107683618 0.005 0.208 nan 0.186666666667 0 300 71
151 21 -146.125737632 303.659040214 0.005 0.208 nan 0.2 0 300 71
152 9 -91.7950059174 194.997576784 0.005 0.406 nan 0.11 0 300 71
153 15 -178.040387293 367.488339536 0.205 0.406 0.574074074074 0.30487804878 54 246 71
154 3 -113.168999094 237.745563138 0.04 0.604 0.538461538462 0.160278745645 13 287 71
155 0 -112.705143184 236.817851318 0.005 0.307 nan 0.13 0 300 71
157 8 -146.081336998 303.570238945 0.015 0.307 nan 0.21 0 300 71
158 9 -71.9157884409 155.239141831 0.005 0.604 nan 0.0833333333333 0 300 71
159 15 -81.9166264431 175.240817836 0.005 0.505 nan 0.0966666666667 0 300 71
160 29 -87.6411432064 186.689851362 0.005 0.406 nan 0.106666666667 0 300 71
161 4 -66.4178277951 144.243220539 0.005 0.604 nan 0.0833333333333 0 300 71
162 19 -181.327961101 374.063487151 0.005 0.109 nan 0.296666666667 0 300 71
163 3 -160.332334201 332.07223335 0.01 0.208 nan 0.233333333333 0 300 71
164 2 -117.852035347 247.111635642 0.02 0.406 nan 0.17 0 300 71
165 12 -134.593855652 280.595276253 0.065 0.505 0.8 0.206896551724 10 290 71
166 1 -113.726300622 238.860166193 0.07 0.802 0.708333333333 0.163043478261 24 276 71
168 37 -108.198462777 227.804490503 0.005 0.307 nan 0.126666666667 0 300 71
170 12 -135.579165692 282.565896334 0.04 0.406 0.266666666667 0.2 15 285 71
171 5 -118.427426826 248.262418602 0.005 0.307 nan 0.153333333333 0 300 71
172 9 -142.018697428 295.444959806 0.045 0.406 0.461538461538 0.205574912892 13 287 71
173 5 -108.449399842 228.306364634 0.01 0.406 nan 0.143333333333 0 300 71
174 1 -137.453916908 286.315398766 0.005 0.208 nan 0.176666666667 0 300 71
175 12 -100.758987889 212.925540728 0.005 0.406 nan 0.116666666667 0 300 71
176 21 -132.192431335 275.792427619 0.125 0.802 0.5625 0.190476190476 48 252 71
177 40 -208.053190359 427.513945667 0.205 0.01 0.545454545455 0.516853932584 33 267 71
178 8 -123.27108195 257.949728848 0.03 0.505 0.428571428571 0.164335664336 14 286 71
179 4 -132.789289456 276.98614386 0.13 0.802 0.531914893617 0.189723320158 47 253 71
180 8 -124.571742812 260.551050574 0.075 0.703 0.571428571429 0.162264150943 35 265 71
181 4 -117.125465557 245.658496064 0.13 1.0 0.674418604651 0.163424124514 43 257 71
183 5 -116.918199615 245.24396418 0.01 0.406 1.0 0.151006711409 2 298 71
184 3 -159.007552536 329.422670021 0.01 0.208 nan 0.236666666667 0 300 71
185 7 -92.2268404857 195.861245921 0.005 0.406 nan 0.106666666667 0 300 71
186 11 -87.8808506923 187.169266334 0.005 0.406 nan 0.106666666667 0 300 71
187 8 -118.080902176 247.569369301 0.01 0.406 nan 0.156666666667 0 300 71
188 20 -158.143434582 327.694434112 0.005 0.208 nan 0.226666666667 0 300 71
189 3 -119.188372276 249.784309501 0.08 0.802 0.518518518519 0.179487179487 27 273 71
190 32 -179.060915657 369.529396263 0.005 0.109 nan 0.293333333333 0 300 71
192 7 -135.144027599 281.695620147 0.02 0.307 nan 0.2 0 300 71
193 2 -131.068603829 273.544772608 0.025 0.406 0.5 0.185810810811 4 296 71
194 9 -57.2698319347 125.947228819 0.005 0.802 nan 0.0666666666667 0 300 71
195 9 -162.986479926 337.380524801 0.015 0.208 1.0 0.240802675585 1 299 71
196 0 -105.447553462 222.302671874 0.02 0.505 nan 0.16 0 300 71
197 23 -198.670287519 408.748139987 0.015 0.109 nan 0.363333333333 0 300 71
198 8 -63.1025428921 137.612650734 0.005 0.604 nan 0.08 0 300 71
199 11 -118.833928371 249.07542169 0.03 0.505 0.714285714286 0.170648464164 7 293 71
200 22 -105.960342701 223.328250352 0.01 0.406 nan 0.136666666667 0 300 71
202 17 -138.016350769 287.440266487 0.1 0.604 0.526315789474 0.206106870229 38 262 71
203 7 -116.974870617 245.357306183 0.005 0.307 nan 0.15 0 300 71
204 22 -104.073582478 219.554729905 0.005 0.307 nan 0.13 0 300 71
206 32 -127.192795981 265.793156912 0.005 0.307 nan 0.163333333333 0 300 71
207 6 -73.6547367505 158.71703845 0.01 0.802 0.5 0.0906040268456 2 298 71
208 34 -165.804328919 343.016222788 0.005 0.208 nan 0.236666666667 0 300 71
212 1 -107.495184792 226.397934534 0.03 0.604 0.428571428571 0.160409556314 7 293 71
213 18 -208.077408797 427.562382544 0.205 0.01 0.473684210526 0.519083969466 38 262 71
215 8 -87.4924686083 186.392502166 0.005 0.406 nan 0.0933333333333 0 300 71
216 1 -79.7243933818 170.856351713 0.005 0.505 nan 0.0966666666667 0 300 71
217 16 -151.878831039 315.165227028 0.005 0.208 nan 0.213333333333 0 300 71
218 3 -124.880629956 261.168824861 0.025 0.406 0.5 0.173469387755 6 294 71
220 26 -84.317359157 180.042283263 0.005 0.505 nan 0.0966666666667 0 300 71
221 3 -116.28980322 243.98717139 0.065 0.802 0.681818181818 0.158273381295 22 278 71
223 15 -80.3915359693 172.190636888 0.005 0.505 nan 0.09 0 300 71
225 4 -120.46206688 252.331698709 0.04 0.505 0.833333333333 0.173469387755 6 294 71
226 22 -135.724664389 282.856893727 0.015 0.307 0.5 0.177852348993 2 298 71
227 39 -166.683204061 344.77397307 0.015 0.208 0.5 0.251677852349 2 298 71
228 12 -135.169636063 281.746837075 0.01 0.307 nan 0.183333333333 0 300 71
229 16 -109.367392555 230.142350058 0.005 0.307 nan 0.133333333333 0 300 71
230 8 -58.3349178443 128.077400638 0.005 0.901 nan 0.0666666666667 0 300 71
231 40 -147.42314809 306.25386113 0.005 0.208 nan 0.196666666667 0 300 71
232 7 -113.34737609 238.10231713 0.02 0.505 0.666666666667 0.151515151515 3 297 71
234 8 -97.038378187 205.484321323 0.005 0.406 nan 0.11 0 300 71
235 11 -144.661578518 300.730721985 0.005 0.208 nan 0.193333333333 0 300 71
236 12 -174.665755385 360.739075719 0.005 0.109 nan 0.266666666667 0 300 71
237 3 -145.646212874 302.699990697 0.005 0.208 nan 0.193333333333 0 300 71
238 25 -142.523278193 296.454121336 0.005 0.208 nan 0.19 0 300 71
240 3 -97.8575409714 207.122646892 0.005 0.406 nan 0.12 0 300 71
241 4 -144.518137228 300.443839405 0.005 0.208 nan 0.196666666667 0 300 71
242 7 -75.4064216305 162.22040821 0.005 0.505 nan 0.09 0 300 71
243 13 -110.074417071 231.556399092 0.095 1.0 0.636363636364 0.179856115108 22 278 71
244 28 -160.905605027 333.218775004 0.015 0.208 1.0 0.23745819398 1 299 71
245 9 -127.974867514 267.357299978 0.065 0.604 0.6 0.19298245614 15 285 71
247 15 -128.767725544 268.943016037 0.035 0.505 0.571428571429 0.18771331058 7 293 71
248 35 -185.913760251 383.235085452 0.005 0.109 nan 0.31 0 300 71
253 4 -88.9019726819 189.211510313 0.005 0.406 nan 0.103333333333 0 300 71
256 10 -125.147085891 261.701736731 0.005 0.307 nan 0.153333333333 0 300 71
257 24 -104.141191108 219.689947165 0.02 0.505 0.333333333333 0.142857142857 6 294 71
258 8 -120.750773333 252.909111615 0.09 0.802 0.64 0.185454545455 25 275 71
259 14 -54.203961351 119.815487651 0.005 0.901 nan 0.07 0 300 71
260 13 -122.617676115 256.64291718 0.05 0.604 0.466666666667 0.19649122807 15 285 71
261 7 -183.457845648 378.323256245 0.005 0.109 nan 0.306666666667 0 300 71
262 11 -138.33293486 288.07343467 0.015 0.307 nan 0.193333333333 0 300 71
263 8 -92.6409889214 196.689542792 0.005 0.406 nan 0.1 0 300 71
264 3 -101.242474202 213.892513353 0.005 0.406 nan 0.12 0 300 71
1519 17 -117.454000751 246.315566452 0.075 0.802 0.628571428571 0.147169811321 35 265 71
1520 4 -119.003842212 249.415249374 0.005 0.307 nan 0.15 0 300 71
1521 17 -135.105056737 281.617678422 0.01 0.307 nan 0.183333333333 0 300 71
1523 14 -134.757830902 280.923226754 0.035 0.406 1.0 0.210702341137 1 299 71
1524 11 -144.070488962 299.548542874 0.02 0.307 0.5 0.208053691275 2 298 71
1525 12 -138.147552756 287.70267046 0.02 0.307 nan 0.206666666667 0 300 71
1526 11 -103.410250478 218.228065906 0.005 0.406 nan 0.13 0 300 71
1527 15 -139.747456117 290.902477183 0.02 0.307 1.0 0.197324414716 1 299 71
1528 2 -115.942075794 243.291716537 0.005 0.307 nan 0.15 0 300 71
1529 2 -102.454953581 216.317472111 0.005 0.406 nan 0.126666666667 0 300 71
1530 15 -90.0151434436 191.437851836 0.005 0.406 nan 0.11 0 300 71
1531 10 -115.636881743 242.681328435 0.01 0.406 nan 0.15 0 300 71
1532 15 -93.9170543307 199.241673611 0.005 0.406 nan 0.11 0 300 71
1533 22 -91.1989195267 193.805404003 0.01 0.505 nan 0.123333333333 0 300 71
1534 19 -153.493235184 318.394035317 0.08 0.406 0.4 0.244444444444 30 270 71
1535 15 -139.536043175 290.4796513 0.04 0.406 0.416666666667 0.204861111111 12 288 71
1536 5 -122.013991914 255.435548778 0.035 0.505 0.571428571429 0.184300341297 7 293 72
1537 12 -147.334349113 306.076263175 0.005 0.208 nan 0.203333333333 0 300 72
1538 32 -148.371611515 308.15078798 0.03 0.307 1.0 0.224080267559 1 299 72
1539 24 -116.278127983 243.963820915 0.005 0.307 nan 0.143333333333 0 300 72
1540 8 -133.782734351 278.973033652 0.015 0.307 nan 0.183333333333 0 300 72
1541 11 -126.997659265 265.40288348 0.15 1.0 0.659574468085 0.177865612648 47 253 72
1542 7 -143.270548691 297.948662331 0.02 0.307 1.0 0.200668896321 1 299 72
1543 7 -83.9260847998 179.259734549 0.025 0.802 0.5 0.128378378378 4 296 72
1544 13 -121.949195668 255.305956285 0.005 0.307 nan 0.146666666667 0 300 72
1545 25 -139.004595744 289.416756437 0.005 0.208 nan 0.19 0 300 72
1546 12 -105.856835814 223.121236577 0.005 0.307 nan 0.126666666667 0 300 72
1547 23 -207.370442293 426.148449536 0.005 0.01 nan 0.47 0 300 72
1549 27 -154.005054382 319.417673713 0.005 0.208 nan 0.216666666667 0 300 72
1550 4 -146.591972053 304.591509056 0.025 0.307 1.0 0.214046822742 1 299 72
1553 11 -129.136700706 269.680966362 0.07 0.604 0.631578947368 0.199288256228 19 281 72
140 11 -74.9170795076 161.241723965 0.005 0.604 nan 0.0833333333333 0 300 72
141 4 -114.201571711 239.810708372 0.015 0.406 1.0 0.153846153846 1 299 72
142 10 -88.4781451433 188.363855236 0.005 0.505 nan 0.11 0 300 72
143 21 -171.909749482 355.227063913 0.155 0.406 0.689655172414 0.291512915129 29 271 72
144 16 -79.6055005678 170.618566085 0.005 0.505 nan 0.0966666666667 0 300 72
145 10 -115.101862176 241.611289301 0.005 0.307 nan 0.143333333333 0 300 72
146 24 -146.140203828 303.687972605 0.005 0.208 nan 0.2 0 300 72
147 11 -126.182257135 263.772079219 0.06 0.604 0.619047619048 0.175627240143 21 279 72
148 3 -142.251589348 295.910743646 0.045 0.406 0.666666666667 0.21768707483 6 294 72
149 5 -118.050765342 247.509095634 0.04 0.604 0.636363636364 0.173010380623 11 289 72
150 25 -149.252621011 309.912806972 0.005 0.208 nan 0.21 0 300 72
151 21 -136.412450381 284.232465711 0.005 0.208 nan 0.173333333333 0 300 72
152 9 -81.874812151 175.157189251 0.01 0.604 nan 0.103333333333 0 300 72
153 15 -170.967280476 353.342125901 0.145 0.406 0.594594594595 0.273764258555 37 263 72
154 3 -104.939652296 221.286869542 0.065 1.0 0.64 0.141818181818 25 275 72
155 0 -110.193858185 231.79528132 0.005 0.307 nan 0.136666666667 0 300 72
157 8 -135.865598282 283.138761514 0.015 0.307 nan 0.186666666667 0 300 72
158 9 -86.9162349006 185.240034751 0.005 0.505 nan 0.1 0 300 72
159 15 -82.4992053362 176.405975622 0.005 0.505 nan 0.103333333333 0 300 72
160 29 -94.0537927671 199.515150483 0.005 0.406 nan 0.11 0 300 72
161 4 -85.7000329588 182.807630867 0.005 0.406 nan 0.106666666667 0 300 72
162 19 -193.273856383 397.955277716 0.025 0.109 0.5 0.345637583893 2 298 72
163 3 -138.985388032 289.378341014 0.005 0.208 nan 0.173333333333 0 300 72
164 2 -120.073892549 251.555350046 0.02 0.406 0.25 0.171232876712 8 292 72
165 12 -136.605488703 284.618542356 0.07 0.505 0.615384615385 0.197080291971 26 274 72
166 1 -112.639012157 236.685589264 0.065 0.802 0.666666666667 0.166666666667 18 282 72
168 37 -129.233089821 269.873744591 0.005 0.307 nan 0.166666666667 0 300 72
170 12 -127.071811519 265.551187986 0.07 0.604 0.48 0.196363636364 25 275 72
171 5 -118.867202369 249.141969688 0.01 0.307 nan 0.156666666667 0 300 72
172 9 -157.389261229 326.186087408 0.015 0.208 nan 0.24 0 300 72
173 5 -119.955460279 251.318485508 0.015 0.406 0.333333333333 0.158249158249 3 297 72
174 1 -142.960315731 297.328196412 0.005 0.208 nan 0.19 0 300 72
175 12 -86.7720389761 184.951642901 0.005 0.406 nan 0.103333333333 0 300 72
176 21 -129.451065461 270.30969587 0.18 1.0 0.651515151515 0.17094017094 66 234 72
177 40 -207.974451676 427.356468301 0.205 0.01 0.631578947368 0.496183206107 38 262 72
178 8 -116.8840603 245.175685548 0.02 0.505 0.428571428571 0.150170648464 7 293 72
179 4 -134.395738226 280.199041401 0.07 0.505 0.392857142857 0.209558823529 28 272 72
180 8 -122.123628654 255.654822258 0.075 0.703 0.739130434783 0.184115523466 23 277 72
181 4 -130.879515525 273.166595998 0.15 0.901 0.55 0.207692307692 40 260 72
183 5 -112.183651257 235.774867463 0.01 0.406 nan 0.143333333333 0 300 72
184 3 -157.3974444 326.202453749 0.015 0.208 nan 0.236666666667 0 300 72
185 7 -102.847055598 217.101676146 0.005 0.406 nan 0.116666666667 0 300 72
186 11 -86.5621467249 184.531858399 0.01 0.604 nan 0.11 0 300 72
187 8 -113.185460991 237.778486932 0.025 0.505 0.777777777778 0.144329896907 9 291 72
188 20 -133.541990036 278.491545022 0.005 0.307 nan 0.166666666667 0 300 72
189 3 -117.712244045 246.832053038 0.075 0.802 0.638888888889 0.151515151515 36 264 72
190 32 -190.334465546 392.076496041 0.015 0.109 nan 0.336666666667 0 300 72
192 7 -144.587338659 300.582242267 0.02 0.307 1.0 0.210702341137 1 299 72
193 2 -146.179873392 303.767311734 0.015 0.307 nan 0.216666666667 0 300 72
194 9 -60.1830559738 131.773676897 0.005 0.703 nan 0.0666666666667 0 300 72
195 9 -150.68093702 312.769438989 0.01 0.208 nan 0.216666666667 0 300 72
196 0 -132.176529699 275.760624347 0.025 0.406 0.75 0.189189189189 4 296 72
197 23 -193.665355629 398.738276207 0.03 0.109 1.0 0.357859531773 1 299 72
198 8 -76.4889935532 164.385552056 0.005 0.604 0.25 0.0743243243243 4 296 72
199 11 -101.176362683 213.760290314 0.02 0.604 0.25 0.135416666667 12 288 72
200 22 -124.234132308 259.875829565 0.005 0.307 nan 0.15 0 300 72
202 17 -151.854199867 315.115964684 0.105 0.505 0.526315789474 0.236641221374 38 262 72
203 7 -118.057430741 247.522426431 0.005 0.307 nan 0.143333333333 0 300 72
204 22 -129.694029409 270.795623767 0.01 0.307 nan 0.173333333333 0 300 72
206 32 -111.637019418 234.681603786 0.01 0.406 nan 0.143333333333 0 300 72
207 6 -83.1516436049 177.710852159 0.005 0.505 nan 0.0966666666667 0 300 72
208 34 -143.698979249 298.805523447 0.005 0.208 nan 0.193333333333 0 300 72
212 1 -101.862199249 215.131963448 0.04 0.802 0.454545454545 0.140287769784 22 278 72
213 18 -207.722503068 426.852571085 0.015 0.01 nan 0.48 0 300 72
215 8 -104.908482197 221.224529343 0.005 0.406 nan 0.13 0 300 72
216 1 -85.2389511375 181.885467224 0.005 0.505 nan 0.0966666666667 0 300 72
217 16 -164.073806038 339.555177025 0.01 0.208 1.0 0.234113712375 1 299 72
218 3 -137.110173286 285.627911521 0.04 0.406 0.538461538462 0.191637630662 13 287 72
220 26 -73.9412870065 159.290138962 0.005 0.604 nan 0.09 0 300 72
221 3 -102.604408455 216.616381858 0.065 1.0 0.666666666667 0.150537634409 21 279 72
223 15 -104.944984148 221.297533245 0.005 0.406 nan 0.13 0 300 72
225 4 -118.508190895 248.42394674 0.03 0.505 0.714285714286 0.170648464164 7 293 72
226 22 -130.986619722 273.380804393 0.015 0.307 nan 0.186666666667 0 300 72
227 39 -155.28836469 321.984294329 0.005 0.208 nan 0.22 0 300 72
228 12 -100.783812707 212.975190364 0.005 0.406 nan 0.116666666667 0 300 72
229 16 -99.834244242 211.076053433 0.005 0.406 nan 0.12 0 300 72
230 8 -52.1348122041 115.677189358 0.005 0.802 nan 0.0666666666667 0 300 72
231 40 -146.588459955 304.584484859 0.005 0.208 nan 0.193333333333 0 300 72
232 7 -124.153608323 259.714781596 0.01 0.307 nan 0.163333333333 0 300 72
234 8 -86.4234960113 184.254556972 0.005 0.406 nan 0.103333333333 0 300 72
235 11 -152.837989745 317.083544439 0.005 0.208 nan 0.216666666667 0 300 72
236 12 -182.226307774 375.860180497 0.05 0.208 0.384615384615 0.310104529617 13 287 72
237 3 -144.256032346 299.919629641 0.005 0.208 nan 0.196666666667 0 300 72
238 25 -157.013309556 325.434184061 0.01 0.208 nan 0.226666666667 0 300 72
240 3 -82.8714195183 177.150403986 0.005 0.505 nan 0.1 0 300 72
241 4 -146.911274852 305.230114653 0.005 0.208 nan 0.2 0 300 72
242 7 -80.1566475006 171.720859951 0.005 0.505 nan 0.103333333333 0 300 72
243 13 -112.679363268 236.766291484 0.09 1.0 0.617647058824 0.157894736842 34 266 72
244 28 -154.538196318 320.483957585 0.01 0.208 nan 0.226666666667 0 300 72
245 9 -126.135414687 263.678394324 0.095 0.802 0.586206896552 0.188191881919 29 271 72
247 15 -127.010848078 265.429261105 0.045 0.505 0.375 0.18661971831 16 284 72
248 35 -185.277589084 381.962743118 0.07 0.208 0.625 0.30985915493 16 284 72
253 4 -103.465639253 218.338843455 0.005 0.307 nan 0.13 0 300 72
256 10 -120.579371499 252.566307947 0.005 0.307 nan 0.15 0 300 72
257 24 -110.695907926 232.799380802 0.015 0.406 nan 0.15 0 300 72
258 8 -124.63089735 260.66935965 0.095 0.802 0.5625 0.182835820896 32 268 72
259 14 -55.5275685805 122.46270211 0.005 1.0 1.0 0.066889632107 1 299 72
260 13 -118.393714428 248.194993805 0.055 0.604 0.5 0.172535211268 16 284 72
261 7 -172.165912803 355.739390556 0.02 0.208 nan 0.273333333333 0 300 72
262 11 -132.889304933 277.186174816 0.01 0.307 nan 0.176666666667 0 300 72
263 8 -90.8259246612 193.059414272 0.005 0.406 nan 0.11 0 300 72
264 3 -97.9542765153 207.31611798 0.005 0.406 nan 0.116666666667 0 300 72
1519 17 -123.004772321 257.417109591 0.09 0.802 0.551724137931 0.184501845018 29 271 72
1520 4 -119.323857206 250.055279361 0.005 0.307 1.0 0.137123745819 1 299 72
1521 17 -141.730877054 294.869319058 0.015 0.307 nan 0.196666666667 0 300 72
1523 14 -125.29167837 261.990921688 0.045 0.505 0.6 0.18275862069 10 290 72
1524 11 -128.253000425 267.913565799 0.03 0.406 1.0 0.190635451505 1 299 72
1525 12 -139.733181974 290.873928897 0.045 0.406 0.666666666667 0.214285714286 6 294 72
1526 11 -111.214384579 233.836334107 0.01 0.406 nan 0.146666666667 0 300 72
1527 15 -142.534644918 296.476854785 0.03 0.307 0.666666666667 0.218855218855 3 297 72
1528 2 -112.535606006 236.47877696 0.005 0.307 nan 0.13 0 300 72
1529 2 -98.1763305669 207.760226083 0.005 0.406 nan 0.116666666667 0 300 72
1530 15 -88.6015379177 188.610640785 0.005 0.505 nan 0.0933333333333 0 300 72
1531 10 -97.551986859 206.511538667 0.01 0.505 1.0 0.120401337793 1 299 72
1532 15 -79.9772703907 171.362105731 0.005 0.505 nan 0.09 0 300 72
1533 22 -87.3465087596 186.100582469 0.01 0.505 nan 0.116666666667 0 300 72
1534 19 -141.198681699 293.804928347 0.115 0.604 0.574468085106 0.205533596838 47 253 72
1535 15 -126.271983794 263.951532538 0.05 0.505 0.555555555556 0.202749140893 9 291 72
1536 5 -110.247766054 231.903097058 0.065 0.802 0.526315789474 0.170818505338 19 281 73
1537 12 -154.742002391 320.891569731 0.01 0.208 nan 0.223333333333 0 300 73
1538 32 -160.14348309 331.69453113 0.015 0.208 nan 0.24 0 300 73
1539 24 -119.004034752 249.415634453 0.005 0.307 nan 0.146666666667 0 300 73
1540 8 -159.839184178 331.085933305 0.005 0.208 nan 0.226666666667 0 300 73
1541 11 -138.791621667 288.990808284 0.125 0.703 0.604651162791 0.20233463035 43 257 73
1542 7 -130.509539305 272.426643558 0.01 0.307 nan 0.18 0 300 73
1543 7 -103.72393055 218.855426049 0.02 0.505 0.5 0.144295302013 2 298 73
1544 13 -109.08874931 229.58506357 0.005 0.307 nan 0.136666666667 0 300 73
1545 25 -139.880032088 291.167629126 0.005 0.208 nan 0.18 0 300 73
1546 12 -98.2299355039 207.867435957 0.01 0.505 1.0 0.123745819398 1 299 73
1547 23 -198.284442991 407.97645093 0.06 0.109 0.5 0.39932885906 2 298 73
1549 27 -157.676058382 326.759681713 0.01 0.208 nan 0.23 0 300 73
1550 4 -131.684090853 274.775746655 0.03 0.406 0.625 0.181506849315 8 292 73
1553 11 -118.400087363 248.207739676 0.08 0.802 0.612903225806 0.163568773234 31 269 73
140 11 -83.5726614566 178.552887863 0.005 0.505 nan 0.09 0 300 73
141 4 -101.959951936 215.327468821 0.03 0.703 0.538461538462 0.132404181185 13 287 73
142 10 -96.2408827543 203.889330458 0.005 0.406 nan 0.11 0 300 73
143 21 -182.057990359 375.523545667 0.075 0.208 0.545454545455 0.332179930796 11 289 73
144 16 -76.1573871883 163.722339326 0.005 0.505 nan 0.0833333333333 0 300 73
145 10 -109.888176214 231.183917376 0.005 0.307 nan 0.133333333333 0 300 73
146 24 -143.774493868 298.956552686 0.015 0.307 nan 0.2 0 300 73
147 11 -123.135351312 257.678267573 0.075 0.703 0.555555555556 0.186813186813 27 273 73
148 3 -142.452697373 296.312959695 0.045 0.406 0.421052631579 0.202846975089 19 281 73
149 5 -121.969359416 255.346283781 0.04 0.505 0.333333333333 0.1875 12 288 73
150 25 -146.476656847 304.360878643 0.005 0.208 nan 0.196666666667 0 300 73
151 21 -150.213979983 311.835524915 0.005 0.208 nan 0.21 0 300 73
152 9 -87.1032166768 185.613998303 0.005 0.406 nan 0.103333333333 0 300 73
153 15 -178.55242153 368.51240801 0.12 0.307 0.548387096774 0.297397769517 31 269 73
154 3 -123.357792286 258.123149521 0.025 0.406 0.5 0.179054054054 4 296 73
155 0 -126.188972796 263.785510541 0.005 0.307 nan 0.16 0 300 73
157 8 -149.839344729 311.086254408 0.01 0.208 nan 0.216666666667 0 300 73
158 9 -79.6160140476 170.639593045 0.005 0.505 nan 0.0933333333333 0 300 73
159 15 -73.1098542442 157.627273438 0.005 0.604 nan 0.09 0 300 73
160 29 -86.4569673234 184.321499596 0.005 0.505 0.5 0.0939597315436 2 298 73
161 4 -71.6267197687 154.661004487 0.005 0.604 nan 0.0866666666667 0 300 73
162 19 -176.757790202 364.923145353 0.005 0.109 nan 0.28 0 300 73
163 3 -160.174920885 331.757406719 0.01 0.208 nan 0.23 0 300 73
164 2 -130.632951941 272.673468831 0.015 0.307 nan 0.186666666667 0 300 73
165 12 -144.406736911 300.221038771 0.06 0.406 0.666666666667 0.237113402062 9 291 73
166 1 -106.741251775 224.890068499 0.07 1.0 0.589743589744 0.126436781609 39 261 73
168 37 -121.206104823 253.819774596 0.005 0.307 nan 0.156666666667 0 300 73
170 12 -136.070089177 283.547743302 0.03 0.406 0.5 0.206081081081 4 296 73
171 5 -116.351772571 244.111110092 0.005 0.307 nan 0.146666666667 0 300 73
172 9 -154.307258961 320.022082871 0.01 0.208 1.0 0.224080267559 1 299 73
173 5 -105.733346788 222.874258526 0.01 0.406 nan 0.13 0 300 73
174 1 -157.679951427 326.767467804 0.005 0.208 nan 0.223333333333 0 300 73
175 12 -89.9843655406 191.376296031 0.005 0.406 nan 0.0966666666667 0 300 73
176 21 -130.716527128 272.840619206 0.17 1.0 0.575342465753 0.162995594714 73 227 73
177 40 -208.250018544 427.907602037 0.205 0.01 0.347826086957 0.531496062992 46 254 73
178 8 -112.532359451 236.47228385 0.025 0.505 0.5 0.147260273973 8 292 73
179 4 -130.142394093 271.692353135 0.095 0.703 0.48 0.207272727273 25 275 73
180 8 -112.353037991 236.113640931 0.08 0.802 0.772727272727 0.165467625899 22 278 73
181 4 -120.686495633 252.780556216 0.14 1.0 0.72972972973 0.182509505703 37 263 73
183 5 -118.316782164 248.041129278 0.005 0.307 nan 0.15 0 300 73
184 3 -138.606416079 288.620397106 0.035 0.406 0.666666666667 0.19587628866 9 291 73
185 7 -86.3550219851 184.11760892 0.005 0.406 nan 0.1 0 300 73
186 11 -88.9369136474 189.281392244 0.005 0.406 nan 0.0966666666667 0 300 73
187 8 -86.9438987352 185.29536242 0.025 0.901 0.583333333333 0.104166666667 12 288 73
188 20 -140.190754877 291.789074703 0.005 0.208 nan 0.19 0 300 73
189 3 -135.500170187 282.407905324 0.08 0.604 0.575757575758 0.191011235955 33 267 73
190 32 -179.714746073 370.837057095 0.005 0.109 nan 0.293333333333 0 300 73
192 7 -145.25079227 301.90914949 0.025 0.307 0.5 0.218120805369 2 298 73
193 2 -132.7247836 276.857132149 0.015 0.307 nan 0.19 0 300 73
194 9 -61.6449926415 134.697550232 0.005 0.703 nan 0.07 0 300 73
195 9 -160.810651155 333.02886726 0.01 0.208 nan 0.236666666667 0 300 73
196 0 -109.571237746 230.550040442 0.035 0.703 0.692307692308 0.142857142857 13 287 73
197 23 -185.646043116 382.699651182 0.01 0.109 nan 0.326666666667 0 300 73
198 8 -58.4886113624 128.384787674 0.005 0.703 nan 0.0733333333333 0 300 73
199 11 -100.314076904 212.035718757 0.035 0.802 0.7 0.141379310345 10 290 73
200 22 -110.770814782 232.949194513 0.005 0.307 nan 0.136666666667 0 300 73
202 17 -131.155429564 273.718424077 0.12 0.802 0.644444444444 0.180392156863 45 255 73
203 7 -124.796473561 261.000512071 0.005 0.307 nan 0.16 0 300 73
204 22 -116.952387611 245.312340172 0.005 0.307 nan 0.146666666667 0 300 73
206 32 -118.349885613 248.107336176 0.005 0.307 nan 0.15 0 300 73
207 6 -74.2004715963 159.808508142 0.005 0.505 nan 0.0866666666667 0 300 73
208 34 -155.008262016 321.424088981 0.005 0.208 nan 0.213333333333 0 300 73
212 1 -109.078578017 229.564720984 0.03 0.604 0.4 0.154385964912 15 285 73
213 18 -207.607440517 426.622445983 0.105 0.01 0.5 0.496527777778 12 288 73
215 8 -96.1191204326 203.645805815 0.005 0.406 nan 0.11 0 300 73
216 1 -107.375025777 226.157616504 0.005 0.406 nan 0.13 0 300 73
217 16 -134.98526966 281.378104269 0.005 0.208 nan 0.166666666667 0 300 73
218 3 -129.178044008 269.763652965 0.025 0.406 0.666666666667 0.185185185185 3 297 73
220 26 -86.2580877882 183.923740526 0.005 0.505 nan 0.1 0 300 73
221 3 -107.855449577 227.118464103 0.065 1.0 0.576923076923 0.153284671533 26 274 73
223 15 -99.503642251 210.414849451 0.005 0.406 nan 0.116666666667 0 300 73
225 4 -123.926356042 259.260277033 0.025 0.406 0.6 0.176271186441 5 295 73
226 22 -148.819790621 309.047146192 0.01 0.208 nan 0.213333333333 0 300 73
227 39 -144.440755927 300.289076803 0.005 0.208 nan 0.19 0 300 73
228 12 -115.510998279 242.429561507 0.005 0.307 nan 0.143333333333 0 300 73
229 16 -106.899508157 225.206581262 0.005 0.307 nan 0.133333333333 0 300 73
230 8 -57.348517169 126.104599287 0.005 0.802 nan 0.07 0 300 73
231 40 -152.711325905 316.83021676 0.005 0.208 nan 0.22 0 300 73
232 7 -123.492841194 258.393247337 0.01 0.307 nan 0.166666666667 0 300 73
234 8 -93.0461075958 197.499780141 0.005 0.406 nan 0.11 0 300 73
235 11 -148.21837915 307.84432325 0.005 0.208 nan 0.21 0 300 73
236 12 -182.837421508 377.082407965 0.005 0.109 nan 0.3 0 300 73
237 3 -152.549246227 316.506057404 0.005 0.208 nan 0.21 0 300 73
238 25 -146.311528141 304.030621231 0.005 0.208 nan 0.203333333333 0 300 73
240 3 -100.466249962 212.340064872 0.005 0.406 nan 0.123333333333 0 300 73
241 4 -139.093209543 289.593984036 0.005 0.208 nan 0.183333333333 0 300 73
242 7 -81.4679511345 174.343467218 0.005 0.505 nan 0.0933333333333 0 300 73
243 13 -102.002274612 215.412114172 0.085 1.0 0.76 0.149090909091 25 275 73
244 28 -158.31958097 328.046726889 0.01 0.208 nan 0.233333333333 0 300 73
245 9 -119.15028108 249.708127108 0.075 0.802 0.475 0.161538461538 40 260 73
247 15 -125.912052674 263.231670297 0.045 0.505 0.625 0.191780821918 8 292 73
248 35 -183.565098082 378.537761114 0.005 0.109 nan 0.31 0 300 73
253 4 -91.2386163455 193.88479764 0.005 0.406 nan 0.103333333333 0 300 73
256 10 -122.225699615 255.858964179 0.005 0.307 1.0 0.147157190635 1 299 73
257 24 -116.809573212 245.026711373 0.015 0.406 nan 0.156666666667 0 300 73
258 8 -128.3022913 268.012147548 0.065 0.604 0.588235294118 0.194346289753 17 283 73
259 14 -53.1280561563 117.663677262 0.005 0.802 nan 0.0633333333333 0 300 73
260 13 -136.601926955 284.61141886 0.02 0.307 0.333333333333 0.20202020202 3 297 73
261 7 -184.220109325 379.847783599 0.01 0.109 nan 0.31 0 300 73
262 11 -128.87136004 269.15028503 0.01 0.307 nan 0.173333333333 0 300 73
263 8 -96.1842848493 203.776134648 0.005 0.406 nan 0.11 0 300 73
264 3 -84.3726219672 180.152808884 0.01 0.604 nan 0.11 0 300 73
1519 17 -110.089021973 231.585608894 0.075 0.901 0.586206896552 0.162361623616 29 271 73
1520 4 -114.095642383 239.598849715 0.01 0.406 0.333333333333 0.13468013468 3 297 73
1521 17 -132.10373432 275.615033589 0.015 0.307 0.25 0.179054054054 4 296 73
1523 14 -138.193009843 287.793584635 0.035 0.406 1.0 0.205387205387 3 297 73
1524 11 -144.196867686 299.801300322 0.02 0.307 0.2 0.206779661017 5 295 73
1525 12 -143.308185613 298.023936175 0.025 0.307 0.333333333333 0.218855218855 3 297 73
1526 11 -128.937290955 269.28214686 0.005 0.307 nan 0.16 0 300 73
1527 15 -137.742675388 286.892915725 0.015 0.307 nan 0.203333333333 0 300 73
1528 2 -113.035779 237.479122949 0.015 0.406 nan 0.146666666667 0 300 73
1529 2 -99.3110298529 210.029624655 0.005 0.406 nan 0.113333333333 0 300 73
1530 15 -103.870392542 219.148350034 0.005 0.406 nan 0.116666666667 0 300 73
1531 10 -89.3064445583 190.020454066 0.02 0.802 0.416666666667 0.114583333333 12 288 73
1532 15 -68.5808248236 148.569214597 0.005 0.604 nan 0.08 0 300 73
1533 22 -92.4999499021 196.407464754 0.005 0.406 nan 0.11 0 300 73
1534 19 -137.415861972 286.239288893 0.09 0.604 0.6 0.188888888889 30 270 73
1535 15 -138.33585337 288.07927169 0.045 0.406 0.4 0.227118644068 5 295 73
