1536 5 -112.687980867 236.783526683 0.025 0.505 0.444444444444 0.158075601375 9 291 55
1537 12 -152.392705928 316.192976805 0.005 0.208 nan 0.213333333333 0 300 55
1538 32 -157.966865594 327.341296138 0.035 0.307 0.5 0.227272727273 14 286 55
1539 24 -126.389018228 264.185601405 0.01 0.307 nan 0.163333333333 0 300 55
1540 8 -135.294283487 281.996131924 0.01 0.307 nan 0.18 0 300 55
1541 11 -135.895242839 283.198050627 0.11 0.703 0.555555555556 0.170731707317 54 246 55
1542 7 -145.735684939 302.878934826 0.025 0.307 0.5 0.209459459459 4 296 55
1543 7 -110.795273521 232.998111992 0.01 0.406 nan 0.15 0 300 55
1544 13 -123.168833101 257.745231151 0.02 0.406 0.4 0.166101694915 5 295 55
1545 25 -152.311093231 316.029751412 0.005 0.208 nan 0.203333333333 0 300 55
1546 12 -106.656278598 224.720122146 0.005 0.307 nan 0.13 0 300 55
1547 23 -203.306635055 418.02083506 0.12 0.109 0.466666666667 0.428070175439 15 285 55
1549 27 -159.5020239 330.411612749 0.01 0.208 nan 0.236666666667 0 300 55
1550 4 -146.234586038 303.876737026 0.02 0.307 1.0 0.201342281879 2 298 55
1553 11 -128.728348738 268.864262424 0.085 0.703 0.535714285714 0.191176470588 28 272 55
140 11 -71.1989759557 153.805516861 0.005 0.505 nan 0.0866666666667 0 300 55
141 4 -116.24795048 243.903465909 0.02 0.406 0.4 0.159322033898 5 295 55
142 10 -107.709712379 226.826989707 0.005 0.307 nan 0.133333333333 0 300 55
143 21 -178.811535805 369.030636559 0.135 0.307 0.655172413793 0.309963099631 29 271 55
144 16 -78.7093945456 168.826354041 0.005 0.505 nan 0.0966666666667 0 300 55
145 10 -125.533661407 262.474887762 0.005 0.307 nan 0.153333333333 0 300 55
146 24 -152.881844549 317.171254048 0.005 0.208 nan 0.21 0 300 55
147 11 -123.406504947 258.220574844 0.07 0.703 0.53125 0.167910447761 32 268 55
148 3 -130.665371061 272.738307071 0.035 0.406 1.0 0.204013377926 1 299 55
149 5 -123.668429931 258.744424811 0.025 0.406 1.0 0.178451178451 3 297 55
150 25 -149.431155629 310.269876208 0.01 0.208 nan 0.213333333333 0 300 55
151 21 -150.627673088 312.662911126 0.01 0.208 nan 0.213333333333 0 300 55
152 9 -88.8953449924 189.198254934 0.01 0.505 nan 0.103333333333 0 300 55
153 15 -171.37355501 354.15467497 0.11 0.307 0.586206896552 0.29520295203 29 271 55
154 3 -130.137669887 271.682904724 0.035 0.406 1.0 0.201342281879 2 298 55
155 0 -111.373845458 234.155255865 0.005 0.307 nan 0.14 0 300 55
157 8 -139.469538076 290.346641101 0.005 0.208 nan 0.183333333333 0 300 55
158 9 -91.9313885362 195.270342022 0.01 0.505 1.0 0.104026845638 2 298 55
159 15 -76.3649524274 164.137469804 0.01 0.802 0.333333333333 0.085910652921 9 291 55
160 29 -79.9113024017 171.230169753 0.005 0.505 nan 0.0933333333333 0 300 55
161 4 -75.1260803514 161.659725652 0.005 0.505 nan 0.0866666666667 0 300 55
162 19 -182.384514303 376.176593556 0.005 0.109 nan 0.293333333333 0 300 55
163 3 -144.567823961 300.543212871 0.005 0.208 nan 0.2 0 300 55
164 2 -119.746968452 250.901501854 0.01 0.307 nan 0.16 0 300 55
165 12 -139.012184874 289.431934698 0.065 0.505 0.5 0.214788732394 16 284 55
166 1 -100.553871142 212.515307234 0.065 1.0 0.695652173913 0.14440433213 23 277 55
168 37 -102.183568468 215.774701886 0.005 0.406 nan 0.123333333333 0 300 55
170 12 -145.36935697 302.146278889 0.045 0.406 0.666666666667 0.21768707483 6 294 55
171 5 -117.777650578 246.962866105 0.01 0.406 nan 0.153333333333 0 300 55
172 9 -143.584670574 298.576906097 0.015 0.307 1.0 0.200668896321 1 299 55
173 5 -120.79093113 252.98942721 0.015 0.406 nan 0.163333333333 0 300 55
174 1 -160.605342336 332.618249622 0.005 0.208 nan 0.23 0 300 55
175 12 -96.8787773412 205.165119632 0.005 0.406 nan 0.12 0 300 55
176 21 -146.585437604 304.578440158 0.105 0.505 0.611111111111 0.223484848485 36 264 55
177 40 -203.855218223 419.118001395 0.15 0.109 0.56 0.418181818182 25 275 55
178 8 -115.057409273 241.522383496 0.025 0.505 0.5 0.163265306122 6 294 55
179 4 -135.613718072 282.635001094 0.055 0.505 0.5 0.214788732394 16 284 55
180 8 -120.444990774 252.297546497 0.1 0.901 0.565217391304 0.161417322835 46 254 55
181 4 -129.638258526 270.684082001 0.1 0.703 0.604651162791 0.178988326848 43 257 55
183 5 -111.387800352 234.183165653 0.005 0.406 nan 0.12 0 300 55
184 3 -158.185303422 327.778171794 0.01 0.208 nan 0.233333333333 0 300 55
185 7 -86.1793360545 183.766237058 0.005 0.406 nan 0.103333333333 0 300 55
186 11 -97.5204821048 206.448529159 0.01 0.505 nan 0.126666666667 0 300 55
187 8 -110.476929142 232.361423233 0.005 0.307 nan 0.136666666667 0 300 55
188 20 -147.128442627 305.664450204 0.005 0.208 nan 0.2 0 300 55
189 3 -129.565585981 270.53873691 0.075 0.604 0.555555555556 0.17803030303 36 264 55
190 32 -192.998531218 397.404627385 0.03 0.109 nan 0.35 0 300 55
192 7 -145.000471001 301.408506952 0.025 0.307 0.5 0.218120805369 2 298 55
193 2 -126.766181066 264.939927082 0.01 0.307 nan 0.176666666667 0 300 55
194 9 -75.1641824944 161.735929938 0.005 0.505 nan 0.0833333333333 0 300 55
195 9 -154.680933523 320.769431995 0.015 0.208 nan 0.233333333333 0 300 55
196 0 -103.897299955 219.202164859 0.02 0.505 0.666666666667 0.148148148148 3 297 55
197 23 -184.145994019 379.699552987 0.055 0.208 0.5 0.311188811189 14 286 55
198 8 -74.1101570196 159.627878988 0.005 0.505 nan 0.08 0 300 55
199 11 -124.507712672 260.422990292 0.02 0.406 nan 0.176666666667 0 300 55
200 22 -116.394125386 244.195815721 0.005 0.307 nan 0.153333333333 0 300 55
202 17 -146.52315445 304.453873848 0.135 0.703 0.56 0.216 50 250 55
203 7 -110.260847731 231.929260412 0.005 0.307 nan 0.13 0 300 55
204 22 -118.651333178 248.710231305 0.005 0.307 nan 0.153333333333 0 300 55
206 32 -119.968081595 251.343728139 0.015 0.406 0.333333333333 0.156462585034 6 294 55
207 6 -73.8455401675 159.098645284 0.005 0.505 nan 0.0866666666667 0 300 55
208 34 -147.438634272 306.284833494 0.01 0.208 nan 0.206666666667 0 300 55
212 1 -106.829788675 225.0671423 0.035 0.703 0.461538461538 0.146341463415 13 287 55
213 18 -207.601195349 426.609955647 0.005 0.01 nan 0.473333333333 0 300 55
215 8 -119.01923804 249.446041029 0.005 0.307 nan 0.146666666667 0 300 55
216 1 -98.3239700205 208.05550499 0.005 0.406 nan 0.123333333333 0 300 55
217 16 -153.485813252 318.379191454 0.005 0.208 nan 0.213333333333 0 300 55
218 3 -132.525695556 276.458956061 0.03 0.406 0.363636363636 0.18339100346 11 289 55
220 26 -85.5090977494 182.425760448 0.005 0.406 nan 0.0933333333333 0 300 55
221 3 -106.763656299 224.934877547 0.065 0.901 0.631578947368 0.160142348754 19 281 55
223 15 -94.4570921873 200.321749324 0.005 0.406 nan 0.106666666667 0 300 55
225 4 -114.656676187 240.720917323 0.025 0.505 0.571428571429 0.156996587031 7 293 55
226 22 -140.263128545 291.93382204 0.02 0.307 nan 0.203333333333 0 300 55
227 39 -145.632031256 302.671627461 0.005 0.208 nan 0.196666666667 0 300 55
228 12 -108.732594005 228.87275296 0.005 0.307 nan 0.133333333333 0 300 55
229 16 -109.218119642 229.843804233 0.015 0.505 nan 0.153333333333 0 300 55
230 8 -50.043273724 111.494112397 0.005 0.802 nan 0.0666666666667 0 300 55
231 40 -135.812175015 283.03191498 0.005 0.208 nan 0.17 0 300 55
232 7 -117.542349441 246.492263831 0.005 0.307 nan 0.15 0 300 55
234 8 -103.872408645 219.152382239 0.005 0.406 nan 0.123333333333 0 300 55
235 11 -158.467970063 328.343505074 0.005 0.208 nan 0.223333333333 0 300 55
236 12 -184.996280025 381.400124999 0.01 0.109 nan 0.316666666667 0 300 55
237 3 -124.99684629 261.40125753 0.005 0.307 nan 0.156666666667 0 300 55
238 25 -153.535212843 318.477990635 0.01 0.208 0.5 0.211409395973 2 298 55
240 3 -83.3014900202 178.01054499 0.005 0.505 nan 0.0933333333333 0 300 55
241 4 -141.236593855 293.880752659 0.005 0.208 nan 0.193333333333 0 300 55
242 7 -82.9020031263 177.211571202 0.005 0.505 nan 0.1 0 300 55
243 13 -101.112233186 213.632031321 0.08 1.0 0.542857142857 0.150943396226 35 265 55
244 28 -157.295168865 325.99790268 0.01 0.208 nan 0.236666666667 0 300 55
245 9 -125.561150171 262.52986529 0.075 0.703 0.540540540541 0.171102661597 37 263 55
247 15 -125.322985751 262.053536452 0.05 0.604 0.631578947368 0.170818505338 19 281 55
248 35 -191.057136997 393.521838944 0.01 0.109 nan 0.34 0 300 55
253 4 -90.4329013334 192.273367616 0.005 0.406 nan 0.0966666666667 0 300 55
256 10 -106.340007484 224.087579917 0.01 0.406 nan 0.136666666667 0 300 55
257 24 -111.393486126 234.194537201 0.025 0.505 0.75 0.155405405405 4 296 55
258 8 -120.013231622 251.434028194 0.075 0.703 0.56 0.181818181818 25 275 55
259 14 -63.3925673071 138.192699564 0.005 0.703 0.0 0.0735785953177 1 299 55
260 13 -137.664449387 286.736463723 0.015 0.307 nan 0.2 0 300 55
261 7 -185.823852572 383.055270092 0.005 0.109 nan 0.31 0 300 55
262 11 -144.861660081 301.130885111 0.005 0.208 nan 0.196666666667 0 300 55
263 8 -79.094646892 169.596858733 0.005 0.505 nan 0.0966666666667 0 300 55
264 3 -78.9524973139 169.312559577 0.005 0.505 nan 0.0933333333333 0 300 55
1519 17 -113.89867743 239.204919809 0.085 0.901 0.592592592593 0.179487179487 27 273 55
1520 4 -119.449638096 250.306841141 0.005 0.307 nan 0.15 0 300 55
1521 17 -133.28043526 277.968435469 0.015 0.307 nan 0.186666666667 0 300 55
1523 14 -138.618984759 288.645534468 0.035 0.406 0.75 0.209459459459 4 296 55
1524 11 -155.598617695 322.604800339 0.015 0.208 nan 0.23 0 300 55
1525 12 -156.793373964 324.994312878 0.015 0.208 nan 0.24 0 300 55
1526 11 -113.696014743 238.799594435 0.01 0.406 nan 0.146666666667 0 300 55
1527 15 -139.963867466 291.335299881 0.02 0.307 1.0 0.197324414716 1 299 55
1528 2 -103.647034149 218.701633248 0.01 0.406 nan 0.126666666667 0 300 55
1529 2 -100.819174086 213.045913122 0.005 0.406 nan 0.12 0 300 55
1530 15 -86.5746702077 184.556905365 0.005 0.505 nan 0.1 0 300 55
1531 10 -107.695357363 226.798279676 0.005 0.307 nan 0.133333333333 0 300 55
1532 15 -67.7365379672 146.880640884 0.005 0.604 nan 0.0833333333333 0 300 55
1533 22 -91.298200277 194.003965503 0.005 0.406 nan 0.113333333333 0 300 55
1534 19 -130.677413642 272.762392234 0.085 0.604 0.565217391304 0.205776173285 23 277 55
1535 15 -116.152540588 243.712646124 0.07 0.802 0.64 0.174545454545 25 275 55
1536 5 -111.678295789 234.764156528 0.045 0.703 0.666666666667 0.168384879725 9 291 56
