1536 5 -111.557790854 234.523146658 0.045 0.703 0.363636363636 0.173010380623 11 289 96
1537 12 -145.026864625 301.461294199 0.005 0.208 nan 0.2 0 300 96
1538 32 -141.641424081 294.690413111 0.045 0.406 0.666666666667 0.21768707483 6 294 96
1539 24 -101.789803074 214.987171097 0.015 0.505 1.0 0.133779264214 1 299 96
1540 8 -151.172994336 313.75355362 0.01 0.208 nan 0.22 0 300 96
1541 11 -135.252246087 281.912057123 0.1 0.604 0.552631578947 0.198473282443 38 262 96
1542 7 -139.720253448 290.848071845 0.02 0.307 nan 0.213333333333 0 300 96
1543 7 -113.494666732 238.396898413 0.01 0.406 nan 0.15 0 300 96
1544 13 -94.9765764038 201.360717757 0.01 0.505 nan 0.12 0 300 96
1545 25 -142.195192145 295.79794924 0.005 0.208 nan 0.193333333333 0 300 96
1546 12 -112.111938175 235.631441298 0.005 0.307 nan 0.136666666667 0 300 96
1547 23 -207.081240832 425.570046614 0.005 0.01 nan 0.45 0 300 96
1549 27 -139.363250248 290.134065444 0.005 0.208 nan 0.186666666667 0 300 96
1550 4 -138.876883538 289.161332026 0.02 0.307 0.5 0.192567567568 4 296 96
1553 11 -129.221456642 269.850478234 0.07 0.604 0.433333333333 0.196296296296 30 270 96
140 11 -72.9278291801 157.26322331 0.005 0.505 nan 0.09 0 300 96
141 4 -112.314737587 236.037040122 0.015 0.406 1.0 0.147157190635 1 299 96
142 10 -88.4280829727 188.263730895 0.005 0.505 nan 0.1 0 300 96
143 21 -175.540483053 362.488531056 0.11 0.307 0.452380952381 0.282945736434 42 258 96
144 16 -76.8124678862 165.032500722 0.005 0.505 nan 0.0833333333333 0 300 96
145 10 -117.871676237 247.150917424 0.01 0.406 0.5 0.141891891892 4 296 96
146 24 -147.738285417 306.884135783 0.005 0.208 nan 0.196666666667 0 300 96
147 11 -124.719389443 260.846343835 0.06 0.604 0.5 0.201388888889 12 288 96
148 3 -140.802911151 293.013387252 0.045 0.406 0.636363636364 0.21107266436 11 289 96
149 5 -106.618524107 224.644613163 0.03 0.604 0.555555555556 0.144329896907 9 291 96
150 25 -164.174278799 339.756122548 0.005 0.208 nan 0.236666666667 0 300 96
151 21 -149.053851056 309.515267061 0.005 0.208 nan 0.203333333333 0 300 96
152 9 -69.8499923216 151.107549592 0.01 0.802 1.0 0.0869565217391 1 299 96
153 15 -176.125394499 363.658353948 0.195 0.406 0.648148148148 0.288617886179 54 246 96
154 3 -133.993734362 279.395033673 0.035 0.406 0.666666666667 0.205387205387 3 297 96
155 0 -119.463374184 250.334313317 0.005 0.307 nan 0.153333333333 0 300 96
157 8 -163.88703561 339.181636168 0.015 0.208 0.333333333333 0.234693877551 6 294 96
158 9 -80.5201766678 172.447918285 0.005 0.505 nan 0.0933333333333 0 300 96
159 15 -88.3753452319 188.158255413 0.005 0.406 nan 0.106666666667 0 300 96
160 29 -90.672618914 192.752802777 0.005 0.406 nan 0.113333333333 0 300 96
161 4 -68.7884644721 148.984493894 0.005 0.604 nan 0.0833333333333 0 300 96
162 19 -192.164157808 395.735880566 0.015 0.109 nan 0.34 0 300 96
163 3 -138.095599445 287.598763839 0.005 0.208 nan 0.186666666667 0 300 96
164 2 -115.170891103 241.749347155 0.04 0.604 0.571428571429 0.160839160839 14 286 96
165 12 -140.29565106 291.998867069 0.055 0.406 0.5 0.201438848921 22 278 96
166 1 -95.203229296 201.814023541 0.065 1.0 0.818181818182 0.162629757785 11 289 96
168 37 -128.736959666 268.881484282 0.005 0.307 nan 0.16 0 300 96
170 12 -142.896277609 297.200120168 0.02 0.307 nan 0.213333333333 0 300 96
171 5 -122.940347154 257.288259257 0.005 0.307 nan 0.153333333333 0 300 96
172 9 -146.223676884 303.854918718 0.01 0.208 nan 0.206666666667 0 300 96
173 5 -108.919464685 229.246494319 0.01 0.406 nan 0.136666666667 0 300 96
174 1 -150.028382706 311.464330362 0.005 0.208 nan 0.21 0 300 96
175 12 -72.6180650938 156.643695137 0.01 0.802 0.285714285714 0.0853242320819 7 293 96
176 21 -126.861405827 265.130376604 0.15 1.0 0.619047619048 0.201550387597 42 258 96
177 40 -208.474552628 428.356670206 0.205 0.01 0.547619047619 0.527131782946 42 258 96
178 8 -116.786059094 244.979683137 0.02 0.406 nan 0.173333333333 0 300 96
179 4 -134.036515209 279.480595367 0.06 0.505 0.565217391304 0.187725631769 23 277 96
180 8 -119.857685788 251.122936526 0.06 0.604 0.5 0.19014084507 16 284 96
181 4 -127.658493891 266.724552732 0.16 1.0 0.597222222222 0.15350877193 72 228 96
183 5 -122.694046244 256.795657437 0.005 0.307 nan 0.16 0 300 96
184 3 -161.855236534 335.118038018 0.01 0.208 nan 0.236666666667 0 300 96
185 7 -88.5796007552 188.56676646 0.005 0.406 nan 0.1 0 300 96
186 11 -82.2033276404 175.81422023 0.01 0.604 0.5 0.0939597315436 2 298 96
187 8 -114.407154833 240.221874616 0.015 0.406 0.5 0.157718120805 2 298 96
188 20 -140.368212819 292.143990587 0.005 0.208 nan 0.19 0 300 96
189 3 -122.058072776 255.5237105 0.095 0.802 0.576923076923 0.189781021898 26 274 96
190 32 -189.01119903 389.429963009 0.01 0.109 nan 0.326666666667 0 300 96
192 7 -145.91301905 303.23360305 0.02 0.307 0.666666666667 0.205387205387 3 297 96
193 2 -139.644588476 290.696741901 0.02 0.307 nan 0.206666666667 0 300 96
194 9 -49.3641819902 110.13592893 0.005 0.802 nan 0.0666666666667 0 300 96
195 9 -141.393202891 294.193970732 0.025 0.307 0.75 0.199324324324 4 296 96
196 0 -119.372377492 250.152319933 0.03 0.505 0.454545454545 0.162629757785 11 289 96
197 23 -193.232293585 397.872152119 0.025 0.109 nan 0.36 0 300 96
198 8 -76.618258933 164.644082815 0.005 0.505 nan 0.09 0 300 96
199 11 -98.5539422922 208.515449534 0.04 0.802 0.6 0.151724137931 10 290 96
200 22 -115.745008436 242.89758182 0.005 0.307 nan 0.146666666667 0 300 96
202 17 -148.50518342 308.41793179 0.075 0.406 0.652173913043 0.227436823105 23 277 96
203 7 -119.052181866 249.511928682 0.005 0.307 0.2 0.138983050847 5 295 96
204 22 -102.360686138 216.128937226 0.01 0.406 1.0 0.130434782609 1 299 96
206 32 -113.514288263 238.436141474 0.005 0.307 nan 0.136666666667 0 300 96
207 6 -83.8997393572 179.207043664 0.005 0.505 nan 0.0966666666667 0 300 96
208 34 -150.128816908 311.665198766 0.005 0.208 nan 0.196666666667 0 300 96
212 1 -114.330212106 240.067989161 0.03 0.505 0.833333333333 0.166666666667 6 294 96
213 18 -208.519407603 428.446380155 0.205 0.01 0.410256410256 0.551724137931 39 261 96
215 8 -109.909994723 231.227554395 0.01 0.406 nan 0.146666666667 0 300 96
216 1 -89.8561551424 191.119875234 0.005 0.406 nan 0.106666666667 0 300 96
217 16 -156.428826879 324.265218707 0.01 0.208 nan 0.226666666667 0 300 96
218 3 -139.82400845 291.05558185 0.015 0.307 0.5 0.191275167785 2 298 96
220 26 -76.0887101728 163.584985295 0.005 0.604 nan 0.0933333333333 0 300 96
221 3 -99.6967469655 210.80105888 0.07 1.0 0.59375 0.141791044776 32 268 96
223 15 -96.4224625975 204.252490144 0.01 0.505 nan 0.12 0 300 96
225 4 -124.45422331 260.31601157 0.015 0.307 nan 0.173333333333 0 300 96
226 22 -120.545084276 252.497733501 0.02 0.406 0.333333333333 0.156462585034 6 294 96
227 39 -153.081472532 317.570510014 0.005 0.208 nan 0.213333333333 0 300 96
228 12 -132.531390441 276.470345831 0.005 0.307 nan 0.166666666667 0 300 96
229 16 -107.148551514 225.704667978 0.005 0.307 nan 0.133333333333 0 300 96
230 8 -56.1166097266 123.640784403 0.005 0.703 nan 0.0666666666667 0 300 96
231 40 -143.293701706 297.994968361 0.005 0.208 nan 0.19 0 300 96
232 7 -128.631274211 268.670113371 0.01 0.307 nan 0.18 0 300 96
234 8 -84.1917928942 179.791150738 0.01 0.604 1.0 0.103678929766 1 299 96
235 11 -153.198391594 317.804348137 0.01 0.208 nan 0.22 0 300 96
236 12 -185.651179946 382.709924842 0.005 0.109 nan 0.316666666667 0 300 96
237 3 -145.777316818 302.962198586 0.025 0.307 0.428571428571 0.19795221843 7 293 96
238 25 -136.616784258 284.641133465 0.01 0.307 0.5 0.181208053691 2 298 96
240 3 -78.2817182424 167.971001434 0.01 0.604 1.0 0.0872483221477 2 298 96
241 4 -156.186349006 323.780262961 0.005 0.208 nan 0.223333333333 0 300 96
242 7 -71.6186228774 154.644810704 0.005 0.604 nan 0.08 0 300 96
243 13 -97.6892352822 206.786035514 0.08 1.0 0.677419354839 0.144981412639 31 269 96
244 28 -154.918873868 321.245312684 0.015 0.208 0.5 0.228187919463 2 298 96
245 9 -114.763180545 240.933926039 0.09 0.901 0.5625 0.160447761194 32 268 96
247 15 -121.625510423 254.658585795 0.065 0.703 0.75 0.160714285714 20 280 96
248 35 -174.887818136 361.183201222 0.005 0.109 nan 0.26 0 300 96
253 4 -97.827692121 207.062949191 0.005 0.406 nan 0.113333333333 0 300 96
256 10 -118.966492967 249.340550884 0.005 0.307 nan 0.146666666667 0 300 96
257 24 -112.398700004 236.204964958 0.015 0.406 0.5 0.137583892617 2 298 96
258 8 -128.585528134 268.578621217 0.075 0.604 0.4 0.203636363636 25 275 96
259 14 -49.3594540576 110.126473064 0.005 1.0 nan 0.0633333333333 0 300 96
260 13 -129.529704286 270.466973522 0.04 0.505 0.615384615385 0.184668989547 13 287 96
261 7 -179.227791319 369.863147588 0.005 0.109 nan 0.29 0 300 96
262 11 -122.559844822 256.527254593 0.015 0.406 0.4 0.162711864407 5 295 96
263 8 -95.4817819732 202.371128896 0.005 0.406 nan 0.113333333333 0 300 96
264 3 -84.4274347183 180.262434386 0.005 0.505 nan 0.0966666666667 0 300 96
1519 17 -100.558283745 212.524132439 0.075 1.0 0.741935483871 0.144981412639 31 269 96
1520 4 -120.51282664 252.433218228 0.005 0.307 nan 0.146666666667 0 300 96
1521 17 -134.746192011 280.899948971 0.01 0.307 nan 0.18 0 300 96
1523 14 -138.631332432 288.670229813 0.05 0.406 0.615384615385 0.209059233449 13 287 96
1524 11 -145.054617541 301.516800031 0.025 0.307 1.0 0.220735785953 1 299 96
1525 12 -147.64184732 306.691259589 0.03 0.307 nan 0.233333333333 0 300 96
1526 11 -122.998494154 257.404553258 0.01 0.307 nan 0.16 0 300 96
1527 15 -153.027913495 317.463391939 0.015 0.208 nan 0.23 0 300 96
1528 2 -109.042581859 229.492728666 0.01 0.406 nan 0.136666666667 0 300 96
1529 2 -90.8897420712 193.187049092 0.01 0.604 nan 0.116666666667 0 300 96
1530 15 -86.8623123235 185.132189596 0.005 0.406 nan 0.103333333333 0 300 96
1531 10 -106.613166762 224.633898472 0.01 0.406 nan 0.133333333333 0 300 96
1532 15 -78.7555409704 168.91864689 0.005 0.505 nan 0.09 0 300 96
1533 22 -94.5918884272 200.591341804 0.005 0.406 nan 0.11 0 300 96
1534 19 -132.432367466 276.272299881 0.175 1.0 0.633802816901 0.152838427948 71 229 96
1535 15 -138.699269896 288.806104741 0.055 0.406 0.6 0.220689655172 10 290 96
1536 5 -122.261835227 255.931235404 0.035 0.505 0.75 0.182432432432 4 296 97
1537 12 -142.553861365 296.51528768 0.005 0.208 nan 0.196666666667 0 300 97
1538 32 -154.656145464 320.719855877 0.04 0.307 0.714285714286 0.22866894198 7 293 97
1539 24 -123.189244983 257.786054915 0.01 0.307 nan 0.16 0 300 97
1540 8 -144.016998708 299.441562366 0.005 0.208 nan 0.196666666667 0 300 97
1541 11 -129.707721411 270.823007771 0.11 0.802 0.591836734694 0.175298804781 49 251 97
1542 7 -130.431174722 272.269914392 0.01 0.307 nan 0.176666666667 0 300 97
1543 7 -113.10663425 237.620833449 0.03 0.604 0.384615384615 0.156794425087 13 287 97
1544 13 -127.669414557 266.746394063 0.005 0.307 nan 0.156666666667 0 300 97
1545 25 -158.072287284 327.552139516 0.005 0.208 nan 0.216666666667 0 300 97
1546 12 -118.540627492 248.488819933 0.015 0.406 0.5 0.154362416107 2 298 97
1547 23 -202.983760807 417.375086564 0.175 0.109 0.555555555556 0.42803030303 36 264 97
1549 27 -144.726686711 300.860938372 0.005 0.208 nan 0.196666666667 0 300 97
1550 4 -135.023130231 281.453825412 0.015 0.307 1.0 0.190635451505 1 299 97
1553 11 -130.676510048 272.760585044 0.085 0.703 0.576923076923 0.193430656934 26 274 97
140 11 -75.1553267093 161.718218368 0.005 0.505 nan 0.0866666666667 0 300 97
141 4 -124.55672625 260.52101745 0.025 0.406 0.285714285714 0.180887372014 7 293 97
142 10 -86.8606836328 185.128932215 0.005 0.406 nan 0.103333333333 0 300 97
143 21 -159.024850119 329.457265187 0.095 0.406 0.705882352941 0.254416961131 17 283 97
144 16 -92.0506930696 195.508951088 0.005 0.406 0.5 0.0973154362416 2 298 97
145 10 -126.244769103 263.897103156 0.005 0.307 nan 0.16 0 300 97
146 24 -158.392256612 328.192078173 0.005 0.208 nan 0.216666666667 0 300 97
147 11 -130.658190344 272.723945638 0.06 0.505 0.666666666667 0.204861111111 12 288 97
148 3 -136.994277543 285.396120036 0.055 0.505 0.5625 0.204225352113 16 284 97
149 5 -115.720951333 242.849467616 0.045 0.604 0.466666666667 0.171929824561 15 285 97
150 25 -149.413821336 310.235207621 0.005 0.208 nan 0.203333333333 0 300 97
151 21 -162.076231765 335.56002848 0.005 0.208 nan 0.223333333333 0 300 97
152 9 -89.1618418662 189.731248682 0.005 0.505 nan 0.1 0 300 97
153 15 -179.389092555 370.18575006 0.13 0.307 0.6 0.294339622642 35 265 97
154 3 -123.336143955 258.07985286 0.04 0.505 0.444444444444 0.178694158076 9 291 97
155 0 -119.847742003 251.103048954 0.005 0.307 nan 0.153333333333 0 300 97
157 8 -146.673715756 304.754996461 0.005 0.208 nan 0.206666666667 0 300 97
158 9 -93.418679029 198.244923007 0.005 0.406 nan 0.113333333333 0 300 97
159 15 -65.948650911 143.304866771 0.005 0.604 nan 0.0766666666667 0 300 97
160 29 -74.4149128705 160.23739069 0.01 0.802 0.5 0.0973154362416 2 298 97
161 4 -97.4203219677 206.248208885 0.005 0.406 nan 0.11 0 300 97
162 19 -184.510564533 380.428694015 0.01 0.109 nan 0.316666666667 0 300 97
163 3 -148.77611318 308.959791309 0.005 0.208 nan 0.206666666667 0 300 97
164 2 -117.2698987 245.94736235 0.02 0.406 1.0 0.167224080268 1 299 97
165 12 -138.829868978 289.067302906 0.045 0.406 0.571428571429 0.21843003413 7 293 97
166 1 -109.362106338 230.131777624 0.07 0.901 0.576923076923 0.156934306569 26 274 97
168 37 -118.881535708 249.170636366 0.005 0.307 nan 0.146666666667 0 300 97
170 12 -143.40086562 298.209296189 0.05 0.406 0.461538461538 0.222996515679 13 287 97
171 5 -123.505083854 258.417732658 0.005 0.307 nan 0.153333333333 0 300 97
172 9 -141.244100241 293.895765432 0.035 0.406 1.0 0.208754208754 3 297 97
173 5 -106.481796345 224.371157638 0.01 0.406 1.0 0.137123745819 1 299 97
174 1 -140.633898471 292.675361891 0.005 0.208 nan 0.186666666667 0 300 97
175 12 -105.152882661 221.713330271 0.01 0.505 0.333333333333 0.124579124579 3 297 97
176 21 -139.246528591 289.900622131 0.13 0.703 0.6 0.203921568627 45 255 97
177 40 -207.083245995 425.57405694 0.005 0.01 nan 0.456666666667 0 300 97
178 8 -117.463760495 246.335085939 0.03 0.505 0.375 0.16095890411 8 292 97
179 4 -135.290996985 281.98955892 0.085 0.604 0.592592592593 0.205128205128 27 273 97
180 8 -124.499691983 260.406948916 0.05 0.604 0.44 0.178181818182 25 275 97
181 4 -119.81301522 251.033595389 0.13 1.0 0.619047619048 0.182170542636 42 258 97
183 5 -107.37565117 226.15886729 0.005 0.307 nan 0.13 0 300 97
184 3 -167.948487458 347.304539865 0.015 0.208 nan 0.26 0 300 97
185 7 -86.1115913381 183.630747625 0.005 0.406 nan 0.1 0 300 97
186 11 -95.4849823636 202.377529676 0.005 0.406 nan 0.116666666667 0 300 97
187 8 -130.355468429 272.118501808 0.01 0.307 nan 0.173333333333 0 300 97
188 20 -147.56409089 306.535746729 0.005 0.208 nan 0.206666666667 0 300 97
189 3 -120.956992019 253.321548988 0.08 0.802 0.548387096774 0.17843866171 31 269 97
190 32 -191.192698953 393.792962855 0.025 0.109 nan 0.346666666667 0 300 97
192 7 -135.685116054 282.777797058 0.035 0.406 0.307692307692 0.198606271777 13 287 97
193 2 -128.521775305 268.451115559 0.02 0.406 0.666666666667 0.178451178451 3 297 97
194 9 -58.3084373909 128.024439731 0.005 0.703 nan 0.08 0 300 97
195 9 -150.419801103 312.247167155 0.01 0.208 nan 0.216666666667 0 300 97
196 0 -104.359110046 220.125785041 0.035 0.703 0.583333333333 0.145833333333 12 288 97
197 23 -187.568519325 386.5446036 0.01 0.109 nan 0.326666666667 0 300 97
198 8 -57.0495593744 125.506683698 0.005 0.703 nan 0.0666666666667 0 300 97
199 11 -106.442498435 224.292561819 0.02 0.505 0.5 0.151006711409 2 298 97
200 22 -105.884576603 223.176718156 0.005 0.406 nan 0.123333333333 0 300 97
202 17 -141.982693456 295.372951862 0.13 0.703 0.622222222222 0.203921568627 45 255 97
203 7 -104.375824462 220.159213874 0.005 0.307 nan 0.126666666667 0 300 97
204 22 -110.19685378 231.801272509 0.005 0.307 nan 0.13 0 300 97
206 32 -126.666471567 264.740508082 0.01 0.307 nan 0.166666666667 0 300 97
207 6 -85.6436043482 182.694773646 0.005 0.505 nan 0.1 0 300 97
208 34 -146.781087014 304.969738977 0.005 0.208 nan 0.206666666667 0 300 97
212 1 -111.428176982 234.263918914 0.035 0.604 0.375 0.171232876712 8 292 97
213 18 -206.72672796 424.86102087 0.205 0.109 0.511627906977 0.451361867704 43 257 97
215 8 -86.0766230768 183.560811103 0.005 0.406 nan 0.103333333333 0 300 97
216 1 -86.6616540559 184.730873061 0.005 0.406 nan 0.106666666667 0 300 97
217 16 -150.724746204 312.857057358 0.01 0.208 nan 0.216666666667 0 300 97
218 3 -152.054092044 315.515749037 0.01 0.208 nan 0.226666666667 0 300 97
220 26 -83.8219213038 179.051407557 0.005 0.505 nan 0.1 0 300 97
221 3 -94.4484080586 200.304381067 0.065 1.0 0.615384615385 0.16724738676 13 287 97
223 15 -94.8131972131 201.033959376 0.005 0.406 nan 0.113333333333 0 300 97
225 4 -132.813490484 277.034545917 0.03 0.406 1.0 0.204013377926 1 299 97
226 22 -139.343031388 290.093627724 0.005 0.208 nan 0.186666666667 0 300 97
227 39 -151.430233871 314.268032691 0.005 0.208 nan 0.21 0 300 97
228 12 -135.349581591 282.106728131 0.01 0.307 nan 0.18 0 300 97
229 16 -131.133828862 273.675222673 0.005 0.307 nan 0.163333333333 0 300 97
230 8 -54.7287403002 120.86504555 0.005 0.703 nan 0.07 0 300 97
231 40 -157.808415731 327.024396411 0.005 0.208 nan 0.226666666667 0 300 97
232 7 -127.599280668 266.606126285 0.01 0.307 nan 0.176666666667 0 300 97
234 8 -77.4090667656 166.225698481 0.01 0.703 nan 0.1 0 300 97
235 11 -153.126236698 317.660038345 0.005 0.208 nan 0.216666666667 0 300 97
236 12 -185.956284621 383.320134191 0.015 0.109 1.0 0.311036789298 1 299 97
237 3 -136.737492176 284.882549301 0.01 0.307 nan 0.183333333333 0 300 97
238 25 -142.547218357 296.502001664 0.005 0.208 nan 0.196666666667 0 300 97
240 3 -91.1303243099 193.668213569 0.005 0.406 nan 0.113333333333 0 300 97
241 4 -130.628017702 272.663600353 0.01 0.307 nan 0.176666666667 0 300 97
242 7 -69.7369753568 150.881515663 0.005 0.604 nan 0.0833333333333 0 300 97
243 13 -116.782927793 244.973420536 0.085 0.802 0.642857142857 0.169117647059 28 272 97
244 28 -160.19016388 331.787892709 0.015 0.208 nan 0.246666666667 0 300 97
245 9 -122.341851568 256.091268085 0.04 0.505 0.6 0.171929824561 15 285 97
247 15 -127.005035352 265.417635653 0.055 0.604 0.571428571429 0.195804195804 14 286 97
248 35 -186.180561459 383.768687868 0.005 0.109 nan 0.303333333333 0 300 97
253 4 -93.0077624088 197.423089767 0.005 0.406 nan 0.113333333333 0 300 97
256 10 -120.745091094 252.897747137 0.005 0.307 nan 0.153333333333 0 300 97
257 24 -113.713774583 238.835114116 0.015 0.406 nan 0.16 0 300 97
258 8 -129.538495348 270.484555646 0.08 0.604 0.555555555556 0.194139194139 27 273 97
259 14 -60.0445964105 131.49675777 0.005 0.802 nan 0.0666666666667 0 300 97
260 13 -138.090720545 287.58900604 0.05 0.406 0.5625 0.204225352113 16 284 97
261 7 -175.084641845 361.576848638 0.005 0.109 nan 0.273333333333 0 300 97
262 11 -122.348584263 256.104733476 0.01 0.307 1.0 0.160535117057 1 299 97
263 8 -103.376622999 218.160810948 0.005 0.406 0.5 0.11744966443 2 298 97
264 3 -108.187014585 227.78159412 0.005 0.307 nan 0.123333333333 0 300 97
1519 17 -114.450017289 240.307599527 0.085 0.901 0.594594594595 0.148288973384 37 263 97
1520 4 -115.557476036 242.522517021 0.005 0.307 nan 0.143333333333 0 300 97
1521 17 -126.657417025 264.722398999 0.015 0.406 1.0 0.167785234899 2 298 97
1523 14 -146.805040824 305.017646597 0.025 0.307 1.0 0.217391304348 1 299 97
1524 11 -149.069984698 309.547534345 0.025 0.307 0.5 0.221476510067 2 298 97
1525 12 -141.711634663 294.830834275 0.02 0.307 nan 0.213333333333 0 300 97
1526 11 -123.970150114 259.347865178 0.005 0.307 nan 0.15 0 300 97
1527 15 -142.970862947 297.349290843 0.025 0.307 0.4 0.206779661017 5 295 97
1528 2 -112.848339775 237.104244499 0.01 0.406 nan 0.15 0 300 97
1529 2 -104.054367319 219.516299587 0.01 0.406 nan 0.136666666667 0 300 97
1530 15 -105.500415538 222.408396025 0.005 0.307 nan 0.136666666667 0 300 97
1531 10 -118.860258152 249.128081254 0.015 0.406 nan 0.163333333333 0 300 97
1532 15 -78.5149299518 168.437424853 0.01 0.703 0.5 0.0939597315436 2 298 97
1533 22 -89.4650953453 190.33775564 0.005 0.505 nan 0.103333333333 0 300 97
1534 19 -132.867343703 277.142252355 0.105 0.703 0.568181818182 0.1875 44 256 97
1535 15 -126.800510067 265.008585083 0.03 0.406 0.6 0.172413793103 10 290 97
1536 5 -110.033051474 231.473667898 0.045 0.703 0.4375 0.161971830986 16 284 98
1537 12 -141.919916422 295.247397794 0.005 0.208 nan 0.19 0 300 98
1538 32 -138.528196341 288.463957631 0.045 0.406 1.0 0.215488215488 3 297 98
1539 24 -114.04681435 239.50119365 0.005 0.307 nan 0.143333333333 0 300 98
1540 8 -151.092202176 313.591969301 0.005 0.208 nan 0.21 0 300 98
1541 11 -140.59969253 292.606950009 0.105 0.604 0.5 0.215384615385 40 260 98
1542 7 -138.077766398 287.563097746 0.015 0.307 nan 0.193333333333 0 300 98
1543 7 -114.500059474 240.407683897 0.015 0.406 nan 0.16 0 300 98
1544 13 -110.301208897 232.009982743 0.005 0.307 nan 0.136666666667 0 300 98
1545 25 -145.058665579 301.524896107 0.005 0.208 nan 0.2 0 300 98
1546 12 -123.504732121 258.417029192 0.01 0.307 nan 0.156666666667 0 300 98
1547 23 -200.880880469 413.169325888 0.07 0.109 0.473684210526 0.380782918149 19 281 98
1549 27 -154.251563188 319.910691326 0.005 0.208 nan 0.213333333333 0 300 98
1550 4 -122.346896197 256.101357344 0.015 0.406 0.25 0.165540540541 4 296 98
1553 11 -120.121712991 251.650990931 0.07 0.703 0.483870967742 0.171003717472 31 269 98
140 11 -81.3991046593 174.205774268 0.005 0.505 nan 0.0933333333333 0 300 98
141 4 -124.485529055 260.378623058 0.01 0.307 0.0 0.160535117057 1 299 98
142 10 -92.3637765131 196.135117975 0.005 0.406 nan 0.106666666667 0 300 98
143 21 -174.207428849 359.822422648 0.12 0.307 0.575757575758 0.292134831461 33 267 98
144 16 -73.4026445337 158.212854017 0.005 0.505 nan 0.0866666666667 0 300 98
145 10 -122.285982459 255.979529867 0.01 0.307 nan 0.16 0 300 98
146 24 -144.38010271 300.167770369 0.005 0.208 nan 0.2 0 300 98
147 11 -129.552100566 270.511766081 0.065 0.604 0.55 0.185714285714 20 280 98
148 3 -136.147888833 283.703342614 0.045 0.406 0.6 0.203448275862 10 290 98
149 5 -115.729797491 242.86715993 0.045 0.604 0.470588235294 0.162544169611 17 283 98
150 25 -147.782128459 306.971821868 0.005 0.208 nan 0.206666666667 0 300 98
151 21 -140.971035562 293.349636072 0.005 0.208 nan 0.183333333333 0 300 98
152 9 -92.608066118 196.623697185 0.005 0.406 nan 0.106666666667 0 300 98
153 15 -173.408290147 358.224145243 0.165 0.406 0.482142857143 0.286885245902 56 244 98
154 3 -117.835913767 247.079392483 0.04 0.604 0.363636363636 0.165467625899 22 278 98
155 0 -124.623337455 260.65423986 0.005 0.307 nan 0.156666666667 0 300 98
157 8 -150.968251036 313.344067021 0.01 0.208 nan 0.216666666667 0 300 98
158 9 -70.0804338698 151.568432689 0.005 0.604 nan 0.08 0 300 98
159 15 -83.6411695992 178.689904148 0.005 0.505 nan 0.1 0 300 98
160 29 -65.5139170478 142.435399045 0.005 0.604 nan 0.0733333333333 0 300 98
161 4 -74.1665163273 159.740597604 0.005 0.604 nan 0.0866666666667 0 300 98
162 19 -177.753588393 366.914741736 0.005 0.109 nan 0.283333333333 0 300 98
163 3 -149.079411299 309.566387547 0.005 0.208 nan 0.203333333333 0 300 98
164 2 -125.955672021 263.318908991 0.025 0.406 0.25 0.181506849315 8 292 98
165 12 -143.553576569 298.514718087 0.08 0.505 0.586206896552 0.206642066421 29 271 98
166 1 -109.827505105 231.06257516 0.065 0.901 0.681818181818 0.143884892086 22 278 98
168 37 -123.137359108 257.682283166 0.005 0.307 nan 0.16 0 300 98
170 12 -135.874499059 283.156563068 0.08 0.604 0.545454545455 0.198501872659 33 267 98
171 5 -120.036199326 251.479963601 0.005 0.307 nan 0.156666666667 0 300 98
172 9 -145.135402875 301.6783707 0.025 0.307 1.0 0.217391304348 1 299 98
173 5 -120.032247043 251.472059035 0.01 0.307 nan 0.153333333333 0 300 98
174 1 -148.996279745 309.40012444 0.005 0.208 nan 0.206666666667 0 300 98
175 12 -94.2635673213 199.934699592 0.01 0.505 nan 0.123333333333 0 300 98
176 21 -143.523836628 298.455238205 0.11 0.604 0.52380952381 0.220930232558 42 258 98
177 40 -208.125853257 427.659271463 0.205 0.01 0.5 0.511627906977 42 258 98
178 8 -123.806092282 259.019749513 0.02 0.406 0.666666666667 0.16835016835 3 297 98
179 4 -140.099466526 291.606498001 0.05 0.406 0.470588235294 0.21554770318 17 283 98
180 8 -127.185816406 265.77919776 0.04 0.505 0.666666666667 0.197278911565 6 294 98
181 4 -124.25153411 259.910633169 0.15 1.0 0.575 0.207692307692 40 260 98
183 5 -114.29331859 239.99420213 0.005 0.307 nan 0.14 0 300 98
184 3 -142.753779642 296.915124234 0.015 0.307 nan 0.2 0 300 98
185 7 -85.5685471162 182.544659182 0.01 0.604 1.0 0.107023411371 1 299 98
186 11 -90.2872396884 191.982044326 0.005 0.406 nan 0.0966666666667 0 300 98
187 8 -107.636745687 226.681056323 0.01 0.406 nan 0.14 0 300 98
188 20 -144.57573937 300.55904369 0.005 0.208 nan 0.193333333333 0 300 98
189 3 -118.086594939 247.580754826 0.07 0.802 0.578947368421 0.148854961832 38 262 98
190 32 -176.842023044 365.091611038 0.005 0.109 nan 0.276666666667 0 300 98
192 7 -138.321929984 288.051424917 0.025 0.307 0.6 0.2 5 295 98
193 2 -131.306251436 274.020067821 0.01 0.307 nan 0.183333333333 0 300 98
194 9 -65.5439221692 142.495409288 0.005 0.604 nan 0.0833333333333 0 300 98
195 9 -149.591462006 310.59048896 0.03 0.307 0.166666666667 0.222222222222 12 288 98
196 0 -116.965278994 245.338122938 0.015 0.406 1.0 0.163879598662 1 299 98
197 23 -193.201100215 397.80976538 0.045 0.109 nan 0.366666666667 0 300 98
198 8 -57.9945913241 127.396747597 0.005 0.703 nan 0.0733333333333 0 300 98
199 11 -117.003296082 245.414157114 0.035 0.604 0.461538461538 0.160278745645 13 287 98
200 22 -126.729038706 264.865642361 0.01 0.307 1.0 0.154882154882 3 297 98
202 17 -144.816485918 301.040536786 0.125 0.604 0.575757575758 0.232209737828 33 267 98
203 7 -118.639202422 248.685969793 0.005 0.307 nan 0.15 0 300 98
204 22 -114.054083827 239.515732604 0.005 0.307 nan 0.136666666667 0 300 98
206 32 -96.907828219 205.223221387 0.015 0.505 0.0 0.123745819398 1 299 98
207 6 -80.0347335036 171.477031956 0.005 0.505 nan 0.09 0 300 98
208 34 -152.241805828 315.891176605 0.005 0.208 nan 0.213333333333 0 300 98
212 1 -106.064666734 223.536898417 0.03 0.604 0.625 0.147260273973 8 292 98
213 18 -207.405748713 426.219062374 0.035 0.01 nan 0.473333333333 0 300 98
215 8 -84.1937116845 179.794988318 0.005 0.406 nan 0.0966666666667 0 300 98
216 1 -95.1914068431 201.790378635 0.005 0.406 nan 0.12 0 300 98
217 16 -143.784878573 298.977322096 0.005 0.208 nan 0.19 0 300 98
218 3 -136.469486099 284.346537147 0.015 0.307 nan 0.19 0 300 98
220 26 -88.60817019 188.623905329 0.005 0.505 nan 0.0933333333333 0 300 98
221 3 -108.821727628 229.051020205 0.065 0.901 0.619047619048 0.154121863799 21 279 98
223 15 -90.8463005426 193.100166035 0.005 0.406 nan 0.11 0 300 98
225 4 -139.189276891 289.786118731 0.035 0.406 0.666666666667 0.208754208754 3 297 98
226 22 -128.888212217 269.183989382 0.01 0.307 nan 0.17 0 300 98
227 39 -141.175670798 293.758906545 0.005 0.208 nan 0.186666666667 0 300 98
228 12 -104.091636572 219.590838093 0.015 0.505 0.5 0.134228187919 2 298 98
229 16 -124.047240946 259.502046841 0.005 0.307 nan 0.156666666667 0 300 98
230 8 -72.1098363718 155.627237693 0.005 0.604 nan 0.0833333333333 0 300 98
231 40 -146.099906961 303.607378871 0.01 0.208 nan 0.206666666667 0 300 98
232 7 -147.070035086 305.547635121 0.01 0.208 nan 0.21 0 300 98
234 8 -89.6603161089 190.728197167 0.005 0.406 nan 0.106666666667 0 300 98
235 11 -148.546334686 308.500234322 0.005 0.208 nan 0.203333333333 0 300 98
236 12 -190.350689688 392.108944325 0.01 0.109 nan 0.333333333333 0 300 98
237 3 -157.551933085 326.51143112 0.01 0.208 nan 0.233333333333 0 300 98
238 25 -134.062441602 279.532448154 0.01 0.307 nan 0.176666666667 0 300 98
240 3 -93.7401516303 198.88786821 0.005 0.406 nan 0.116666666667 0 300 98
241 4 -140.828645295 293.06485554 0.005 0.208 nan 0.183333333333 0 300 98
242 7 -82.9053372531 177.218239456 0.005 0.406 nan 0.1 0 300 98
243 13 -120.625262583 252.658090115 0.09 0.901 0.585365853659 0.15444015444 41 259 98
244 28 -150.560235284 312.528035517 0.01 0.208 nan 0.22 0 300 98
245 9 -119.982747913 251.373060775 0.065 0.703 0.458333333333 0.18115942029 24 276 98
247 15 -107.415457285 226.23847952 0.055 0.802 0.52 0.156363636364 25 275 98
248 35 -175.808738122 363.025041193 0.005 0.109 nan 0.276666666667 0 300 98
253 4 -76.8130405703 165.03364609 0.005 0.505 nan 0.0833333333333 0 300 98
256 10 -117.131155335 245.66987562 0.005 0.307 nan 0.143333333333 0 300 98
257 24 -110.629036421 232.665637792 0.015 0.406 nan 0.143333333333 0 300 98
258 8 -122.019135908 255.445836765 0.065 0.703 0.5 0.195035460993 18 282 98
259 14 -52.0361948894 115.479954728 0.005 0.802 nan 0.0633333333333 0 300 98
260 13 -139.212506235 289.83257742 0.035 0.406 1.0 0.214046822742 1 299 98
261 7 -192.614031254 396.635627457 0.015 0.109 nan 0.343333333333 0 300 98
262 11 -126.718036413 264.843637775 0.01 0.307 nan 0.173333333333 0 300 98
263 8 -93.6184844519 198.644533853 0.005 0.406 nan 0.11 0 300 98
264 3 -91.2607541123 193.929073174 0.005 0.406 0.5 0.10067114094 2 298 98
1519 17 -115.402356233 242.212277416 0.085 0.901 0.6 0.150943396226 35 265 98
1520 4 -122.162506417 255.732577784 0.005 0.307 nan 0.153333333333 0 300 98
1521 17 -135.773894968 282.955354886 0.005 0.208 nan 0.176666666667 0 300 98
1523 14 -142.459749612 296.327064174 0.04 0.406 0.444444444444 0.216494845361 9 291 98
1524 11 -140.823849902 293.055264754 0.04 0.406 0.411764705882 0.201413427562 17 283 98
1525 12 -144.274234098 299.956033146 0.03 0.307 0.2 0.220338983051 5 295 98
1526 11 -126.704535926 264.816636801 0.005 0.307 nan 0.156666666667 0 300 98
1527 15 -151.765225651 314.938016251 0.005 0.208 nan 0.216666666667 0 300 98
1528 2 -118.879718464 249.167001877 0.005 0.307 nan 0.153333333333 0 300 98
1529 2 -86.7382036122 184.883972174 0.01 0.604 0.2 0.105084745763 5 295 98
1530 15 -93.7570518377 198.921668625 0.005 0.406 nan 0.106666666667 0 300 98
1531 10 -110.324076567 232.055718082 0.005 0.307 nan 0.133333333333 0 300 98
1532 15 -84.9695220835 181.346609116 0.01 0.604 nan 0.1 0 300 98
1533 22 -81.2182432057 173.844051361 0.005 0.505 nan 0.1 0 300 98
1534 19 -131.712082401 274.831729751 0.07 0.604 0.541666666667 0.195652173913 24 276 98
1535 15 -131.678844343 274.765253634 0.065 0.604 0.684210526316 0.185053380783 19 281 98
1536 5 -119.348440568 250.104446085 0.035 0.505 0.6 0.172881355932 5 295 99
1537 12 -140.931677837 293.270920624 0.015 0.307 nan 0.196666666667 0 300 99
1538 32 -154.391152663 320.189870276 0.045 0.307 0.533333333333 0.228070175439 15 285 99
1539 24 -122.045020824 255.497606598 0.005 0.307 nan 0.156666666667 0 300 99
1540 8 -157.674969437 326.757503824 0.005 0.208 nan 0.22 0 300 99
1541 11 -123.713869046 258.835303041 0.115 0.901 0.596153846154 0.165322580645 52 248 99
1542 7 -127.843743653 267.095052256 0.015 0.307 nan 0.18 0 300 99
1543 7 -106.410082056 224.227729062 0.02 0.505 0.75 0.135135135135 4 296 99
1544 13 -104.899349605 221.20626416 0.005 0.406 nan 0.126666666667 0 300 99
1545 25 -156.124321204 323.656207358 0.01 0.208 nan 0.226666666667 0 300 99
1546 12 -115.989733772 243.387032494 0.005 0.307 nan 0.136666666667 0 300 99
1547 23 -207.771292599 426.950150147 0.16 0.01 0.441176470588 0.5 34 266 99
1549 27 -142.190026449 295.787617848 0.005 0.208 nan 0.19 0 300 99
1550 4 -146.985211068 305.377987085 0.02 0.307 0.5 0.204697986577 2 298 99
1553 11 -135.363942915 282.135450779 0.06 0.505 0.538461538462 0.209059233449 13 287 99
140 11 -83.6935789121 178.794722774 0.005 0.505 nan 0.0966666666667 0 300 99
141 4 -122.299786077 256.007137103 0.015 0.406 0.5 0.157718120805 2 298 99
142 10 -100.853322712 213.114210372 0.005 0.406 nan 0.126666666667 0 300 99
143 21 -162.386697868 336.180960685 0.205 0.604 0.576271186441 0.261410788382 59 241 99
144 16 -75.0819570136 161.571478977 0.005 0.505 nan 0.0933333333333 0 300 99
145 10 -116.021154517 243.449873983 0.005 0.307 nan 0.136666666667 0 300 99
146 24 -165.815618743 343.038802434 0.01 0.208 1.0 0.23745819398 1 299 99
147 11 -126.084318558 263.576202066 0.05 0.505 0.555555555556 0.199312714777 9 291 99
148 3 -134.435009879 280.277584707 0.05 0.505 0.705882352941 0.180212014134 17 283 99
149 5 -139.43289565 290.273356249 0.035 0.406 0.444444444444 0.202749140893 9 291 99
150 25 -139.955674147 291.318913243 0.015 0.307 0.0 0.19397993311 1 299 99
151 21 -160.627164283 332.661893515 0.01 0.208 nan 0.24 0 300 99
152 9 -91.2307137301 193.86899241 0.005 0.406 nan 0.106666666667 0 300 99
153 15 -171.357697203 354.122959356 0.115 0.307 0.617647058824 0.274436090226 34 266 99
154 3 -117.584210876 246.575986701 0.04 0.604 0.692307692308 0.163763066202 13 287 99
155 0 -123.258919766 257.925404482 0.015 0.406 1.0 0.163879598662 1 299 99
157 8 -136.336414576 284.080394102 0.015 0.307 nan 0.19 0 300 99
158 9 -62.8189086271 137.045382203 0.01 0.802 1.0 0.0738255033557 2 298 99
159 15 -81.909136034 175.225837017 0.005 0.505 nan 0.0966666666667 0 300 99
160 29 -66.2892103739 143.985985697 0.01 0.901 nan 0.0833333333333 0 300 99
161 4 -76.4847143916 164.376993733 0.005 0.604 nan 0.0966666666667 0 300 99
162 19 -175.535149253 362.477863456 0.035 0.208 1.0 0.297658862876 1 299 99
163 3 -155.330459681 322.068484311 0.005 0.208 nan 0.22 0 300 99
164 2 -131.06142591 273.530416769 0.015 0.307 nan 0.186666666667 0 300 99
165 12 -127.412635259 266.232835467 0.05 0.505 0.5 0.178571428571 20 280 99
166 1 -103.737899615 218.883364179 0.07 1.0 0.617647058824 0.131578947368 34 266 99
168 37 -119.247074541 249.901714032 0.005 0.307 nan 0.15 0 300 99
170 12 -137.590375096 286.588315142 0.04 0.406 0.8 0.206779661017 5 295 99
171 5 -124.10527453 259.618114009 0.01 0.307 nan 0.16 0 300 99
172 9 -143.894901841 299.197368631 0.015 0.307 1.0 0.200668896321 1 299 99
173 5 -109.895415345 231.198395638 0.015 0.505 0.666666666667 0.144781144781 3 297 99
174 1 -142.504461967 296.416488883 0.005 0.208 nan 0.2 0 300 99
175 12 -97.0688399256 205.5452448 0.005 0.406 nan 0.116666666667 0 300 99
176 21 -136.099923766 283.607412481 0.14 0.802 0.571428571429 0.195219123506 49 251 99
177 40 -207.924923083 427.257411116 0.02 0.01 nan 0.49 0 300 99
178 8 -137.009276242 285.426117434 0.02 0.307 0.333333333333 0.195286195286 3 297 99
179 4 -138.824508341 289.05658163 0.045 0.406 0.666666666667 0.218855218855 3 297 99
180 8 -123.631109506 258.669783961 0.055 0.604 0.529411764706 0.183745583039 17 283 99
181 4 -117.038674199 245.484913348 0.13 1.0 0.673913043478 0.157480314961 46 254 99
183 5 -126.095983217 263.599531384 0.005 0.307 nan 0.153333333333 0 300 99
184 3 -165.605954 342.61947295 0.02 0.208 0.5 0.25 4 296 99
185 7 -87.277094911 185.961754771 0.005 0.406 nan 0.1 0 300 99
186 11 -83.4315236632 178.270612276 0.005 0.406 nan 0.0966666666667 0 300 99
187 8 -104.2629712 219.933507349 0.01 0.406 nan 0.14 0 300 99
188 20 -148.178104557 307.763774063 0.005 0.208 nan 0.21 0 300 99
189 3 -122.145572044 255.698709037 0.09 0.802 0.615384615385 0.186131386861 26 274 99
190 32 -184.990781472 381.389127894 0.005 0.109 nan 0.313333333333 0 300 99
192 7 -126.066514288 263.540593525 0.025 0.406 0.333333333333 0.176870748299 6 294 99
193 2 -126.102181783 263.611928515 0.01 0.307 nan 0.166666666667 0 300 99
194 9 -59.3049485811 130.017462111 0.005 0.703 nan 0.07 0 300 99
195 9 -160.542137889 332.491840726 0.015 0.208 nan 0.236666666667 0 300 99
196 0 -117.56800532 246.54357559 0.03 0.505 0.583333333333 0.152777777778 12 288 99
197 23 -187.628578492 386.664721934 0.015 0.109 nan 0.326666666667 0 300 99
198 8 -64.1270381405 139.66164123 0.005 0.604 nan 0.08 0 300 99
199 11 -112.861914339 237.131393627 0.025 0.505 0.75 0.165540540541 4 296 99
200 22 -105.59864677 222.604858489 0.005 0.307 nan 0.126666666667 0 300 99
202 17 -148.006988364 307.421541678 0.09 0.505 0.565217391304 0.234657039711 23 277 99
203 7 -113.087410467 237.582385882 0.005 0.307 nan 0.136666666667 0 300 99
204 22 -112.369424873 236.146414696 0.005 0.307 nan 0.13 0 300 99
206 32 -114.998189816 241.40394458 0.005 0.307 nan 0.143333333333 0 300 99
207 6 -89.7758007365 190.959166422 0.005 0.406 nan 0.113333333333 0 300 99
208 34 -135.909609165 283.22678328 0.01 0.307 nan 0.186666666667 0 300 99
212 1 -104.364565354 220.136695657 0.02 0.505 1.0 0.147157190635 1 299 99
213 18 -207.988253582 427.384072113 0.205 0.01 0.620689655172 0.509225092251 29 271 99
215 8 -97.113619434 205.634803817 0.005 0.406 nan 0.113333333333 0 300 99
216 1 -92.0138589597 195.435282869 0.01 0.505 1.0 0.117056856187 1 299 99
217 16 -146.881458986 305.170482922 0.005 0.208 nan 0.2 0 300 99
218 3 -136.73847536 284.884515669 0.02 0.307 0.666666666667 0.195286195286 3 297 99
220 26 -85.0466931934 181.500951336 0.005 0.505 nan 0.0966666666667 0 300 99
221 3 -108.600061092 228.607687133 0.06 0.802 0.764705882353 0.151943462898 17 283 99
223 15 -92.2766802041 195.960925357 0.005 0.406 nan 0.113333333333 0 300 99
225 4 -132.772463499 276.952491947 0.01 0.307 nan 0.186666666667 0 300 99
226 22 -128.318352719 268.044270388 0.045 0.505 0.466666666667 0.182456140351 15 285 99
227 39 -139.382189303 290.171943555 0.005 0.208 nan 0.18 0 300 99
228 12 -120.869084938 253.145734824 0.005 0.307 nan 0.15 0 300 99
229 16 -114.70494489 240.817454729 0.005 0.307 nan 0.146666666667 0 300 99
230 8 -43.9884892666 99.3845434824 0.005 1.0 nan 0.0566666666667 0 300 99
231 40 -159.48861987 330.38480469 0.01 0.208 nan 0.233333333333 0 300 99
232 7 -135.332624031 282.072813011 0.015 0.307 nan 0.19 0 300 99
234 8 -86.9640271517 185.335619253 0.01 0.604 0.5 0.110738255034 2 298 99
235 11 -146.358752636 304.125070222 0.005 0.208 nan 0.2 0 300 99
236 12 -176.79375285 364.995070649 0.005 0.109 nan 0.28 0 300 99
237 3 -150.505262 312.418088949 0.025 0.307 1.0 0.220735785953 1 299 99
238 25 -145.143129583 301.693824115 0.01 0.208 nan 0.196666666667 0 300 99
240 3 -95.5466241492 202.500813248 0.005 0.406 nan 0.116666666667 0 300 99
241 4 -151.157165083 313.721895115 0.005 0.208 nan 0.203333333333 0 300 99
242 7 -82.6007105303 176.60898601 0.005 0.505 nan 0.103333333333 0 300 99
243 13 -111.014597111 233.436759171 0.1 1.0 0.571428571429 0.143426294821 49 251 99
244 28 -168.278131149 347.963827248 0.02 0.208 1.0 0.260869565217 1 299 99
245 9 -115.028202222 241.463969394 0.075 0.802 0.571428571429 0.150943396226 35 265 99
247 15 -124.835366458 261.078297865 0.055 0.604 0.608695652174 0.166064981949 23 277 99
248 35 -180.760608433 372.928781816 0.05 0.208 0.466666666667 0.294736842105 15 285 99
253 4 -93.4525515387 198.312668027 0.015 0.604 0.5 0.116438356164 8 292 99
256 10 -116.798747092 245.005059133 0.005 0.307 nan 0.15 0 300 99
257 24 -125.518661623 262.444888196 0.01 0.307 nan 0.17 0 300 99
258 8 -124.74960559 260.906776129 0.08 0.703 0.645161290323 0.174721189591 31 269 99
259 14 -57.319019795 126.045604539 0.005 0.802 nan 0.08 0 300 99
260 13 -130.310067569 272.027700087 0.03 0.406 0.333333333333 0.20202020202 3 297 99
261 7 -177.205590097 365.818745144 0.005 0.109 nan 0.283333333333 0 300 99
262 11 -120.428335178 252.264235306 0.02 0.406 1.0 0.161616161616 3 297 99
263 8 -87.8619035724 187.131372094 0.005 0.406 nan 0.103333333333 0 300 99
264 3 -90.2780153066 191.963595562 0.005 0.406 nan 0.113333333333 0 300 99
1519 17 -120.985480584 253.378526117 0.08 0.802 0.631578947368 0.148854961832 38 262 99
1520 4 -116.211933619 243.831432188 0.015 0.406 0.5 0.151006711409 2 298 99
1521 17 -132.169013282 275.745591513 0.015 0.307 nan 0.19 0 300 99
1523 14 -143.06407194 297.53570883 0.04 0.406 0.428571428571 0.20979020979 14 286 99
1524 11 -134.29242156 279.992408069 0.03 0.406 0.428571428571 0.185314685315 14 286 99
1525 12 -142.008157823 295.423880594 0.045 0.406 0.357142857143 0.216783216783 14 286 99
1526 11 -112.571809406 236.551183761 0.005 0.307 nan 0.14 0 300 99
1527 15 -138.826215432 289.059995813 0.045 0.406 0.45 0.192857142857 20 280 99
1528 2 -119.381832055 250.171229059 0.005 0.307 nan 0.14 0 300 99
1529 2 -89.8794868297 191.166538609 0.005 0.406 nan 0.11 0 300 99
1530 15 -105.785542259 222.978649467 0.005 0.406 nan 0.13 0 300 99
1531 10 -111.980242421 235.368049791 0.02 0.505 0.666666666667 0.151515151515 3 297 99
1532 15 -83.5194245418 178.446414033 0.005 0.505 nan 0.0933333333333 0 300 99
1533 22 -92.5975418955 196.60264874 0.005 0.406 nan 0.113333333333 0 300 99
1534 19 -134.22216983 279.85190461 0.07 0.505 0.565217391304 0.202166064982 23 277 99
1535 15 -129.609944639 270.627454228 0.055 0.505 0.642857142857 0.192307692308 14 286 99
1536 5 -113.361554922 238.130674793 0.065 0.802 0.619047619048 0.15770609319 21 279 100
1537 12 -147.992450265 307.392465479 0.005 0.208 nan 0.203333333333 0 300 100
1538 32 -152.711785831 316.831136611 0.045 0.307 0.8 0.24406779661 5 295 100
1539 24 -118.556078856 248.519722662 0.005 0.307 nan 0.14 0 300 100
1540 8 -136.24616698 283.89989891 0.005 0.208 nan 0.176666666667 0 300 100
1541 11 -132.192724635 275.793014219 0.13 0.802 0.6 0.18 50 250 100
1542 7 -137.686210673 286.779986294 0.015 0.307 1.0 0.190635451505 1 299 100
1543 7 -96.9547875222 205.317139994 0.025 0.802 0.466666666667 0.115789473684 15 285 100
1544 13 -122.347632769 256.102830487 0.005 0.307 nan 0.15 0 300 100
1545 25 -165.9529776 343.31352015 0.005 0.208 nan 0.236666666667 0 300 100
1546 12 -115.637235578 242.682036104 0.005 0.307 nan 0.15 0 300 100
1547 23 -207.09367767 425.594920289 0.005 0.01 nan 0.453333333333 0 300 100
1549 27 -147.822943725 307.0534524 0.005 0.208 nan 0.2 0 300 100
1550 4 -143.047514021 297.502592991 0.015 0.307 nan 0.203333333333 0 300 100
1553 11 -125.743580677 262.894726303 0.085 0.703 0.681818181818 0.190647482014 22 278 100
140 11 -77.8735985748 167.154762099 0.005 0.505 nan 0.0933333333333 0 300 100
141 4 -120.517500566 252.442566081 0.01 0.307 nan 0.156666666667 0 300 100
142 10 -75.5337191521 162.475003253 0.005 0.505 nan 0.0966666666667 0 300 100
143 21 -167.954351042 347.316267033 0.15 0.406 0.606060606061 0.284644194757 33 267 100
144 16 -81.0082611452 173.42408724 0.005 0.505 0.5 0.0906040268456 2 298 100
145 10 -107.812011955 227.03158886 0.005 0.406 nan 0.126666666667 0 300 100
146 24 -153.644463945 318.696492839 0.015 0.208 0.5 0.221476510067 2 298 100
147 11 -126.812110887 265.031786722 0.055 0.604 0.625 0.170289855072 24 276 100
148 3 -133.995479583 279.398524115 0.04 0.406 0.666666666667 0.197278911565 6 294 100
149 5 -121.041043158 253.489651265 0.035 0.505 0.6 0.179661016949 5 295 100
150 25 -155.788474741 322.984514431 0.005 0.208 nan 0.216666666667 0 300 100
151 21 -152.312528317 316.032621584 0.005 0.208 nan 0.216666666667 0 300 100
152 9 -90.3259777428 192.059520435 0.01 0.505 nan 0.113333333333 0 300 100
153 15 -179.387646595 370.182858139 0.125 0.307 0.533333333333 0.307407407407 30 270 100
154 3 -115.532379978 242.472324906 0.025 0.505 0.5 0.165540540541 4 296 100
155 0 -132.909052448 277.225669846 0.005 0.307 nan 0.166666666667 0 300 100
157 8 -158.508828651 328.425222251 0.01 0.208 nan 0.236666666667 0 300 100
158 9 -90.0890050986 191.585575146 0.005 0.406 nan 0.106666666667 0 300 100
159 15 -79.0620232007 169.531611351 0.005 0.505 nan 0.0966666666667 0 300 100
160 29 -84.4076213363 180.222807622 0.005 0.505 nan 0.0966666666667 0 300 100
161 4 -71.2605765961 153.928718141 0.01 0.802 0.333333333333 0.0841750841751 3 297 100
162 19 -190.750996424 392.909557797 0.005 0.109 nan 0.32 0 300 100
163 3 -157.71509547 326.837755889 0.005 0.208 nan 0.223333333333 0 300 100
164 2 -129.005415679 269.418396308 0.015 0.307 1.0 0.180602006689 1 299 100
165 12 -147.333163612 306.073892174 0.03 0.307 nan 0.236666666667 0 300 100
166 1 -104.793970908 220.995506766 0.065 1.0 0.464285714286 0.154411764706 28 272 100
168 37 -111.101989419 233.611543787 0.005 0.307 nan 0.13 0 300 100
170 12 -142.075517195 295.55859934 0.03 0.307 0.25 0.215753424658 8 292 100
171 5 -116.202334163 243.812233274 0.005 0.307 nan 0.146666666667 0 300 100
172 9 -142.435156961 296.277878871 0.045 0.406 0.666666666667 0.216494845361 9 291 100
173 5 -92.577837384 196.563239717 0.015 0.604 nan 0.126666666667 0 300 100
174 1 -144.277966268 299.963497484 0.005 0.208 nan 0.196666666667 0 300 100
175 12 -100.285562164 211.978689278 0.005 0.406 nan 0.12 0 300 100
176 21 -133.979249805 279.36606456 0.14 0.802 0.609756097561 0.204633204633 41 259 100
177 40 -208.086015378 427.579595706 0.205 0.01 0.486486486486 0.520912547529 37 263 100
178 8 -123.448096509 258.303757967 0.02 0.406 1.0 0.180602006689 1 299 100
179 4 -139.157578452 289.722721853 0.05 0.406 0.4375 0.211267605634 16 284 100
180 8 -131.72554391 274.85865277 0.06 0.505 0.333333333333 0.215277777778 12 288 100
181 4 -128.365011485 268.137587919 0.11 0.802 0.541666666667 0.18253968254 48 252 100
183 5 -110.992927389 233.393419726 0.005 0.307 nan 0.14 0 300 100
184 3 -155.327088871 322.061742691 0.01 0.208 nan 0.22 0 300 100
185 7 -99.8687510388 211.145067027 0.005 0.406 nan 0.113333333333 0 300 100
186 11 -96.487327529 204.382220007 0.005 0.406 nan 0.116666666667 0 300 100
187 8 -109.482943466 230.373451882 0.01 0.406 nan 0.143333333333 0 300 100
188 20 -148.029717228 307.466999406 0.005 0.208 nan 0.2 0 300 100
189 3 -126.359276534 264.126118017 0.075 0.703 0.621621621622 0.15969581749 37 263 100
190 32 -185.424617236 382.256799421 0.01 0.109 nan 0.316666666667 0 300 100
192 7 -137.190198136 285.787961221 0.015 0.307 1.0 0.190635451505 1 299 100
193 2 -121.927149335 255.261863619 0.02 0.406 nan 0.173333333333 0 300 100
194 9 -63.7405623706 138.88868969 0.005 0.703 nan 0.0733333333333 0 300 100
195 9 -164.24228334 339.892131629 0.015 0.208 nan 0.253333333333 0 300 100
196 0 -103.371794554 218.151154057 0.025 0.604 nan 0.163333333333 0 300 100
197 23 -195.345410099 402.098385148 0.02 0.109 1.0 0.351170568562 1 299 100
198 8 -70.926754596 153.261074141 0.005 0.604 nan 0.0833333333333 0 300 100
199 11 -111.309087885 234.025740719 0.02 0.505 0.8 0.142372881356 5 295 100
200 22 -113.315982856 238.039530661 0.01 0.406 nan 0.15 0 300 100
202 17 -153.047261888 317.502088726 0.085 0.406 0.448275862069 0.236162361624 29 271 100
203 7 -101.301138313 214.009841576 0.01 0.505 0.333333333333 0.121212121212 3 297 100
204 22 -115.64465281 242.69687057 0.005 0.307 nan 0.143333333333 0 300 100
206 32 -99.8727137912 211.152992532 0.01 0.505 nan 0.133333333333 0 300 100
207 6 -81.2747138454 173.95699264 0.005 0.505 nan 0.1 0 300 100
208 34 -140.62915843 292.66588181 0.005 0.208 nan 0.186666666667 0 300 100
212 1 -123.234287364 257.876139678 0.04 0.505 0.583333333333 0.173611111111 12 288 100
213 18 -207.616818148 426.641201246 0.02 0.01 nan 0.483333333333 0 300 100
215 8 -100.498023678 212.403612306 0.005 0.406 nan 0.12 0 300 100
216 1 -89.9842702901 191.376105529 0.005 0.406 nan 0.103333333333 0 300 100
217 16 -153.389131716 318.18582838 0.01 0.208 nan 0.22 0 300 100
218 3 -139.476059932 290.359684813 0.005 0.208 nan 0.19 0 300 100
220 26 -66.7547609048 144.917086759 0.005 0.604 nan 0.08 0 300 100
221 3 -117.594751869 246.597068687 0.08 0.901 0.6 0.15 40 260 100
223 15 -91.7037653127 194.815095575 0.005 0.406 nan 0.106666666667 0 300 100
225 4 -122.893729283 257.195023515 0.02 0.406 1.0 0.177257525084 1 299 100
226 22 -127.640956508 266.689477966 0.025 0.406 0.8 0.169491525424 5 295 100
227 39 -148.238734536 307.885034022 0.01 0.208 nan 0.206666666667 0 300 100
228 12 -117.01644831 245.440461569 0.005 0.307 nan 0.143333333333 0 300 100
229 16 -110.689232471 232.786029892 0.01 0.406 nan 0.146666666667 0 300 100
230 8 -48.9373766084 109.282318166 0.005 0.901 nan 0.0533333333333 0 300 100
231 40 -149.103931225 309.6154274 0.005 0.208 nan 0.203333333333 0 300 100
232 7 -136.456932947 284.321430843 0.015 0.307 1.0 0.190635451505 1 299 100
234 8 -84.9197597294 181.247084408 0.01 0.604 nan 0.106666666667 0 300 100
235 11 -146.967005855 305.341576659 0.005 0.208 nan 0.206666666667 0 300 100
236 12 -189.471272518 390.350109986 0.01 0.109 nan 0.33 0 300 100
237 3 -149.282011249 309.971587448 0.005 0.208 nan 0.21 0 300 100
238 25 -154.437250493 320.282065935 0.005 0.208 nan 0.21 0 300 100
240 3 -90.3598464738 192.127257897 0.005 0.406 nan 0.11 0 300 100
241 4 -149.921396996 311.250358941 0.01 0.208 nan 0.216666666667 0 300 100
242 7 -80.7977958658 173.003156681 0.005 0.505 nan 0.0933333333333 0 300 100
243 13 -108.320141852 228.047848654 0.095 1.0 0.739130434783 0.173285198556 23 277 100
244 28 -150.735313543 312.878192035 0.01 0.208 nan 0.223333333333 0 300 100
245 9 -117.320536373 246.048637695 0.045 0.604 0.416666666667 0.1875 12 288 100
247 15 -111.726836349 234.861237646 0.05 0.703 0.733333333333 0.161403508772 15 285 100
248 35 -182.403420506 376.214405962 0.005 0.109 nan 0.296666666667 0 300 100
253 4 -79.7860828723 170.979730694 0.005 0.505 nan 0.0966666666667 0 300 100
256 10 -114.84845525 241.104475449 0.005 0.307 nan 0.136666666667 0 300 100
257 24 -116.644064637 244.695694224 0.015 0.406 0.333333333333 0.154882154882 3 297 100
258 8 -122.601919978 256.611404906 0.085 0.703 0.578947368421 0.202846975089 19 281 100
259 14 -49.3217733148 110.051111579 0.005 0.901 nan 0.0533333333333 0 300 100
260 13 -120.313301468 252.034167885 0.04 0.505 0.6 0.18275862069 10 290 100
261 7 -181.575187079 374.557939108 0.005 0.109 nan 0.293333333333 0 300 100
262 11 -124.942111978 261.291788905 0.015 0.406 0.666666666667 0.161616161616 3 297 100
263 8 -100.77168352 212.950931989 0.01 0.505 0.333333333333 0.121212121212 3 297 100
264 3 -73.0124961131 157.432557175 0.005 0.505 nan 0.0866666666667 0 300 100
1519 17 -117.069272014 245.546108976 0.115 1.0 0.588235294118 0.156626506024 51 249 100
1520 4 -122.677807943 256.763180835 0.005 0.307 nan 0.156666666667 0 300 100
1521 17 -146.465999196 304.339563341 0.025 0.307 0.571428571429 0.20819112628 7 293 100
1523 14 -135.136569892 281.680704732 0.04 0.406 0.375 0.205479452055 8 292 100
1524 11 -128.807885116 269.023335181 0.02 0.406 0.4 0.172881355932 5 295 100
1525 12 -139.56050662 290.528578189 0.05 0.406 0.526315789474 0.192170818505 19 281 100
1526 11 -114.670978448 240.749521846 0.015 0.406 0.25 0.155405405405 4 296 100
1527 15 -125.559019396 262.52560374 0.01 0.307 nan 0.173333333333 0 300 100
1528 2 -105.587812239 222.583189428 0.01 0.406 nan 0.133333333333 0 300 100
1529 2 -90.6858951742 192.779355298 0.005 0.406 nan 0.103333333333 0 300 100
1530 15 -94.3994851059 200.206535161 0.005 0.406 nan 0.116666666667 0 300 100
1531 10 -94.828877232 201.065319413 0.01 0.505 nan 0.123333333333 0 300 100
1532 15 -71.5292498918 154.466064733 0.005 0.505 nan 0.0866666666667 0 300 100
1533 22 -92.6936736276 196.794912204 0.01 0.505 nan 0.113333333333 0 300 100
1534 19 -139.944603415 291.296771779 0.08 0.505 0.451612903226 0.204460966543 31 269 100
1535 15 -117.563659575 246.534884099 0.075 0.802 0.533333333333 0.177777777778 30 270 100
