1536 5 -183.300896336 378.009357621 0.005 0.208 0.0 0.0277777777778 156 144 61
1537 12 -169.582232259 350.572029467 0.005 0.208 0.0208333333333 0.18253968254 48 252 61
1538 32 -177.114990312 365.637545573 0.005 0.109 nan 0.273333333333 0 300 61
1539 24 -182.229787247 375.867139444 0.005 0.208 0.0 0.173708920188 87 213 61
1540 8 -173.503644572 358.414854093 0.005 0.208 0.0 0.206766917293 34 266 61
1541 11 -175.112698853 361.632962655 0.005 0.109 nan 0.25 0 300 61
1542 7 -169.610651935 350.628868819 0.005 0.208 0.0 0.104545454545 80 220 61
1543 7 -165.059832003 341.527228955 0.005 0.307 0.0 0.0432432432432 115 185 61
1544 13 -127.753061948 266.913688846 0.005 0.307 0.0 0.117845117845 3 297 61
1545 25 -160.568477913 332.544520776 0.005 0.307 0.0 0.109649122807 72 228 61
1546 12 -96.9927932506 205.393151451 0.005 0.703 0.0 0.0242914979757 53 247 61
1547 23 -206.178383593 423.764332135 0.205 0.109 0.434782608696 0.448818897638 46 254 61
1549 27 -150.157560225 311.7226854 0.005 0.406 0.0 0.042654028436 89 211 61
1550 4 -168.154577172 347.716719294 0.005 0.208 0.0689655172414 0.184501845018 29 271 61
1553 11 -168.566311858 348.540188666 0.005 0.208 0.0 0.152542372881 64 236 61
140 11 -124.827718779 261.063002507 0.005 0.505 0.0444444444444 0.0666666666667 45 255 61
141 4 -166.521034436 344.449633821 0.005 0.406 0.0 0.0118343195266 131 169 61
142 10 -166.048416018 343.504396985 0.005 0.208 0.038961038961 0.116591928251 77 223 61
143 21 -180.223187286 371.853939522 0.005 0.109 nan 0.286666666667 0 300 61
144 16 -149.607171973 310.621908896 0.005 0.406 0.0 0.048309178744 93 207 61
145 10 -180.911376876 373.230318701 0.005 0.208 0.0 0.0606060606061 135 165 61
146 24 -157.382661805 326.17288856 0.005 0.208 0.0384615384615 0.138686131387 26 274 61
147 11 -151.938522832 315.284610614 0.005 0.307 0.0 0.132142857143 20 280 61
148 3 -145.375014381 302.157593711 0.005 0.406 0.0 0.046511627907 85 215 61
149 5 -175.329846834 362.067258618 0.005 0.208 0.0 0.0785340314136 109 191 61
150 25 -149.059904884 309.527374718 0.005 0.307 0.0166666666667 0.1 60 240 61
151 21 -148.23854623 307.884657409 0.005 0.208 nan 0.19 0 300 61
152 9 -108.386378348 228.180321645 0.005 0.901 0.0 0.0 79 221 61
153 15 -194.466823378 400.341211706 0.02 0.109 0.333333333333 0.346801346801 3 297 61
154 3 -171.047890094 353.503345137 0.005 0.307 0.0 0.089552238806 99 201 61
155 0 -136.651528281 284.710621512 0.005 0.604 0.0 0.0281690140845 87 213 61
157 8 -174.211210204 359.829985357 0.005 0.109 nan 0.256666666667 0 300 61
158 9 -168.908129732 349.223824413 0.005 0.406 0.0 0.0184049079755 137 163 61
159 15 -142.323415065 296.05439508 0.005 0.604 0.0 0.0 116 184 61
160 29 -198.509183856 408.425932661 0.005 0.208 0.0 0.0152671755725 169 131 61
161 4 -124.881078278 261.169721506 0.005 0.406 0.02 0.08 50 250 61
162 19 -189.282514123 389.972593195 0.005 0.109 nan 0.31 0 300 61
163 3 -99.6052212347 210.618007419 0.005 0.802 0.0 0.015873015873 48 252 61
164 2 -165.44899188 342.305548709 0.005 0.208 0.0 0.14798206278 77 223 61
165 12 -182.799801815 377.007168579 0.01 0.109 nan 0.296666666667 0 300 61
166 1 -151.884975702 315.177516352 0.005 0.208 0.0 0.139705882353 28 272 61
168 37 -136.435227588 284.278020125 0.005 0.406 0.0 0.0576131687243 57 243 61
170 12 -159.168818753 329.745202456 0.005 0.208 0.0 0.1328125 44 256 61
171 5 -117.667559272 246.742683494 0.005 0.604 0.0 0.0283400809717 53 247 61
172 9 -159.667694161 330.74295327 0.005 0.208 0.0344827586207 0.158671586716 29 271 61
173 5 -123.113207677 257.633980303 0.005 0.406 0.0 0.0744680851064 18 282 61
174 1 -152.073867247 315.555299444 0.005 0.406 0.0 0.025 100 200 61
175 12 -139.55796025 290.52348545 0.005 0.406 0.0121951219512 0.0596330275229 82 218 61
176 21 -160.91078463 333.229134209 0.005 0.208 1.0 0.161073825503 2 298 61
177 40 -206.204389529 423.816344006 0.19 0.109 0.538461538462 0.415322580645 52 248 61
178 8 -83.9540850877 179.315735125 0.005 1.0 0.0 0.00408163265306 55 245 61
179 4 -179.656898985 370.721362919 0.005 0.109 nan 0.276666666667 0 300 61
180 8 -101.693648815 214.794862579 0.005 0.901 0.0 0.008 50 250 61
181 4 -115.710379517 242.828323982 0.005 0.505 0.0 0.0290456431535 59 241 61
183 5 -154.17193583 319.751436608 0.005 0.406 0.0 0.0161290322581 114 186 61
184 3 -125.021021852 261.449608653 0.005 0.505 0.0 0.0542635658915 42 258 61
185 7 -147.683299964 306.774164878 0.005 0.505 0.0 0.0204081632653 104 196 61
186 11 -99.054504895 209.516574739 0.005 0.703 0.0 0.0239043824701 49 251 61
187 8 -128.711175153 268.829915256 0.005 0.307 0.037037037037 0.0842490842491 27 273 61
188 20 -119.499976182 250.407517314 0.005 0.505 0.0204081632653 0.0398406374502 49 251 61
189 3 -161.972187113 335.351939176 0.005 0.208 0.0 0.128630705394 59 241 61
190 32 -189.026522614 389.460610176 0.005 0.109 nan 0.306666666667 0 300 61
192 7 -160.453279194 332.314123338 0.005 0.208 0.0 0.165384615385 40 260 61
193 2 -135.286753111 281.981071172 0.005 0.604 0.0 0.0276497695853 83 217 61
194 9 -152.643575423 316.694715796 0.005 0.307 0.013698630137 0.0704845814978 73 227 61
195 9 -175.409951698 362.227468345 0.005 0.109 0.166666666667 0.231292517007 6 294 61
196 0 -171.026437168 353.460439286 0.005 0.208 0.0 0.150862068966 68 232 61
197 23 -186.543084173 384.493733296 0.005 0.109 nan 0.306666666667 0 300 61
198 8 -148.642085636 308.691736222 0.005 0.406 0.0 0.046511627907 85 215 61
199 11 -166.669245907 344.746056764 0.005 0.307 0.0 0.0742574257426 98 202 61
200 22 -159.45939931 330.32636357 0.005 0.208 0.0 0.143911439114 29 271 61
202 17 -188.610421643 388.628408236 0.005 0.109 nan 0.303333333333 0 300 61
203 7 -135.062736878 281.533038705 0.005 0.406 0.0 0.068085106383 65 235 61
204 22 -122.005695896 255.418956741 0.005 0.406 0.0 0.0631970260223 31 269 61
206 32 -146.082196806 303.571958562 0.005 0.505 0.0 0.0152284263959 103 197 61
207 6 -138.577785438 288.563135825 0.005 0.406 0.0 0.0488888888889 75 225 61
208 34 -169.443296021 350.294156992 0.005 0.208 nan 0.226666666667 0 300 61
212 1 -161.569313655 334.54619226 0.005 0.406 0.0 0.0213903743316 113 187 61
213 18 -206.310298786 424.028162522 0.205 0.109 0.408163265306 0.446215139442 49 251 61
215 8 -110.068470937 231.544506823 0.005 0.703 0.0 0.0206611570248 58 242 61
216 1 -107.013319451 225.434203852 0.005 1.0 0.0 0.0042194092827 63 237 61
217 16 -173.771315253 358.950195455 0.005 0.208 0.0 0.10502283105 81 219 61
218 3 -155.774466592 322.956498133 0.005 0.208 0.0 0.144486692015 37 263 61
220 26 -114.192034538 239.791634026 0.005 0.703 0.0 0.025974025974 69 231 61
221 3 -162.716044545 336.839654039 0.005 0.307 0.0 0.102325581395 85 215 61
223 15 -167.923446144 347.254457237 0.005 0.406 0.0 0.00641025641026 144 156 61
225 4 -158.667077886 328.741720722 0.005 0.208 nan 0.213333333333 0 300 61
226 22 -112.701627397 236.810819743 0.005 0.703 0.0 0.0215517241379 68 232 61
227 39 -164.59652584 340.600616629 0.005 0.406 0.0 0.0364583333333 108 192 61
228 12 -136.410491808 284.228548566 0.005 0.505 0.0 0.0493273542601 77 223 61
229 16 -121.249071272 253.905707493 0.005 0.505 0.0 0.0344827586207 68 232 61
230 8 -133.708396736 278.824358421 0.005 0.703 0.0 0.0142180094787 89 211 61
231 40 -143.714074294 298.835713537 0.005 0.307 0.0 0.101167315175 43 257 61
232 7 -119.029538207 249.466641362 0.005 0.505 0.0 0.046875 44 256 61
234 8 -167.729121051 346.865807051 0.005 0.406 0.00724637681159 0.0123456790123 138 162 61
235 11 -152.789893626 316.987352201 0.005 0.406 0.0 0.0412371134021 106 194 61
236 12 -174.366111492 360.139787932 0.005 0.208 0.02 0.168 50 250 61
237 3 -128.957499406 269.322563761 0.005 0.307 0.125 0.143835616438 8 292 61
238 25 -149.923114183 311.253793316 0.005 0.208 0.04 0.16 25 275 61
240 3 -109.212923135 229.83341122 0.005 0.604 0.0 0.0404858299595 53 247 61
241 4 -145.555144135 302.517853219 0.005 0.505 0.0 0.03 100 200 61
242 7 -119.788247909 250.984060768 0.005 0.505 0.0 0.0413223140496 58 242 61
243 13 -168.711594618 348.830754186 0.005 0.208 0.0 0.101769911504 74 226 61
244 28 -179.623021195 370.65360734 0.005 0.109 0.333333333333 0.259259259259 3 297 61
245 9 -155.041840574 321.491246097 0.005 0.208 0.0 0.137254901961 45 255 61
247 15 -131.092376313 273.592317574 0.005 0.307 nan 0.146666666667 0 300 61
248 35 -190.86545118 393.13846731 0.005 0.109 nan 0.323333333333 0 300 61
253 4 -149.527057986 310.461680922 0.005 0.406 0.0 0.0445544554455 98 202 61
256 10 -166.350739876 344.109044701 0.005 0.307 0.0 0.0404624277457 127 173 61
257 24 -182.632674337 376.672913623 0.005 0.307 0.0 0.0196078431373 147 153 61
258 8 -158.804386406 329.016337762 0.005 0.208 0.1 0.186206896552 10 290 61
259 14 -129.615079968 270.637724885 0.005 0.604 0.0 0.0176211453744 73 227 61
260 13 -157.844353419 327.096271787 0.005 0.208 0.0 0.152671755725 38 262 61
261 7 -189.221389166 389.850343282 0.005 0.109 nan 0.303333333333 0 300 61
262 11 -150.629855045 312.66727504 0.005 0.505 0.0 0.010582010582 111 189 61
263 8 -124.358372768 260.124310486 0.005 0.802 0.0 0.0 108 192 61
264 3 -139.830263166 291.06809128 0.005 0.505 0.0 0.0147783251232 97 203 61
1519 17 -161.68197187 334.771508688 0.005 0.307 0.0 0.0933333333333 75 225 61
1520 4 -149.976521547 311.360608044 0.005 0.505 0.0 0.0 118 182 61
1521 17 -131.501830711 274.411226372 0.005 0.307 0.0 0.117647058824 28 272 61
1523 14 -166.443995592 344.295556133 0.005 0.307 0.0 0.0947867298578 89 211 61
1524 11 -113.064418785 237.536402519 0.005 0.406 0.0 0.0839160839161 14 286 61
1525 12 -121.533896814 254.475358577 0.005 0.802 0.0 0.00454545454545 80 220 61
1526 11 -128.973295542 269.354156032 0.005 0.703 0.0 0.0230414746544 83 217 61
1527 15 -177.178950653 365.765466255 0.005 0.109 nan 0.256666666667 0 300 61
1528 2 -164.832416139 341.072397226 0.005 0.208 nan 0.233333333333 0 300 61
1529 2 -145.146509476 301.700583902 0.005 0.406 0.0166666666667 0.0708333333333 60 240 61
1530 15 -163.204273757 337.816112463 0.005 0.307 0.0140845070423 0.109170305677 71 229 61
1531 10 -151.006581879 313.420728708 0.005 0.307 0.0149253731343 0.0729613733906 67 233 61
1532 15 -150.184392912 311.776350774 0.005 0.406 0.0 0.0692640692641 69 231 61
1533 22 -150.365931647 312.139428243 0.005 0.406 0.0 0.0480769230769 92 208 61
1534 19 -173.072890626 357.553346201 0.005 0.109 nan 0.256666666667 0 300 61
1535 15 -169.413938149 350.235441248 0.005 0.208 1.0 0.230769230769 1 299 61
1536 5 -125.32598803 262.05954101 0.005 0.406 0.0 0.0470085470085 66 234 62
1537 12 -127.566595899 266.540756747 0.005 0.703 0.0 0.0135135135135 78 222 62
1538 32 -173.023574241 357.454713431 0.005 0.208 0.0 0.217993079585 11 289 62
1539 24 -147.079486987 305.566538923 0.005 0.307 0.0 0.150877192982 15 285 62
1540 8 -150.514840265 312.437245479 0.005 0.406 0.0 0.0560747663551 86 214 62
1541 11 -149.834947151 311.07745925 0.005 0.604 0.0 0.0 125 175 62
1542 7 -200.069089687 411.545744324 0.005 0.109 0.0 0.0229007633588 169 131 62
1543 7 -124.585980906 260.579526761 0.005 0.604 0.0 0.0 91 209 62
1544 13 -156.252623995 323.912812939 0.005 0.208 0.0625 0.197183098592 16 284 62
1545 25 -142.55846244 296.524489829 0.005 0.307 0.0 0.0697674418605 42 258 62
1546 12 -117.678747797 246.765060544 0.005 0.703 0.0 0.0175438596491 72 228 62
1547 23 -206.109151454 423.625867858 0.005 0.01 nan 0.393333333333 0 300 62
1549 27 -146.982321524 305.372207998 0.005 0.406 0.0 0.0533333333333 75 225 62
1550 4 -157.68192905 326.77142305 0.005 0.208 0.0 0.136531365314 29 271 62
1553 11 -157.621331617 326.650228184 0.005 0.406 0.00869565217391 0.0432432432432 115 185 62
140 11 -120.177167006 251.761898962 0.005 0.802 0.010989010989 0.00478468899522 91 209 62
141 4 -165.689892967 342.787350884 0.005 0.307 0.0 0.0976744186047 85 215 62
142 10 -123.277283848 257.962132645 0.005 0.901 0.0 0.00492610837438 97 203 62
143 21 -184.506846461 380.421257871 0.005 0.109 0.0 0.246478873239 16 284 62
144 16 -126.882112441 265.171789831 0.005 0.802 0.0 0.0 93 207 62
145 10 -135.808671575 283.0249081 0.005 0.406 0.0 0.0658436213992 57 243 62
146 24 -143.8959109 299.19938675 0.005 0.406 0.0 0.057268722467 73 227 62
147 11 -153.855527884 319.118620717 0.005 0.406 0.0 0.031914893617 112 188 62
148 3 -153.572937038 318.553439026 0.005 0.208 0.0357142857143 0.143382352941 28 272 62
149 5 -123.189184134 257.785933218 0.005 0.505 0.0204081632653 0.0398406374502 49 251 62
150 25 -105.793177987 222.993920924 0.005 1.0 0.0 0.0045871559633 82 218 62
151 21 -157.067734186 325.54303332 0.005 0.208 0.0 0.143396226415 35 265 62
152 9 -176.754490273 364.916545494 0.005 0.307 0.0 0.0310559006211 139 161 62
153 15 -185.366037927 382.139640804 0.01 0.109 nan 0.316666666667 0 300 62
154 3 -160.276530583 331.960626115 0.005 0.208 0.0 0.141221374046 38 262 62
155 0 -154.675570241 320.758705431 0.005 0.406 0.0 0.0473933649289 89 211 62
157 8 -175.150833887 361.709232723 0.005 0.109 nan 0.243333333333 0 300 62
158 9 -138.644551732 288.696668413 0.005 0.604 0.0 0.010152284264 103 197 62
159 15 -142.38545479 296.17847453 0.005 0.604 0.0 0.0 113 187 62
160 29 -148.809592726 309.026750401 0.005 0.604 0.0 0.00552486187845 119 181 62
161 4 -119.690772655 250.789110259 0.005 0.505 0.0666666666667 0.0666666666667 30 270 62
162 19 -199.938603883 411.284772715 0.005 0.109 nan 0.353333333333 0 300 62
163 3 -124.562224397 260.532013744 0.005 0.307 0.0 0.1 10 290 62
164 2 -155.733322824 322.874210597 0.005 0.604 0.0 0.0 135 165 62
165 12 -157.264180768 325.935926486 0.005 0.307 0.0 0.0944881889764 46 254 62
166 1 -154.372203358 320.151971664 0.005 0.406 0.0 0.0157068062827 109 191 62
168 37 -183.547532077 378.502629103 0.005 0.109 0.0512820512821 0.241379310345 39 261 62
170 12 -153.54708111 318.501727169 0.005 0.307 0.0 0.0729613733906 67 233 62
171 5 -107.566561 226.54068695 0.005 0.505 0.0 0.0681003584229 21 279 62
172 9 -171.831745412 355.071055774 0.005 0.208 0.0 0.103092783505 106 194 62
173 5 -181.09712821 373.60182137 0.005 0.109 0.0 0.239543726236 37 263 62
174 1 -162.431491011 336.27054697 0.005 0.307 0.0 0.0523560209424 109 191 62
175 12 -120.342397104 252.092359158 0.005 0.802 0.0 0.00917431192661 82 218 62
176 21 -142.069752022 295.547068993 0.005 0.505 0.0 0.0382978723404 65 235 62
177 40 -205.661214164 422.729993277 0.085 0.109 0.473684210526 0.398576512456 19 281 62
178 8 -158.992166778 329.391898506 0.005 0.208 0.0 0.132231404959 58 242 62
179 4 -127.9272183 267.26200155 0.005 0.406 0.0 0.0754716981132 35 265 62
180 8 -149.920144379 311.247853708 0.005 0.208 0.333333333333 0.188552188552 3 297 62
181 4 -181.730666283 374.868897516 0.005 0.109 nan 0.286666666667 0 300 62
183 5 -176.064181564 363.535928077 0.005 0.208 0.0 0.18431372549 45 255 62
184 3 -178.320397799 368.048360548 0.005 0.109 nan 0.266666666667 0 300 62
185 7 -124.367338763 260.142242475 0.005 0.505 0.0 0.0331950207469 59 241 62
186 11 -102.711194079 216.829953107 0.005 1.0 0.0 0.0 74 226 62
187 8 -88.6171468359 188.641858621 0.005 1.0 0.0 0.0 63 237 62
188 20 -175.94342093 363.29440681 0.005 0.208 0.0 0.132420091324 81 219 62
189 3 -155.468760287 322.345085523 0.005 0.307 0.0 0.0975609756098 54 246 62
190 32 -186.66843067 384.744426289 0.005 0.109 nan 0.313333333333 0 300 62
192 7 -181.910192345 375.227949638 0.005 0.208 0.0 0.090395480226 123 177 62
193 2 -121.529216212 254.465997374 0.005 0.505 0.0 0.0590551181102 46 254 62
194 9 -152.401089305 316.20974356 0.005 0.307 0.0 0.0607476635514 86 214 62
195 9 -169.840402828 351.088370606 0.015 0.208 0.25 0.253378378378 4 296 62
196 0 -147.796869449 307.001303848 0.005 0.505 0.0 0.0208333333333 108 192 62
197 23 -191.554213407 394.515991762 0.005 0.109 nan 0.323333333333 0 300 62
198 8 -142.457836978 296.323238906 0.005 0.505 0.0 0.0100502512563 101 199 62
199 11 -132.483052654 276.373670257 0.005 0.505 0.0 0.0396475770925 73 227 62
200 22 -135.012570036 281.432705021 0.005 0.604 0.0 0.0141509433962 88 212 62
202 17 -173.708201889 358.823968727 0.005 0.208 0.166666666667 0.214285714286 6 294 62
203 7 -114.875315184 241.158195318 0.005 0.604 0.0 0.0367346938776 55 245 62
204 22 -133.884898658 279.177362265 0.005 0.406 0.0 0.0871212121212 36 264 62
206 32 -166.173747135 343.75505922 0.005 0.208 0.0 0.13963963964 78 222 62
207 6 -131.652234254 274.712033457 0.005 0.307 0.0625 0.111940298507 32 268 62
208 34 -154.467831872 320.343228693 0.005 0.307 0.0 0.0873015873016 48 252 62
212 1 -160.17778952 331.763143988 0.005 0.406 0.0 0.0304568527919 103 197 62
213 18 -207.031378509 425.470321968 0.005 0.01 nan 0.453333333333 0 300 62
215 8 -171.258994642 353.925554233 0.005 0.307 0.0 0.0182926829268 136 164 62
216 1 -169.796759991 351.001084932 0.005 0.406 0.0 0.0 147 153 62
217 16 -165.461891186 342.331347322 0.005 0.208 0.0 0.17803030303 36 264 62
218 3 -157.62183218 326.65122931 0.005 0.208 nan 0.213333333333 0 300 62
220 26 -96.4445035895 204.296572128 0.005 0.802 0.0 0.0155642023346 43 257 62
221 3 -174.30808928 360.023743509 0.005 0.109 nan 0.253333333333 0 300 62
223 15 -170.761948182 352.931461313 0.005 0.307 0.0 0.0391061452514 121 179 62
225 4 -131.961384358 275.330333666 0.005 0.505 0.0 0.0391304347826 70 230 62
226 22 -144.131388467 299.670341884 0.005 0.307 0.0 0.101123595506 33 267 62
227 39 -124.879277143 261.166119236 0.005 0.604 0.0 0.0218340611354 71 229 62
228 12 -169.559591087 350.526747123 0.005 0.208 0.0 0.104265402844 89 211 62
229 16 -158.69416014 328.79588523 0.005 0.307 0.0 0.0642201834862 82 218 62
230 8 -148.038253116 307.484071181 0.005 0.505 0.020618556701 0.0394088669951 97 203 62
231 40 -179.605295871 370.618156691 0.005 0.208 0.0103092783505 0.133004926108 97 203 62
232 7 -141.477715455 294.362995859 0.005 0.406 0.0 0.0705394190871 59 241 62
234 8 -124.0998139 259.607192748 0.005 0.406 0.0238095238095 0.0736434108527 42 258 62
235 11 -112.718679245 236.84492344 0.005 0.604 0.0 0.0132743362832 74 226 62
236 12 -175.686258926 362.780082802 0.005 0.109 nan 0.26 0 300 62
237 3 -149.37862777 310.16482049 0.005 0.307 0.0 0.101265822785 63 237 62
238 25 -181.068880592 373.545326133 0.005 0.307 0.0 0.0 139 161 62
240 3 -164.800602111 341.008769171 0.005 0.406 0.0 0.00602409638554 134 166 62
241 4 -142.611983255 296.63153146 0.005 0.406 0.0 0.0658436213992 57 243 62
242 7 -109.537941215 230.48344738 0.005 0.703 0.046511627907 0.0272373540856 43 257 62
243 13 -169.100993407 349.609551762 0.005 0.208 nan 0.223333333333 0 300 62
244 28 -142.619285851 296.646136651 0.005 0.406 0.0 0.0448430493274 77 223 62
245 9 -159.082345302 329.572255553 0.005 0.406 0.0 0.0360824742268 106 194 62
247 15 -139.087221844 289.582008637 0.005 0.505 0.0 0.0325581395349 85 215 62
248 35 -163.61698887 338.641542689 0.005 0.208 nan 0.226666666667 0 300 62
253 4 -127.729002574 266.865570098 0.005 0.505 0.0 0.046218487395 62 238 62
256 10 -88.7719383334 188.951441616 0.005 1.0 0.0181818181818 0.0122448979592 55 245 62
257 24 -134.082449596 279.572464141 0.005 0.703 0.0 0.00952380952381 90 210 62
258 8 -170.176101573 351.759768095 0.005 0.208 0.0 0.225589225589 3 297 62
259 14 -123.377876182 258.163317313 0.005 0.901 0.0 0.0 97 203 62
260 13 -138.604031124 288.615627198 0.005 0.307 0.0 0.125448028674 21 279 62
261 7 -196.035522182 403.478609313 0.025 0.109 1.0 0.361204013378 1 299 62
262 11 -134.964590556 281.336746061 0.005 0.604 0.0 0.0185185185185 84 216 62
263 8 -155.651855856 322.711276661 0.005 0.406 0.0 0.0157068062827 109 191 62
264 3 -134.473357745 280.354280439 0.005 0.406 0.0123456790123 0.041095890411 81 219 62
1519 17 -139.147493246 289.702551442 0.005 0.505 0.0 0.0221238938053 74 226 62
1520 4 -134.096337116 279.600239181 0.005 0.604 0.0 0.00526315789474 110 190 62
1521 17 -105.922132708 223.251830366 0.005 1.0 0.0 0.00434782608696 70 230 62
1523 14 -156.997315718 325.402196384 0.005 0.307 0.0 0.0701754385965 72 228 62
1524 11 -173.519160665 358.445886279 0.005 0.208 0.0 0.119170984456 107 193 62
1525 12 -160.68266483 332.772894608 0.005 0.208 0.0 0.153846153846 27 273 62
1526 11 -159.776994977 330.961554902 0.005 0.208 0.0625 0.126984126984 48 252 62
1527 15 -130.495459796 272.398484541 0.005 0.604 0.0 0.0139534883721 85 215 62
1528 2 -160.078478139 331.564521228 0.005 0.505 0.0 0.016393442623 117 183 62
1529 2 -136.556815322 284.521195593 0.005 0.604 0.0 0.0281690140845 87 213 62
1530 15 -154.906180192 321.219925333 0.005 0.208 0.0 0.143911439114 29 271 62
1531 10 -141.523561676 294.454688302 0.005 0.307 0.0 0.137323943662 16 284 62
1532 15 -156.927459705 325.26248436 0.005 0.307 0.0 0.075117370892 87 213 62
1533 22 -127.007837625 265.4232402 0.005 0.703 0.0 0.0140186915888 86 214 62
1534 19 -140.553105691 292.513776331 0.005 0.406 0.0 0.0545454545455 80 220 62
1535 15 -149.448653665 310.304872279 0.005 0.208 nan 0.186666666667 0 300 62
1536 5 -128.576670081 268.560905112 0.005 0.406 0.0 0.0503875968992 42 258 63
1537 12 -154.080737125 319.569039199 0.005 0.307 0.0 0.103585657371 49 251 63
1538 32 -178.176357419 367.760279786 0.005 0.109 nan 0.276666666667 0 300 63
1539 24 -96.2438767054 203.89531836 0.005 1.0 0.0 0.0239043824701 49 251 63
1540 8 -160.063701246 331.534967441 0.005 0.208 nan 0.223333333333 0 300 63
1541 11 -145.0648821 301.53732915 0.005 0.604 0.0 0.0 121 179 63
1542 7 -82.7385717335 176.884708416 0.005 1.0 0.0 0.0 59 241 63
1543 7 -152.430846175 316.269257299 0.005 0.406 0.0 0.0490196078431 96 204 63
1544 13 -155.777895772 322.963356494 0.005 0.307 0.0 0.073732718894 83 217 63
1545 25 -166.653494785 344.714554519 0.005 0.307 0.0 0.102803738318 86 214 63
1546 12 -102.989490993 217.386546936 0.005 0.604 0.0 0.0474452554745 26 274 63
1547 23 -204.8723187 421.152202349 0.205 0.109 0.468085106383 0.438735177866 47 253 63
1549 27 -134.459046587 280.325658123 0.005 0.307 0.2 0.138983050847 5 295 63
1550 4 -158.386673308 328.180911565 0.005 0.208 0.125 0.184931506849 8 292 63
1553 11 -157.10514414 325.617853228 0.005 0.307 0.0 0.110671936759 47 253 63
140 11 -150.638141434 312.683847816 0.005 0.406 0.0 0.0310880829016 107 193 63
141 4 -135.238472629 281.884510207 0.005 0.604 0.0 0.00473933649289 89 211 63
142 10 -69.3309428411 150.069450632 0.005 1.0 0.0 0.0 43 257 63
143 21 -189.3181197 390.04380435 0.01 0.109 nan 0.326666666667 0 300 63
144 16 -144.826079049 301.059723047 0.005 0.505 0.0 0.0152284263959 103 197 63
145 10 -99.6126191183 210.632803186 0.005 1.0 0.0 0.00826446280992 58 242 63
146 24 -142.570866199 296.549297347 0.005 0.406 0.0 0.0669291338583 46 254 63
147 11 -159.027247592 329.462060134 0.005 0.208 nan 0.213333333333 0 300 63
148 3 -145.232584741 301.872734431 0.005 0.307 0.015625 0.110169491525 64 236 63
149 5 -146.90567057 305.218906088 0.005 0.307 0.0 0.0962962962963 30 270 63
150 25 -121.355967643 254.119500235 0.005 0.703 0.0 0.0168776371308 63 237 63
151 21 -141.606302967 294.620170884 0.005 0.307 0.0 0.0830039525692 47 253 63
152 9 -110.697124546 232.801814041 0.005 0.604 0.0 0.0481927710843 51 249 63
153 15 -200.502364179 412.412293308 0.04 0.109 0.315789473684 0.373665480427 19 281 63
154 3 -149.649852815 310.707270579 0.005 0.208 1.0 0.180602006689 1 299 63
155 0 -125.779807744 262.967180438 0.005 0.703 0.0 0.00478468899522 91 209 63
157 8 -137.532988283 286.473541514 0.005 0.406 0.0 0.0696721311475 56 244 63
158 9 -150.901951658 313.211468265 0.005 0.604 0.0 0.0 120 180 63
159 15 -119.283935254 249.975435457 0.005 0.703 0.0 0.013698630137 81 219 63
160 29 -167.051410876 345.510386701 0.005 0.208 0.0882352941176 0.172932330827 34 266 63
161 4 -119.097445632 249.602456212 0.005 0.604 0.015625 0.0381355932203 64 236 63
162 19 -201.470590441 414.348745832 0.065 0.109 0.4 0.39298245614 15 285 63
163 3 -168.271461645 347.950488239 0.005 0.208 0.0 0.178832116788 26 274 63
164 2 -140.891274401 293.190113751 0.005 0.307 0.0 0.104 50 250 63
165 12 -176.522974569 364.453514088 0.005 0.109 nan 0.273333333333 0 300 63
166 1 -150.284862223 311.977289395 0.005 0.406 0.013698630137 0.0616740088106 73 227 63
168 37 -161.189451852 333.786468653 0.005 0.208 0.0208333333333 0.146825396825 48 252 63
170 12 -120.018116156 251.443797262 0.005 0.703 0.0 0.0 74 226 63
171 5 -145.776261396 302.960087741 0.005 0.604 0.0 0.0102564102564 105 195 63
172 9 -156.724236576 324.856038102 0.005 0.406 0.0 0.0530973451327 74 226 63
173 5 -135.172857833 281.753280615 0.005 0.406 0.0 0.0731707317073 54 246 63
174 1 -172.135477844 355.678520637 0.005 0.208 0.0 0.175373134328 32 268 63
175 12 -154.316239834 320.040044617 0.005 0.307 0.0 0.0720720720721 78 222 63
176 21 -178.280204999 367.967974947 0.005 0.109 0.25 0.260135135135 4 296 63
177 40 -200.373257396 412.154079742 0.045 0.109 0.2 0.382456140351 15 285 63
178 8 -151.382871521 314.173307991 0.005 0.307 0.0 0.0968992248062 42 258 63
179 4 -171.833519962 355.074604874 0.005 0.208 0.0 0.128514056225 51 249 63
180 8 -159.018117944 329.443800838 0.005 0.208 0.133333333333 0.185964912281 15 285 63
181 4 -151.683517758 314.774600466 0.005 0.406 0.0 0.0265957446809 112 188 63
183 5 -157.461995913 326.331556775 0.005 0.505 0.0 0.0120481927711 134 166 63
184 3 -181.25660329 373.92077153 0.005 0.109 nan 0.28 0 300 63
185 7 -114.062090453 239.531745855 0.005 0.406 0.0909090909091 0.0899653979239 11 289 63
186 11 -162.180836911 335.769238771 0.005 0.208 0.0 0.119658119658 66 234 63
187 8 -121.416099011 254.239762972 0.005 0.406 0.03125 0.0671641791045 32 268 63
188 20 -142.421715642 296.250996232 0.005 0.307 0.0 0.106060606061 36 264 63
189 3 -165.323745595 342.055056139 0.005 0.208 nan 0.23 0 300 63
190 32 -194.264067304 399.935699557 0.005 0.109 nan 0.34 0 300 63
192 7 -166.017019982 343.441604914 0.005 0.307 0.0 0.0555555555556 102 198 63
193 2 -137.204845837 285.817256622 0.005 0.406 0.0 0.0716981132075 35 265 63
194 9 -130.009877481 271.427319911 0.005 0.505 0.0 0.038961038961 69 231 63
195 9 -179.795918595 370.999402139 0.005 0.109 nan 0.273333333333 0 300 63
196 0 -156.515434897 324.438434743 0.005 0.307 0.0 0.112612612613 78 222 63
197 23 -192.982945016 397.373454982 0.005 0.109 nan 0.33 0 300 63
198 8 -130.924981575 273.2575281 0.005 0.505 0.0135135135135 0.0442477876106 74 226 63
199 11 -109.255250505 229.918065959 0.005 1.0 0.0 0.0131578947368 72 228 63
200 22 -144.797308682 301.002182314 0.005 0.406 0.0121951219512 0.045871559633 82 218 63
202 17 -179.846124543 371.099814036 0.005 0.109 nan 0.283333333333 0 300 63
203 7 -146.505433333 304.418431615 0.005 0.505 0.0 0.02 100 200 63
204 22 -173.286858572 357.981282093 0.005 0.307 0.0 0.0635838150289 127 173 63
206 32 -87.2860676015 185.979700152 0.005 1.0 0.0 0.0 51 249 63
207 6 -150.611897262 312.631359473 0.005 0.406 0.0119047619048 0.0416666666667 84 216 63
208 34 -139.583502428 290.574569805 0.005 0.307 0.0 0.0894941634241 43 257 63
212 1 -140.8025216 293.012608149 0.005 0.406 0.0 0.05 80 220 63
213 18 -207.890242161 427.188049271 0.205 0.01 0.486486486486 0.505703422053 37 263 63
215 8 -146.336744875 304.081054699 0.005 0.307 0.0204081632653 0.103585657371 49 251 63
216 1 -123.02595364 257.459472229 0.005 0.604 0.0232558139535 0.0544747081712 43 257 63
217 16 -169.645556238 350.698677425 0.005 0.208 1.0 0.224080267559 1 299 63
218 3 -165.894772183 343.197109316 0.005 0.406 0.0 0.0 134 166 63
220 26 -108.57806587 228.56369669 0.005 0.703 0.0 0.0128205128205 66 234 63
221 3 -134.883423882 281.174412713 0.005 0.604 0.0 0.0226244343891 79 221 63
223 15 -129.019688952 269.446942854 0.005 0.604 0.0 0.0145631067961 94 206 63
225 4 -151.872821917 315.153208783 0.005 0.505 0.0 0.00552486187845 119 181 63
226 22 -156.080238203 323.568041355 0.005 0.208 nan 0.21 0 300 63
227 39 -165.521542625 342.4506502 0.005 0.208 nan 0.236666666667 0 300 63
228 12 -114.405243261 240.21805147 0.005 0.406 0.0909090909091 0.0968858131488 11 289 63
229 16 -157.665893762 326.739352474 0.005 0.406 0.0 0.0274725274725 118 182 63
230 8 -87.9218834865 187.251331922 0.005 0.901 0.0 0.02 50 250 63
231 40 -162.330314342 336.068193634 0.005 0.208 1.0 0.207357859532 1 299 63
232 7 -166.989956619 345.387478187 0.005 0.208 0.027027027027 0.174904942966 37 263 63
234 8 -139.146782352 289.701129652 0.005 0.406 0.0 0.0842911877395 39 261 63
235 11 -151.939644343 315.286853635 0.005 0.208 nan 0.21 0 300 63
236 12 -176.921503574 365.250572097 0.005 0.208 0.0243902439024 0.189189189189 41 259 63
237 3 -149.589620806 310.586806561 0.005 0.307 0.0 0.0869565217391 70 230 63
238 25 -166.667272903 344.742110756 0.005 0.208 0.0 0.153225806452 52 248 63
240 3 -125.030874673 261.469314295 0.005 0.604 0.0 0.0425531914894 65 235 63
241 4 -167.90642796 347.220420869 0.005 0.208 0.0 0.146017699115 74 226 63
242 7 -148.648063252 308.703691454 0.005 0.406 0.0 0.0604651162791 85 215 63
243 13 -146.726489483 304.860543914 0.005 0.406 0.0 0.0616740088106 73 227 63
244 28 -187.044681721 385.496928392 0.005 0.109 0.0 0.181818181818 80 220 63
245 9 -163.815815944 339.039196837 0.005 0.208 0.5 0.216216216216 4 296 63
247 15 -146.195263653 303.798092255 0.005 0.406 0.0 0.0568720379147 89 211 63
248 35 -177.111487282 365.630539512 0.005 0.109 1.0 0.257525083612 1 299 63
253 4 -101.660390131 214.728345212 0.005 0.802 0.0 0.0164609053498 57 243 63
256 10 -150.065699096 311.538963141 0.005 0.505 0.0 0.00546448087432 117 183 63
257 24 -163.954274937 339.316114824 0.005 0.406 0.0 0.0179640718563 133 167 63
258 8 -177.896642463 367.200849874 0.005 0.109 0.125 0.221830985915 16 284 63
259 14 -143.49437341 298.39631177 0.005 0.406 0.0 0.0390243902439 95 205 63
260 13 -161.565886495 334.53933794 0.005 0.208 0.0 0.140151515152 36 264 63
261 7 -200.550183381 412.507931712 0.005 0.109 nan 0.35 0 300 63
262 11 -161.642157046 334.691879041 0.005 0.208 0.0 0.169014084507 16 284 63
263 8 -169.929445477 351.266455903 0.005 0.307 0.00793650793651 0.0459770114943 126 174 63
264 3 -137.132182632 285.671930214 0.005 0.604 0.0 0.0 104 196 63
1519 17 -165.493437219 342.394439387 0.005 0.406 0.0 0.0327868852459 117 183 63
1520 4 -159.572539527 330.552644004 0.005 0.307 0.0 0.1 80 220 63
1521 17 -155.2219033 321.851371549 0.005 0.208 0.2 0.193220338983 5 295 63
1523 14 -179.091370866 369.590306682 0.005 0.109 nan 0.276666666667 0 300 63
1524 11 -145.877191367 303.161947684 0.005 0.307 0.0 0.109433962264 35 265 63
1525 12 -143.689501071 298.786567091 0.005 0.604 0.0 0.0108695652174 116 184 63
1526 11 -166.742063166 344.891691281 0.005 0.307 0.0 0.0772946859903 93 207 63
1527 15 -172.378587084 356.164739117 0.005 0.109 0.166666666667 0.244897959184 6 294 63
1528 2 -133.752340526 278.912246002 0.005 0.703 0.0 0.00487804878049 95 205 63
1529 2 -146.784545679 304.976656307 0.005 0.505 0.0 0.0357142857143 104 196 63
1530 15 -157.426716626 326.260998201 0.005 0.505 0.0 0.00625 140 160 63
1531 10 -163.918268979 339.244102907 0.005 0.307 0.0 0.0821256038647 93 207 63
1532 15 -148.301516388 308.010597725 0.005 0.208 0.0 0.165517241379 10 290 63
1533 22 -143.452634045 298.312833039 0.005 0.505 0.0 0.0289855072464 93 207 63
1534 19 -165.365199162 342.137963274 0.005 0.208 nan 0.236666666667 0 300 63
1535 15 -140.865725825 293.1390166 0.005 0.406 0.0 0.0292682926829 95 205 63
1536 5 -164.81532358 341.038212109 0.005 0.208 0.0 0.173076923077 40 260 64
1537 12 -155.421295028 322.250155005 0.005 0.208 0.0 0.131578947368 34 266 64
1538 32 -185.718418938 382.844402826 0.005 0.109 0.0416666666667 0.282608695652 24 276 64
1539 24 -156.25165783 323.91088061 0.005 0.208 0.333333333333 0.175084175084 3 297 64
1540 8 -152.980314597 317.368194143 0.005 0.208 nan 0.203333333333 0 300 64
1541 11 -168.552988739 348.513542428 0.005 0.208 0.0 0.155893536122 37 263 64
1542 7 -98.2520627214 207.911690392 0.005 0.604 0.0 0.0363636363636 25 275 64
1543 7 -137.185081535 285.777728019 0.005 0.307 0.1 0.141379310345 10 290 64
1544 13 -127.791120901 266.989806751 0.005 0.604 0.0 0.021186440678 64 236 64
1545 25 -141.004875548 293.417316045 0.005 0.307 0.0 0.112781954887 34 266 64
1546 12 -145.448619363 302.304803675 0.005 0.307 0.0 0.0699588477366 57 243 64
1547 23 -204.332949145 420.073463239 0.2 0.109 0.553191489362 0.422924901186 47 253 64
1549 27 -74.13000707 159.667579089 0.005 1.0 0.0 0.00381679389313 38 262 64
1550 4 -163.703227144 338.814019236 0.005 0.208 nan 0.226666666667 0 300 64
1553 11 -143.870653981 299.148872912 0.005 0.505 0.0 0.0379146919431 89 211 64
140 11 -119.82555516 251.05867527 0.005 0.703 0.0 0.0137614678899 82 218 64
141 4 -162.282801761 335.973168471 0.005 0.406 0.0 0.00529100529101 111 189 64
142 10 -130.136029277 271.679623503 0.005 0.604 0.0 0.03125 76 224 64
143 21 -183.634257052 378.676079054 0.005 0.109 nan 0.3 0 300 64
144 16 -142.007867512 295.423299973 0.005 0.406 0.0307692307692 0.0595744680851 65 235 64
145 10 -142.684033998 296.775632945 0.005 0.406 0.0 0.0786026200873 71 229 64
146 24 -155.992471833 323.392508615 0.005 0.208 nan 0.203333333333 0 300 64
147 11 -156.232467953 323.872500856 0.005 0.208 0.2 0.183050847458 5 295 64
148 3 -89.8251866488 191.057938247 0.005 1.0 0.0 0.0 66 234 64
149 5 -184.252805736 379.91317642 0.005 0.208 0.0 0.0127388535032 143 157 64
150 25 -120.823863046 253.055291042 0.005 0.703 0.0 0.0142180094787 89 211 64
151 21 -146.86860147 305.14476789 0.005 0.406 0.0 0.0702479338843 58 242 64
152 9 -126.739343827 264.886252604 0.005 0.604 0.0 0.00454545454545 80 220 64
153 15 -183.642010831 378.691586611 0.005 0.109 nan 0.303333333333 0 300 64
154 3 -161.76083386 334.929232668 0.005 0.208 nan 0.206666666667 0 300 64
155 0 -140.053288612 291.514142174 0.005 0.505 0.0 0.0341463414634 95 205 64
157 8 -138.415621991 288.23880893 0.005 0.505 0.0 0.0263157894737 72 228 64
158 9 -134.916344045 281.24025304 0.005 0.505 0.0 0.0327102803738 86 214 64
159 15 -149.050304237 309.508173423 0.005 0.307 0.0 0.122448979592 55 245 64
160 29 -166.88102655 345.16961805 0.005 0.208 0.0 0.192028985507 24 276 64
161 4 -91.8474422522 195.102449454 0.005 1.0 0.0 0.0120967741935 52 248 64
162 19 -197.399183967 406.205932884 0.01 0.109 0.333333333333 0.346801346801 3 297 64
163 3 -167.748489976 346.904544901 0.005 0.208 nan 0.226666666667 0 300 64
164 2 -167.545335118 346.498235186 0.005 0.307 0.0 0.078431372549 96 204 64
165 12 -131.643559891 274.694684731 0.005 0.604 0.0 0.0267857142857 76 224 64
166 1 -168.071617974 347.550800896 0.005 0.208 nan 0.233333333333 0 300 64
168 37 -172.204465685 355.81649632 0.005 0.109 nan 0.243333333333 0 300 64
170 12 -180.013500343 371.434565635 0.005 0.208 0.0 0.0595238095238 132 168 64
171 5 -128.541089502 268.489743953 0.005 0.703 0.0 0.0093896713615 87 213 64
172 9 -179.19453508 369.796635109 0.005 0.208 0.0113636363636 0.108490566038 88 212 64
173 5 -156.101711527 323.610988002 0.005 0.307 0.0 0.0679611650485 94 206 64
174 1 -157.212255347 325.832075644 0.005 0.307 0.0 0.116666666667 60 240 64
175 12 -114.88319124 241.17394743 0.005 0.406 0.0 0.0714285714286 6 294 64
176 21 -171.487020528 354.381606005 0.005 0.208 0.0 0.174089068826 53 247 64
177 40 -203.206345026 417.820255002 0.09 0.109 0.444444444444 0.404255319149 18 282 64
178 8 -158.592800318 328.593165585 0.005 0.505 0.0 0.0059880239521 133 167 64
179 4 -175.561874216 362.531313381 0.005 0.208 0.0 0.176245210728 39 261 64
180 8 -131.165841819 273.739248588 0.005 0.505 0.0 0.0472440944882 46 254 64
181 4 -179.821564513 371.050693975 0.005 0.109 0.142857142857 0.269624573379 7 293 64
183 5 -150.359577504 312.126719958 0.005 0.307 0.0 0.0932203389831 64 236 64
184 3 -171.982579582 355.372724114 0.005 0.208 0.0 0.18875502008 51 249 64
185 7 -201.758151606 414.923868161 0.005 0.109 0.0 0.0977443609023 167 133 64
186 11 -123.704020692 258.815606333 0.005 0.604 0.0161290322581 0.0336134453782 62 238 64
187 8 -153.579025158 318.565615265 0.005 0.208 0.0555555555556 0.13475177305 18 282 64
188 20 -126.596654194 264.600873338 0.005 0.406 0.0 0.064 50 250 64
189 3 -173.844073373 359.095711695 0.005 0.109 0.5 0.234899328859 2 298 64
190 32 -197.125895007 405.659354964 0.02 0.109 0.666666666667 0.350168350168 3 297 64
192 7 -126.044102816 263.495770581 0.005 0.703 0.0 0.0139534883721 85 215 64
193 2 -179.203163668 369.813892285 0.005 0.307 0.0 0.0314465408805 141 159 64
194 9 -105.788032031 222.983629012 0.005 1.0 0.0135135135135 0.00884955752212 74 226 64
195 9 -160.684871729 332.777308407 0.005 0.208 0.0 0.148 50 250 64
196 0 -122.675972165 256.759509279 0.005 0.604 0.0 0.0219298245614 72 228 64
197 23 -182.459732308 376.327029565 0.005 0.109 nan 0.283333333333 0 300 64
198 8 -173.303811055 358.01518706 0.005 0.307 0.00826446280992 0.0391061452514 121 179 64
199 11 -163.116787716 337.641140381 0.005 0.208 0.0 0.107142857143 76 224 64
200 22 -148.065614738 307.538794425 0.005 0.505 0.0 0.0108695652174 116 184 64
202 17 -172.892574587 357.192714123 0.005 0.307 0.0 0.0185185185185 138 162 64
203 7 -101.9071164 215.22179775 0.005 1.0 0.0 0.00409836065574 56 244 64
204 22 -168.988735817 349.385036583 0.005 0.307 0.0 0.0659340659341 118 182 64
206 32 -151.254626655 313.916818258 0.005 0.406 0.0 0.0622009569378 91 209 64
207 6 -109.404097518 230.215759985 0.005 0.703 0.0212765957447 0.0355731225296 47 253 64
208 34 -144.520434568 300.448434086 0.005 0.505 0.0 0.0394736842105 72 228 64
212 1 -165.054785312 341.517135572 0.005 0.208 0.222222222222 0.202749140893 9 291 64
213 18 -208.123871684 427.655308316 0.205 0.01 0.545454545455 0.524344569288 33 267 64
215 8 -126.933626732 265.274818413 0.005 0.604 0.0 0.00462962962963 84 216 64
216 1 -142.59325834 296.59408163 0.005 0.307 0.0 0.082304526749 57 243 64
217 16 -111.561342106 234.530249162 0.005 0.604 0.0 0.0284552845528 54 246 64
218 3 -138.497319305 288.40220356 0.005 0.307 0.0 0.0830188679245 35 265 64
220 26 -122.157637092 255.722839134 0.005 0.505 0.0 0.0513833992095 47 253 64
221 3 -168.639973272 348.687511493 0.005 0.208 0.0714285714286 0.216783216783 14 286 64
223 15 -164.384452916 340.176470781 0.005 0.406 0.0 0.0175438596491 129 171 64
225 4 -148.402205031 308.211975012 0.005 0.307 0.0 0.0817120622568 43 257 64
226 22 -154.405587018 320.218738984 0.005 0.307 0.0178571428571 0.118852459016 56 244 64
227 39 -151.889981839 315.187528628 0.005 0.406 0.0 0.04 100 200 64
228 12 -161.095642992 333.598850933 0.005 0.307 0.0 0.103603603604 78 222 64
229 16 -165.357520045 342.122605039 0.005 0.208 1.0 0.220735785953 1 299 64
230 8 -138.311010156 288.029585261 0.005 0.307 0.2 0.128813559322 5 295 64
231 40 -145.970101721 303.347768391 0.005 0.406 0.0 0.0616740088106 73 227 64
232 7 -128.441571018 268.290706984 0.005 0.703 0.0 0.00485436893204 94 206 64
234 8 -163.903824524 339.215213997 0.005 0.307 0.0112359550562 0.0900473933649 89 211 64
235 11 -136.783195605 284.97395616 0.005 0.307 0.0 0.0926640926641 41 259 64
236 12 -171.950676991 355.308918932 0.005 0.208 nan 0.226666666667 0 300 64
237 3 -142.313326243 296.034217435 0.005 0.604 0.00909090909091 0.0157894736842 110 190 64
238 25 -128.329997617 268.067560184 0.005 0.307 nan 0.133333333333 0 300 64
240 3 -128.472510154 268.352585258 0.005 0.505 0.0 0.0464135021097 63 237 64
241 4 -146.018574352 303.444713654 0.005 0.406 0.0 0.0506912442396 83 217 64
242 7 -117.00706537 245.42169569 0.005 0.604 0.0 0.00471698113208 88 212 64
243 13 -145.741164633 302.889894215 0.005 0.307 0.125 0.13698630137 8 292 64
244 28 -167.962874643 347.333314236 0.005 0.208 0.0 0.180769230769 40 260 64
245 9 -140.852320253 293.112205454 0.005 0.406 0.0 0.0627615062762 61 239 64
247 15 -165.808137975 343.023840899 0.005 0.208 nan 0.226666666667 0 300 64
248 35 -168.49916877 348.405902489 0.005 0.208 1.0 0.227424749164 1 299 64
253 4 -153.655721825 318.7190086 0.005 0.406 0.0 0.0576923076923 92 208 64
256 10 -137.614732586 286.637030121 0.005 0.406 0.0133333333333 0.0622222222222 75 225 64
257 24 -143.48047855 298.368522049 0.005 0.406 0.0 0.0439024390244 95 205 64
258 8 -134.964833048 281.337231046 0.005 0.505 0.0 0.0275229357798 82 218 64
259 14 -153.994832272 319.397229494 0.005 0.406 0.0 0.036866359447 83 217 64
260 13 -125.278663223 261.964891396 0.005 0.406 0.0 0.0505836575875 43 257 64
261 7 -195.244436535 401.896438019 0.01 0.109 nan 0.343333333333 0 300 64
262 11 -183.029367565 377.466300079 0.005 0.208 0.0 0.111111111111 111 189 64
263 8 -72.175281072 155.758127093 0.005 1.0 0.0 0.0108303249097 23 277 64
264 3 -146.056311307 303.520187564 0.005 0.307 0.0 0.084 50 250 64
1519 17 -164.148566443 339.704697835 0.005 0.208 0.0 0.206896551724 10 290 64
1520 4 -147.807025943 307.021616835 0.005 0.307 0.0 0.0818965517241 68 232 64
1521 17 -138.80005628 289.007677509 0.005 0.406 0.0 0.0674603174603 48 252 64
1523 14 -176.98804785 365.383660649 0.005 0.208 0.015873015873 0.151898734177 63 237 64
1524 11 -149.215337075 309.8382391 0.005 0.208 nan 0.203333333333 0 300 64
1525 12 -151.19227331 313.79211157 0.005 0.406 0.0 0.0585585585586 78 222 64
1526 11 -140.035670354 291.478905658 0.005 0.505 0.0 0.0283018867925 88 212 64
1527 15 -125.738017298 262.883599546 0.005 0.406 0.0344827586207 0.070110701107 29 271 64
1528 2 -152.011606881 315.430778711 0.005 0.208 0.0 0.174377224199 19 281 64
1529 2 -130.916604664 273.240774276 0.005 0.703 0.0 0.0221238938053 74 226 64
1530 15 -146.762620322 304.932805594 0.005 0.307 0.016393442623 0.100418410042 61 239 64
1531 10 -185.107194896 381.621954741 0.005 0.208 0.0 0.0794701986755 149 151 64
1532 15 -163.712728918 338.833022785 0.005 0.307 0.0 0.110091743119 82 218 64
1533 22 -156.903366886 325.214298721 0.005 0.406 0.0103092783505 0.0295566502463 97 203 64
