1536 5 -160.00092893 331.409422809 0.005 0.208 0.0 0.156363636364 25 275 56
1537 12 -168.736921775 348.8814085 0.005 0.307 0.019801980198 0.0603015075377 101 199 56
1538 32 -183.051863444 377.511291837 0.005 0.109 0.0 0.204819277108 51 249 56
1539 24 -87.1484400692 185.704445088 0.005 1.0 0.0 0.0 60 240 56
1540 8 -156.273943485 323.955451919 0.005 0.406 0.0 0.0232558139535 128 172 56
1541 11 -153.14975788 317.70708071 0.005 0.208 0.0714285714286 0.181818181818 14 286 56
1542 7 -134.429420735 280.266406418 0.005 0.307 0.0833333333333 0.121527777778 12 288 56
1543 7 -119.991269068 251.390103086 0.005 0.604 0.0 0.0329218106996 57 243 56
1544 13 -141.507831452 294.423227853 0.005 0.406 0.0 0.0645161290323 52 248 56
1545 25 -139.67133498 290.750234909 0.005 0.307 0.0 0.125899280576 22 278 56
1546 12 -120.694412591 252.796390131 0.005 1.0 0.0 0.0 95 205 56
1547 23 -207.567762053 426.543089055 0.025 0.01 1.0 0.47491638796 1 299 56
1549 27 -152.691122704 316.789810358 0.005 0.406 0.0 0.0366492146597 109 191 56
1550 4 -171.244274634 353.896114217 0.005 0.208 0.0 0.148471615721 71 229 56
1553 11 -151.078733635 313.56503222 0.005 0.307 0.027027027027 0.133079847909 37 263 56
140 11 -114.741064177 240.889693303 0.005 0.802 0.0 0.0046511627907 85 215 56
141 4 -163.958235953 339.324036855 0.005 0.307 0.0 0.0166666666667 120 180 56
142 10 -124.078204013 259.563972975 0.005 0.901 0.0 0.00485436893204 94 206 56
143 21 -168.482565466 348.372695881 0.005 0.208 0.0 0.151750972763 43 257 56
144 16 -173.889076463 359.185717875 0.005 0.406 0.0 0.00662251655629 149 151 56
145 10 -153.418589868 318.244744686 0.005 0.307 0.0166666666667 0.1125 60 240 56
146 24 -147.96343454 307.334434029 0.005 0.307 0.03125 0.100746268657 32 268 56
147 11 -142.668198762 296.743962473 0.005 0.703 0.0 0.0 108 192 56
148 3 -144.116565019 299.640694986 0.005 0.505 0.0 0.0384615384615 92 208 56
149 5 -145.927227137 303.262019224 0.005 0.406 0.0126582278481 0.0497737556561 79 221 56
150 25 -136.3347039 284.07697275 0.005 0.505 0.0140845070423 0.0349344978166 71 229 56
151 21 -134.967117558 281.341800065 0.005 0.406 0.0 0.0491803278689 56 244 56
152 9 -131.32248156 274.052528069 0.005 0.406 0.0 0.0617283950617 57 243 56
153 15 -193.278355994 397.964276937 0.015 0.109 nan 0.34 0 300 56
154 3 -123.756799292 258.921163534 0.005 0.505 0.0 0.037037037037 57 243 56
155 0 -152.244379895 315.89632474 0.005 0.406 0.0 0.0353535353535 102 198 56
157 8 -162.139922447 335.687409844 0.005 0.208 0.0 0.141342756184 17 283 56
158 9 -101.45145958 214.31048411 0.005 1.0 0.0 0.0 72 228 56
159 15 -173.681265994 358.770096938 0.005 0.307 0.0 0.0421686746988 134 166 56
160 29 -153.467212138 318.341989226 0.005 0.307 0.0 0.084388185654 63 237 56
161 4 -139.824473408 291.056511766 0.005 0.703 0.0 0.0105263157895 110 190 56
162 19 -204.371044757 420.149654463 0.005 0.109 nan 0.36 0 300 56
163 3 -144.534133582 300.475832113 0.005 0.406 0.0125 0.0590909090909 80 220 56
164 2 -134.00342115 279.41440725 0.005 0.406 0.03125 0.0783582089552 32 268 56
165 12 -193.237716232 397.882997413 0.025 0.109 1.0 0.351170568562 1 299 56
166 1 -137.035973669 285.479512288 0.005 0.406 0.0 0.0698689956332 71 229 56
168 37 -161.023993896 333.455552741 0.005 0.208 nan 0.216666666667 0 300 56
170 12 -150.500641943 312.408848836 0.005 0.307 0.0 0.1 60 240 56
171 5 -151.754962639 314.917490227 0.005 0.505 0.0 0.0103626943005 107 193 56
172 9 -169.439393572 350.286352094 0.005 0.307 0.0 0.0561797752809 122 178 56
173 5 -109.180875662 229.769316274 0.005 1.0 0.0 0.0 85 215 56
174 1 -148.145526085 307.698617119 0.005 0.307 0.0 0.0833333333333 48 252 56
175 12 -147.8077859 307.023136749 0.005 0.307 0.0 0.111940298507 32 268 56
176 21 -165.219899704 341.847364357 0.005 0.208 0.0 0.160784313725 45 255 56
177 40 -191.395792507 394.199149963 0.01 0.109 nan 0.333333333333 0 300 56
178 8 -127.072862829 265.553290608 0.005 0.505 0.0 0.0391304347826 70 230 56
179 4 -174.840692893 361.088950734 0.005 0.109 nan 0.263333333333 0 300 56
180 8 -156.300300778 324.008166505 0.005 0.406 0.0 0.0212765957447 112 188 56
181 4 -185.750228068 382.908021085 0.005 0.109 nan 0.313333333333 0 300 56
183 5 -126.683044738 264.773654426 0.005 0.406 0.03125 0.0820895522388 32 268 56
184 3 -159.078553593 329.564672135 0.005 0.307 0.0 0.0816326530612 104 196 56
185 7 -135.893411811 283.194388572 0.005 0.505 0.0 0.0144230769231 92 208 56
186 11 -159.885497638 331.178560226 0.005 0.307 0.0 0.0492610837438 97 203 56
187 8 -120.318546548 252.044658045 0.005 0.505 0.0 0.0578512396694 58 242 56
188 20 -139.266318374 289.940201697 0.005 0.505 0.0 0.0279069767442 85 215 56
189 3 -161.660795207 334.729155364 0.005 0.208 nan 0.213333333333 0 300 56
190 32 -188.393875605 388.195316159 0.015 0.109 nan 0.33 0 300 56
192 7 -137.796173325 286.9999116 0.005 0.307 0.0 0.102661596958 37 263 56
193 2 -153.226659709 317.860884368 0.005 0.406 0.0 0.0545454545455 80 220 56
194 9 -143.078922213 297.565409374 0.005 0.307 0.0 0.122222222222 30 270 56
195 9 -155.24989972 321.907364389 0.005 0.208 0.25 0.185810810811 4 296 56
196 0 -179.611040817 370.629646584 0.005 0.307 0.0 0.0555555555556 138 162 56
197 23 -192.030839611 395.469244172 0.005 0.109 nan 0.323333333333 0 300 56
198 8 -159.67734787 330.762260689 0.005 0.406 0.0 0.0454545454545 102 198 56
199 11 -153.967083636 319.341732221 0.005 0.505 0.0 0.0247524752475 98 202 56
200 22 -133.789189965 278.98594488 0.005 0.307 nan 0.156666666667 0 300 56
202 17 -183.150170397 377.707905743 0.005 0.109 nan 0.283333333333 0 300 56
203 7 -140.714138549 292.835842047 0.005 0.505 0.0 0.00956937799043 91 209 56
204 22 -126.110027004 263.627618958 0.005 0.406 0.0 0.106529209622 9 291 56
206 32 -137.320043741 286.047652431 0.005 0.604 0.0 0.0 111 189 56
207 6 -154.450447366 320.308459682 0.005 0.406 0.0 0.0105263157895 110 190 56
208 34 -180.988535208 373.384635364 0.005 0.109 nan 0.286666666667 0 300 56
212 1 -105.880607074 223.168779098 0.005 0.901 0.0 0.00858369098712 67 233 56
213 18 -206.412133965 424.23183288 0.205 0.109 0.595238095238 0.449612403101 42 258 56
215 8 -134.082022519 279.571609988 0.005 0.505 0.0 0.00966183574879 93 207 56
216 1 -125.734787162 262.877139273 0.005 0.505 0.0 0.025974025974 69 231 56
217 16 -159.902535434 331.212635817 0.005 0.208 nan 0.226666666667 0 300 56
218 3 -163.155634351 337.718833651 0.005 0.307 0.0 0.0625 92 208 56
220 26 -77.3714433775 166.150451704 0.005 1.0 0.0 0.00395256916996 47 253 56
221 3 -174.862499917 361.132564784 0.005 0.109 nan 0.256666666667 0 300 56
223 15 -177.139732704 365.687030357 0.005 0.307 0.0 0.0426829268293 136 164 56
225 4 -140.864391626 293.136348202 0.005 0.406 0.0 0.038961038961 69 231 56
226 22 -156.280846546 323.969258041 0.005 0.208 0.166666666667 0.200680272109 6 294 56
227 39 -166.067367674 343.542300298 0.005 0.208 0.0 0.144927536232 24 276 56
228 12 -159.711045022 330.829654994 0.005 0.307 0.0108695652174 0.0769230769231 92 208 56
229 16 -137.812529845 287.032624639 0.005 0.307 0.05 0.114285714286 20 280 56
230 8 -108.984877669 229.377320288 0.005 0.802 0.015625 0.0169491525424 64 236 56
231 40 -197.49011502 406.387794988 0.005 0.109 0.0 0.0596026490066 149 151 56
232 7 -156.711220611 324.830006172 0.005 0.208 0.0 0.140562248996 51 249 56
234 8 -142.100302317 295.608169584 0.005 0.505 0.0 0.039603960396 98 202 56
235 11 -160.834786753 333.077138456 0.005 0.208 0.0 0.160583941606 26 274 56
236 12 -175.948371593 363.304308135 0.005 0.109 nan 0.253333333333 0 300 56
237 3 -126.743604687 264.894774323 0.005 0.604 0.0 0.0223214285714 76 224 56
238 25 -142.614795079 296.637155108 0.005 0.208 0.25 0.165540540541 4 296 56
240 3 -118.030418745 247.46840244 0.005 0.505 0.0 0.0447154471545 54 246 56
241 4 -150.944884882 313.297334713 0.005 0.208 0.0 0.160839160839 14 286 56
242 7 -155.906940227 323.221445404 0.005 0.307 0.0 0.101382488479 83 217 56
243 13 -156.058543901 323.524652751 0.005 0.406 0.0 0.0571428571429 90 210 56
244 28 -179.638256109 370.684077167 0.005 0.109 0.2 0.254237288136 5 295 56
245 9 -166.324219991 344.056004931 0.005 0.208 0.0 0.141078838174 59 241 56
247 15 -115.34900831 242.10558157 0.005 0.901 0.0 0.0 84 216 56
248 35 -182.918677525 377.24492 0.005 0.109 nan 0.3 0 300 56
253 4 -131.979333316 275.366231582 0.005 0.604 0.0 0.0048309178744 93 207 56
256 10 -153.039042311 317.485649571 0.005 0.406 0.0 0.0607476635514 86 214 56
257 24 -162.9590892 337.32574335 0.005 0.406 0.0 0.0331491712707 119 181 56
258 8 -167.813719689 347.035004327 0.005 0.307 0.0 0.043956043956 118 182 56
259 14 -141.447923289 294.303411528 0.005 0.406 0.0 0.0557939914163 67 233 56
260 13 -140.289210969 291.985986886 0.005 0.307 0.0 0.0983606557377 56 244 56
261 7 -176.270564672 363.948694294 0.005 0.109 0.0 0.224489795918 6 294 56
262 11 -172.736629059 356.880823068 0.005 0.406 0.0 0.0 149 151 56
263 8 -105.484316273 222.376197495 0.005 1.0 0.0 0.00442477876106 74 226 56
264 3 -136.897688177 285.202941303 0.005 0.505 0.0 0.0339805825243 94 206 56
1519 17 -171.597466431 354.602497811 0.005 0.208 0.05 0.2 20 280 56
1520 4 -147.004051281 305.41566751 0.005 0.604 0.0 0.00537634408602 114 186 56
1521 17 -138.696232685 288.80003032 0.005 0.307 0.0 0.134482758621 10 290 56
1523 14 -111.657996122 234.723557194 0.005 0.901 0.0 0.0131578947368 72 228 56
1524 11 -147.455592612 306.318750173 0.005 0.307 0.0294117647059 0.116541353383 34 266 56
1525 12 -163.339870972 338.087306893 0.005 0.406 0.0 0.0116959064327 129 171 56
1526 11 -155.823359042 323.054283033 0.005 0.406 0.0 0.0637254901961 96 204 56
1527 15 -149.073633929 309.554832808 0.005 0.208 0.0 0.177700348432 13 287 56
1528 2 -145.987322348 303.382209646 0.005 0.505 0.0 0.025 100 200 56
1529 2 -137.915119976 287.237804902 0.005 0.505 0.0 0.00970873786408 94 206 56
1530 15 -134.755243867 280.918052683 0.005 0.802 0.00980392156863 0.0 102 198 56
1531 10 -167.868520552 347.144606053 0.005 0.307 0.0 0.0502512562814 101 199 56
1532 15 -156.979248729 325.366062407 0.005 0.406 0.0 0.0555555555556 102 198 56
1533 22 -152.049305555 315.50617606 0.005 0.406 0.0 0.04 100 200 56
1534 19 -179.047834052 369.503233054 0.005 0.109 nan 0.27 0 300 56
1535 15 -125.565354135 262.538273219 0.005 0.505 0.0 0.0564516129032 52 248 56
1536 5 -142.259482333 295.926529615 0.005 0.406 0.0153846153846 0.0723404255319 65 235 57
1537 12 -164.321711434 340.050987817 0.005 0.307 0.0 0.0681818181818 80 220 57
1538 32 -151.707961774 314.823488497 0.005 0.307 0.0 0.0753138075314 61 239 57
1539 24 -137.480493778 286.368552505 0.005 0.307 0.0 0.114068441065 37 263 57
1540 8 -159.326704714 330.060974377 0.005 0.208 0.0 0.164179104478 32 268 57
1541 11 -128.557598659 268.522762267 0.005 0.604 0.0 0.025641025641 66 234 57
1542 7 -118.366324623 248.140214196 0.005 0.802 0.0 0.00900900900901 78 222 57
1543 7 -187.159753161 385.727071271 0.005 0.208 0.0 0.0314465408805 141 159 57
1544 13 -142.649157839 296.705880626 0.005 0.208 nan 0.186666666667 0 300 57
1545 25 -154.408973418 320.225511785 0.005 0.208 nan 0.19 0 300 57
1546 12 -157.834334669 327.076234288 0.005 0.406 0.0 0.0402298850575 126 174 57
1547 23 -207.415962146 426.239489242 0.04 0.01 nan 0.48 0 300 57
1549 27 -155.008520231 321.424605412 0.005 0.208 nan 0.186666666667 0 300 57
1550 4 -149.394648625 310.1968622 0.005 0.604 0.0 0.00531914893617 112 188 57
1553 11 -163.403628656 338.214822262 0.005 0.208 0.0 0.180811808118 29 271 57
140 11 -123.050559309 257.508683566 0.005 0.604 0.0 0.0327868852459 56 244 57
141 4 -138.456404707 288.320374364 0.005 0.307 0.0 0.118320610687 38 262 57
142 10 -109.64215379 230.69187253 0.005 0.703 0.0185185185185 0.020325203252 54 246 57
143 21 -196.352860221 404.113285392 0.02 0.109 0.5 0.351351351351 4 296 57
144 16 -122.655337422 256.718239794 0.005 0.505 0.0 0.037037037037 57 243 57
145 10 -139.682469347 290.772503644 0.005 0.208 0.333333333333 0.175084175084 3 297 57
146 24 -176.002859543 363.413284035 0.005 0.109 0.5 0.255033557047 2 298 57
147 11 -135.202439206 281.812443361 0.005 0.505 0.0 0.0472103004292 67 233 57
148 3 -159.520252063 330.448069075 0.005 0.208 0.0 0.121848739496 62 238 57
149 5 -154.205996658 319.819558265 0.005 0.307 0.0 0.0663716814159 74 226 57
150 25 -129.932415525 271.272396 0.005 0.604 0.0 0.0145631067961 94 206 57
151 21 -136.375451802 284.158468554 0.005 0.406 0.0185185185185 0.0772357723577 54 246 57
152 9 -154.603107909 320.613780768 0.005 0.307 0.0 0.0901287553648 67 233 57
153 15 -190.895865204 393.199295357 0.01 0.109 nan 0.333333333333 0 300 57
154 3 -141.201885771 293.811336492 0.005 0.307 0.04 0.134545454545 25 275 57
155 0 -153.673418622 318.754402193 0.005 0.505 0.0 0.0110497237569 119 181 57
157 8 -158.990939082 329.389443114 0.005 0.208 0.0 0.129770992366 38 262 57
158 9 -165.058547321 341.524659591 0.005 0.307 0.0 0.0736842105263 110 190 57
159 15 -106.488691838 224.384948626 0.005 1.0 0.0 0.00892857142857 76 224 57
160 29 -130.282324481 271.972213911 0.005 0.604 0.0 0.0234741784038 87 213 57
161 4 -122.223380903 255.854326756 0.005 0.802 0.0108695652174 0.00961538461538 92 208 57
162 19 -196.542555798 404.492676546 0.005 0.109 nan 0.346666666667 0 300 57
163 3 -164.218187377 339.843939704 0.005 0.208 0.0 0.221088435374 6 294 57
164 2 -137.674124573 286.755814096 0.005 0.307 0.0 0.0755395683453 22 278 57
165 12 -182.595415997 376.598396944 0.005 0.109 nan 0.283333333333 0 300 57
166 1 -150.223663197 311.854891343 0.005 0.208 nan 0.19 0 300 57
168 37 -157.589192019 326.585948987 0.005 0.307 0.0 0.101382488479 83 217 57
170 12 -160.772050546 332.951666042 0.005 0.208 0.125 0.191780821918 8 292 57
171 5 -151.14055381 313.688672569 0.005 0.604 0.0 0.0 123 177 57
172 9 -152.486346315 316.380257578 0.005 0.307 0.0 0.0862068965517 68 232 57
173 5 -172.618963619 356.645492188 0.005 0.208 0.0 0.0904522613065 101 199 57
174 1 -152.94143302 317.290430989 0.005 0.307 0.0 0.0909090909091 69 231 57
175 12 -150.466207743 312.339980436 0.005 0.406 0.0 0.0418848167539 109 191 57
176 21 -184.713034169 380.833633287 0.005 0.109 0.0 0.270833333333 12 288 57
177 40 -201.822653797 415.052872544 0.045 0.109 0.416666666667 0.375 12 288 57
178 8 -141.016307132 293.440179213 0.005 0.307 0.125 0.147260273973 8 292 57
179 4 -180.851860583 373.111286116 0.005 0.109 1.0 0.284280936455 1 299 57
180 8 -161.345718252 334.099001453 0.005 0.307 0.0 0.0867579908676 81 219 57
181 4 -187.034257617 385.476080184 0.005 0.109 0.25 0.300675675676 4 296 57
183 5 -173.479055436 358.365675821 0.005 0.307 0.0 0.0518134715026 107 193 57
184 3 -156.924488127 325.256541203 0.005 0.208 0.125 0.198630136986 8 292 57
185 7 -169.659781073 350.727127095 0.005 0.307 0.0 0.0841584158416 98 202 57
186 11 -121.516610919 254.440786787 0.005 1.0 0.0 0.0 103 197 57
187 8 -136.898852074 285.205269098 0.005 0.406 0.0 0.0612244897959 55 245 57
188 20 -159.561535135 330.53063522 0.005 0.208 0.0 0.1375 60 240 57
189 3 -155.060319826 321.528204601 0.005 0.307 0.0 0.0619047619048 90 210 57
190 32 -199.588146403 410.583857755 0.005 0.109 0.25 0.325342465753 8 292 57
192 7 -172.531214416 356.469993782 0.005 0.307 0.0 0.0196078431373 147 153 57
193 2 -157.09515495 325.59787485 0.005 0.307 0.0 0.115044247788 74 226 57
194 9 -137.789021393 286.985607736 0.005 0.505 0.0 0.0424528301887 88 212 57
195 9 -157.06174946 325.531063869 0.005 0.208 0.0 0.153846153846 14 286 57
196 0 -159.954704769 331.316974488 0.005 0.307 0.0 0.065 100 200 57
197 23 -185.011904561 381.431374071 0.005 0.109 nan 0.3 0 300 57
198 8 -161.724436673 334.856438295 0.005 0.406 0.0 0.0 111 189 57
199 11 -174.939608345 361.28678164 0.005 0.208 0.0 0.0816326530612 104 196 57
200 22 -156.186405868 323.780376685 0.005 0.307 0.0 0.0762711864407 64 236 57
202 17 -184.338666633 380.084898215 0.005 0.109 nan 0.31 0 300 57
203 7 -110.528072709 232.463710366 0.005 0.604 0.0 0.028 50 250 57
204 22 -170.866585772 353.140736493 0.005 0.307 0.0 0.0181818181818 135 165 57
206 32 -195.061095039 401.529755028 0.005 0.109 0.0 0.134615384615 144 156 57
207 6 -126.34347515 264.09451525 0.005 0.604 0.0 0.038961038961 69 231 57
208 34 -137.353055368 286.113675684 0.005 0.307 0.0 0.119133574007 23 277 57
212 1 -189.100866179 389.609297307 0.005 0.208 0.0 0.0454545454545 146 154 57
213 18 -207.786138893 426.979842736 0.05 0.01 1.0 0.486577181208 2 298 57
215 8 -109.843735887 231.095036723 0.005 0.703 0.0 0.0254237288136 64 236 57
216 1 -168.983396041 349.374357031 0.005 0.307 0.0 0.0568181818182 124 176 57
217 16 -151.876925627 315.161416203 0.005 0.208 0.0 0.170289855072 24 276 57
218 3 -154.10589211 319.61934917 0.005 0.505 0.0 0.0112359550562 122 178 57
220 26 -104.267962947 219.943490844 0.005 1.0 0.0 0.004329004329 69 231 57
221 3 -138.432829908 288.273224765 0.005 0.406 0.0 0.0506329113924 63 237 57
223 15 -171.652614308 354.712793565 0.005 0.406 0.0 0.0184049079755 137 163 57
225 4 -143.735493731 298.878552411 0.005 0.406 0.0 0.0550458715596 82 218 57
226 22 -158.93134004 329.27024503 0.005 0.307 0.0 0.0963302752294 82 218 57
227 39 -155.425911879 322.259388708 0.005 0.307 0.0 0.0704225352113 87 213 57
228 12 -158.300992795 328.00955054 0.005 0.505 0.00877192982456 0.00537634408602 114 186 57
229 16 -127.16441765 265.73640025 0.005 0.406 0.0434782608696 0.0794223826715 23 277 57
230 8 -98.4379899303 208.28354481 0.005 1.0 0.0 0.0 70 230 57
231 40 -161.123042492 333.653649934 0.005 0.406 0.00900900900901 0.037037037037 111 189 57
232 7 -147.141577201 305.69071935 0.005 0.208 nan 0.166666666667 0 300 57
234 8 -103.01982338 217.447211708 0.005 1.0 0.0 0.0045871559633 82 218 57
235 11 -152.18918914 315.785943229 0.005 0.208 nan 0.17 0 300 57
236 12 -174.588134534 360.583834018 0.005 0.208 0.0 0.157024793388 58 242 57
237 3 -157.513274801 326.434114552 0.005 0.208 0.037037037037 0.161172161172 27 273 57
238 25 -174.388901939 360.185368827 0.005 0.109 nan 0.26 0 300 57
240 3 -112.006128174 235.419821298 0.005 0.901 0.0 0.00904977375566 79 221 57
241 4 -182.537708728 376.482982406 0.005 0.208 0.00833333333333 0.0722222222222 120 180 57
242 7 -147.892654094 307.192873138 0.005 0.307 0.047619047619 0.108527131783 42 258 57
243 13 -158.300939814 328.009444577 0.005 0.307 0.0 0.0717703349282 91 209 57
244 28 -175.312082747 362.031730443 0.005 0.109 nan 0.256666666667 0 300 57
245 9 -161.542160007 334.491884964 0.005 0.208 1.0 0.210702341137 1 299 57
247 15 -141.032818533 293.473202015 0.005 0.505 0.0 0.0199004975124 99 201 57
248 35 -129.891317175 271.190199299 0.005 0.505 0.0 0.0267857142857 76 224 57
253 4 -150.138809001 311.685182951 0.005 0.406 0.0138888888889 0.0570175438596 72 228 57
256 10 -164.330819319 340.069203586 0.005 0.406 0.0 0.04 125 175 57
257 24 -156.34488347 324.097331889 0.005 0.208 0.0 0.187279151943 17 283 57
258 8 -154.699573575 320.806712099 0.005 0.307 0.0 0.0829694323144 71 229 57
259 14 -137.924853925 287.257272799 0.005 0.307 0.0 0.101123595506 33 267 57
260 13 -164.198361006 339.804286961 0.005 0.307 0.0 0.047619047619 111 189 57
261 7 -183.884404618 379.176374186 0.005 0.109 0.142857142857 0.293515358362 7 293 57
262 11 -152.583112242 316.573789433 0.005 0.307 0.0 0.1 60 240 57
263 8 -88.499566108 188.406697165 0.005 1.0 0.0 0.00420168067227 62 238 57
264 3 -136.271931376 283.951427702 0.005 0.406 0.0 0.0603448275862 68 232 57
1519 17 -188.030115068 387.467795085 0.005 0.109 nan 0.31 0 300 57
1520 4 -73.88858487 159.184734689 0.005 1.0 0.0 0.00384615384615 40 260 57
1521 17 -154.796220318 321.000005585 0.005 0.406 0.0 0.0307692307692 105 195 57
1523 14 -171.900804939 355.209174827 0.005 0.208 0.0 0.139830508475 64 236 57
1524 11 -163.461288398 338.330141745 0.005 0.208 nan 0.23 0 300 57
1525 12 -173.230844527 357.869254002 0.005 0.109 nan 0.256666666667 0 300 57
1526 11 -145.385305689 302.178176328 0.005 0.307 0.04 0.0945454545455 25 275 57
1527 15 -167.41672213 346.241009208 0.005 0.208 0.04 0.207272727273 25 275 57
1528 2 -143.575557353 298.558679655 0.005 0.505 0.0 0.0162162162162 115 185 57
1529 2 -129.477206812 270.361978574 0.005 0.901 0.0 0.0 108 192 57
1530 15 -106.203533175 223.8146313 0.005 0.901 0.0 0.00858369098712 67 233 57
1531 10 -157.635790759 326.679146467 0.005 0.307 0.0138888888889 0.0877192982456 72 228 57
1532 15 -150.007519773 311.422604495 0.005 0.307 0.0 0.112403100775 42 258 57
1533 22 -134.102286298 279.612137545 0.005 0.703 0.0 0.0139534883721 85 215 57
1534 19 -151.305362301 314.018289552 0.005 0.307 0.0 0.0681818181818 80 220 57
1535 15 -163.966305793 339.340176536 0.005 0.307 0.0 0.0721153846154 92 208 57
1536 5 -170.191123257 351.789811463 0.005 0.208 0.0 0.111111111111 84 216 58
1537 12 -135.981693985 283.370952919 0.005 0.505 0.0 0.0236966824645 89 211 58
1538 32 -154.445208703 320.297982356 0.005 0.307 0.0 0.0692640692641 69 231 58
1539 24 -114.540574897 240.488714743 0.005 1.0 0.0 0.0135135135135 78 222 58
1540 8 -161.21121049 333.829985929 0.005 0.208 0.0 0.172043010753 21 279 58
1541 11 -172.455244413 356.318053776 0.005 0.109 nan 0.243333333333 0 300 58
1542 7 -167.296234547 346.000034043 0.005 0.208 nan 0.216666666667 0 300 58
1543 7 -143.00960544 297.42677583 0.005 0.307 0.153846153846 0.15331010453 13 287 58
1544 13 -150.934622423 313.276809795 0.005 0.406 0.0 0.0509259259259 84 216 58
1545 25 -131.863619172 275.134803294 0.005 0.505 0.0 0.0460251046025 61 239 58
1546 12 -124.795483512 260.998531973 0.005 0.307 0.0 0.0924657534247 8 292 58
1547 23 -207.23846183 425.88448861 0.205 0.109 0.604651162791 0.451361867704 43 257 58
1549 27 -180.070467195 371.54849934 0.005 0.208 0.0126582278481 0.14479638009 79 221 58
1550 4 -160.355375229 332.118315408 0.005 0.307 0.0 0.112449799197 51 249 58
1553 11 -163.497822268 338.403209484 0.005 0.208 0.0 0.132780082988 59 241 58
140 11 -140.439440863 292.286446676 0.005 0.406 0.012987012987 0.0493273542601 77 223 58
141 4 -176.052121481 363.511807911 0.005 0.208 0.0 0.112244897959 104 196 58
142 10 -149.681974019 310.771512988 0.005 0.505 0.0 0.0 128 172 58
143 21 -195.703836376 402.815237702 0.005 0.109 nan 0.336666666667 0 300 58
144 16 -107.449069767 226.305704484 0.005 0.604 0.0222222222222 0.0549019607843 45 255 58
145 10 -125.948032438 263.303629826 0.005 0.703 0.0 0.0174672489083 71 229 58
146 24 -158.816322004 329.040208956 0.01 0.208 nan 0.23 0 300 58
147 11 -159.987674075 331.382913099 0.005 0.208 0.142857142857 0.204778156997 7 293 58
148 3 -145.897269452 303.202103852 0.005 0.406 0.0 0.0600858369099 67 233 58
149 5 -148.011342889 307.430250727 0.005 0.307 0.0 0.085020242915 53 247 58
150 25 -154.485845734 320.379256418 0.005 0.307 0.0 0.101214574899 53 247 58
151 21 -145.741545194 302.890655338 0.005 0.406 0.0 0.0446428571429 76 224 58
152 9 -92.8646787798 197.136922509 0.005 1.0 0.0 0.0157480314961 46 254 58
153 15 -190.730249895 392.868064739 0.005 0.109 nan 0.316666666667 0 300 58
154 3 -156.485988331 324.379541611 0.005 0.208 0.0 0.15037593985 34 266 58
155 0 -139.283473353 289.974511654 0.005 0.505 0.0 0.019801980198 98 202 58
157 8 -176.694335239 364.796235427 0.005 0.109 0.0 0.257627118644 5 295 58
158 9 -139.291565331 289.990695611 0.005 0.505 0.0 0.0440528634361 73 227 58
159 15 -115.845613767 243.098792483 0.005 1.0 0.0 0.0 89 211 58
160 29 -154.83269461 321.07295417 0.005 0.406 0.0 0.0604651162791 85 215 58
161 4 -175.856013706 363.119592361 0.005 0.307 0.00877192982456 0.0645161290323 114 186 58
162 19 -189.546011787 390.499588524 0.01 0.109 nan 0.32 0 300 58
163 3 -140.929673388 293.266911725 0.005 0.307 0.0 0.0909090909091 14 286 58
164 2 -157.104922628 325.617410205 0.005 0.208 0.0 0.169811320755 35 265 58
165 12 -142.672131576 296.751828102 0.005 0.208 0.0 0.147157190635 1 299 58
166 1 -159.378628776 330.164822502 0.005 0.208 nan 0.21 0 300 58
168 37 -160.225042271 331.857649492 0.005 0.208 0.0 0.172549019608 45 255 58
170 12 -162.060349475 335.528263899 0.005 0.307 0.0 0.0878661087866 61 239 58
171 5 -156.03377437 323.475113688 0.005 0.208 0.0294117647059 0.154135338346 34 266 58
172 9 -145.023719777 301.455004504 0.005 0.307 0.0 0.0759493670886 63 237 58
173 5 -144.518101129 300.443767208 0.005 0.208 nan 0.18 0 300 58
174 1 -135.85368859 283.114942129 0.005 0.307 0.0 0.103053435115 38 262 58
175 12 -134.495267761 280.398100472 0.005 0.505 0.0 0.0418604651163 85 215 58
176 21 -149.761352314 310.930269577 0.005 0.307 0.0 0.101449275362 24 276 58
177 40 -201.832966998 415.073498945 0.035 0.109 0.428571428571 0.378839590444 7 293 58
178 8 -180.682844187 372.773253322 0.005 0.208 0.0 0.109289617486 117 183 58
179 4 -107.907557829 227.222680607 0.005 0.901 0.0 0.00826446280992 58 242 58
180 8 -162.482610844 336.372786638 0.005 0.208 0.5 0.191275167785 2 298 58
181 4 -182.265919358 375.939403666 0.005 0.109 nan 0.293333333333 0 300 58
183 5 -180.009674093 371.426913136 0.005 0.208 0.0 0.12380952381 90 210 58
184 3 -172.111036052 355.629637054 0.005 0.307 0.0 0.0725388601036 107 193 58
185 7 -133.842403222 279.092371394 0.005 0.604 0.0 0.00497512437811 99 201 58
186 11 -112.706293642 236.820152233 0.005 0.901 0.0 0.0 87 213 58
187 8 -107.393531932 226.194628814 0.005 0.802 0.0 0.0126582278481 63 237 58
188 20 -173.248197513 357.903959975 0.005 0.307 0.0 0.0846560846561 111 189 58
189 3 -170.485272192 352.378109333 0.005 0.208 nan 0.223333333333 0 300 58
190 32 -183.825801886 379.059168721 0.005 0.109 nan 0.303333333333 0 300 58
192 7 -143.417788308 298.243141565 0.005 0.406 0.0 0.0550847457627 64 236 58
193 2 -147.454396687 306.316358323 0.005 0.307 0.05 0.121428571429 20 280 58
194 9 -111.024044713 233.455654375 0.005 1.0 0.0 0.0045045045045 78 222 58
195 9 -149.944072235 311.295709419 0.005 0.406 0.0 0.0473933649289 89 211 58
196 0 -174.925468404 361.258501757 0.005 0.307 0.0 0.0424242424242 135 165 58
197 23 -190.616199809 392.639964566 0.01 0.109 nan 0.33 0 300 58
198 8 -134.87264314 281.152851229 0.005 0.604 0.0 0.0280373831776 86 214 58
199 11 -151.156139108 313.719843165 0.005 0.307 0.0 0.0901960784314 45 255 58
200 22 -150.698951249 312.805467448 0.005 0.406 0.0 0.056338028169 87 213 58
202 17 -179.014302211 369.436169371 0.005 0.109 nan 0.283333333333 0 300 58
203 7 -131.720598661 274.848762272 0.005 0.406 0.0 0.0848708487085 29 271 58
204 22 -149.350852699 310.109270347 0.005 0.307 0.05 0.126923076923 40 260 58
206 32 -170.326087455 352.05973986 0.005 0.307 0.0 0.0225988700565 123 177 58
207 6 -145.567380808 302.542326566 0.005 0.307 0.0144927536232 0.0995670995671 69 231 58
208 34 -164.518899167 340.445363284 0.005 0.208 0.2 0.203448275862 10 290 58
212 1 -160.815753374 333.039071698 0.005 0.208 nan 0.203333333333 0 300 58
213 18 -207.471734428 426.351033805 0.035 0.01 nan 0.476666666667 0 300 58
215 8 -179.769127795 370.945820539 0.005 0.307 0.0 0.00606060606061 135 165 58
216 1 -167.870261336 347.148087622 0.005 0.307 0.0 0.0927835051546 106 194 58
217 16 -181.054333943 373.516232834 0.005 0.109 0.0833333333333 0.263888888889 12 288 58
218 3 -133.851811589 279.111188126 0.005 0.307 0.0344827586207 0.0922509225092 29 271 58
220 26 -160.447649827 332.302864603 0.005 0.406 0.0 0.0222222222222 120 180 58
221 3 -179.749159641 370.905884231 0.005 0.109 nan 0.27 0 300 58
223 15 -126.277039044 263.961643037 0.005 0.604 0.0 0.0132743362832 74 226 58
225 4 -161.42551225 334.258589448 0.005 0.208 0.0277777777778 0.155303030303 36 264 58
226 22 -153.106449342 317.620463634 0.005 0.307 0.0 0.117647058824 62 238 58
227 39 -175.446532905 362.30063076 0.005 0.109 0.181818181818 0.22491349481 11 289 58
228 12 -150.730758679 312.869082308 0.005 0.505 0.0 0.0108108108108 115 185 58
229 16 -165.712260701 342.832086351 0.005 0.208 0.0 0.184905660377 35 265 58
230 8 -133.221097934 277.849760818 0.005 0.307 0.5 0.137583892617 2 298 58
231 40 -98.3927432181 208.193051386 0.005 1.0 0.0 0.00423728813559 64 236 58
232 7 -155.933805504 323.275175957 0.005 0.307 0.0 0.119691119691 41 259 58
234 8 -114.993825305 241.395215559 0.005 0.505 0.0 0.0610687022901 38 262 58
235 11 -143.628519924 298.664604798 0.005 0.505 0.0 0.019512195122 95 205 58
236 12 -173.960645552 359.328856053 0.005 0.109 nan 0.25 0 300 58
237 3 -156.675782463 324.759129875 0.005 0.406 0.0 0.0487804878049 95 205 58
238 25 -140.539596437 292.486757822 0.005 0.307 0.0 0.0805084745763 64 236 58
240 3 -124.460559045 260.32868304 0.005 0.406 0.0 0.100371747212 31 269 58
241 4 -141.26275803 293.933081009 0.005 0.406 0.0 0.0583333333333 60 240 58
242 7 -177.122144077 365.651853103 0.005 0.307 0.0 0.0558659217877 121 179 58
243 13 -140.212017736 291.831600421 0.005 0.505 0.0 0.0245098039216 96 204 58
244 28 -183.041676897 377.490918744 0.005 0.109 nan 0.293333333333 0 300 58
245 9 -119.667100014 250.741764978 0.005 0.406 0.0 0.0847457627119 5 295 58
247 15 -155.013194026 321.433953001 0.005 0.208 0.333333333333 0.205387205387 3 297 58
248 35 -180.767079435 372.941723819 0.005 0.109 0.0 0.257950530035 17 283 58
253 4 -143.046539706 297.500644362 0.005 0.406 0.0 0.0462962962963 84 216 58
256 10 -151.678068816 314.763702582 0.005 0.406 0.0104166666667 0.0392156862745 96 204 58
257 24 -136.677433639 284.762432227 0.005 0.505 0.0 0.0448430493274 77 223 58
258 8 -128.971026344 269.349617636 0.005 0.406 0.0 0.0528455284553 54 246 58
259 14 -120.537592017 252.482748983 0.005 0.703 0.0 0.0218340611354 71 229 58
260 13 -169.520306508 350.448177965 0.005 0.208 0.0625 0.211267605634 16 284 58
261 7 -193.309458651 398.026482252 0.01 0.109 nan 0.343333333333 0 300 58
262 11 -162.772272692 336.952110334 0.005 0.307 0.00943396226415 0.0618556701031 106 194 58
263 8 -177.886275464 367.180115877 0.005 0.307 0.0 0.0268456375839 151 149 58
264 3 -150.852377694 313.112320337 0.005 0.406 0.0 0.0201005025126 101 199 58
1519 17 -139.863486199 291.134537348 0.005 0.604 0.0 0.00970873786408 94 206 58
1520 4 -153.005211492 317.417987933 0.005 0.307 0.0 0.0714285714286 90 210 58
1521 17 -115.784636697 242.976838344 0.005 0.505 0.0 0.0574712643678 39 261 58
1523 14 -166.163045304 343.733655557 0.005 0.208 0.030303030303 0.161048689139 33 267 58
1524 11 -146.214514997 303.836594944 0.005 0.307 0.0 0.0916666666667 60 240 58
1525 12 -160.567902685 332.54337032 0.005 0.208 nan 0.206666666667 0 300 58
1526 11 -130.684502471 272.77656989 0.005 0.505 0.0 0.0448979591837 55 245 58
1527 15 -123.695336262 258.798237473 0.005 0.703 0.0 0.0180995475113 79 221 58
1528 2 -148.940058291 309.287681531 0.005 0.406 0.0 0.0358974358974 105 195 58
1529 2 -151.983980015 315.37552498 0.005 0.307 0.0 0.0789473684211 72 228 58
1530 15 -136.376032381 284.159629711 0.005 0.604 0.0 0.0 100 200 58
1531 10 -167.343370277 346.094305502 0.01 0.208 1.0 0.240802675585 1 299 58
1532 15 -146.107006913 303.621578776 0.005 0.307 0.0 0.12962962963 30 270 58
1533 22 -151.926773627 315.261112204 0.005 0.604 0.0 0.0 131 169 58
1534 19 -163.865606794 339.138778536 0.005 0.208 0.0416666666667 0.159420289855 24 276 58
1535 15 -167.039713176 345.486991301 0.005 0.208 0.0 0.200743494424 31 269 58
1536 5 -169.542517197 350.492599343 0.005 0.208 0.0 0.100961538462 92 208 59
1537 12 -125.9267822 263.261129348 0.005 0.406 0.0 0.0742049469965 17 283 59
1538 32 -165.690539883 342.788644716 0.005 0.307 0.0 0.0772946859903 93 207 59
1539 24 -142.792417053 296.992399056 0.005 0.505 0.0 0.0318181818182 80 220 59
1540 8 -171.758641586 354.924848121 0.005 0.208 0.0 0.233676975945 9 291 59
1541 11 -117.02278283 245.453130609 0.005 0.901 0.0 0.0 85 215 59
1542 7 -165.089896525 341.587357998 0.01 0.208 nan 0.236666666667 0 300 59
1543 7 -126.076558091 263.560681132 0.005 0.505 0.0 0.0411522633745 57 243 59
1544 13 -105.573336332 222.554237614 0.005 0.901 0.0185185185185 0.0121951219512 54 246 59
1545 25 -150.793091494 312.993747937 0.005 0.208 nan 0.19 0 300 59
1546 12 -79.3926886891 170.192942327 0.005 1.0 0.0 0.00406504065041 54 246 59
1547 23 -202.043890601 415.495346152 0.055 0.109 1.0 0.393939393939 3 297 59
1549 27 -154.433431615 320.27442818 0.005 0.208 nan 0.19 0 300 59
1550 4 -153.2818269 317.97121875 0.005 0.208 nan 0.193333333333 0 300 59
1553 11 -157.81175845 327.03108185 0.005 0.208 0.0204081632653 0.155378486056 49 251 59
140 11 -150.913974659 313.235514268 0.005 0.505 0.0 0.00529100529101 111 189 59
141 4 -152.902501337 317.212567623 0.005 0.208 0.0833333333333 0.159420289855 24 276 59
142 10 -105.315515298 222.038595546 0.005 0.505 0.285714285714 0.0819112627986 7 293 59
143 21 -191.580006652 394.567578253 0.01 0.109 nan 0.336666666667 0 300 59
144 16 -123.747542784 258.902650517 0.005 0.703 0.0128205128205 0.018018018018 78 222 59
145 10 -145.622325373 302.652215694 0.005 0.307 0.0 0.0808510638298 65 235 59
146 24 -145.042280222 301.492125392 0.005 0.406 0.0 0.0526315789474 91 209 59
147 11 -174.589584547 360.586734043 0.005 0.208 0.0 0.142180094787 89 211 59
148 3 -172.144162416 355.695889781 0.005 0.208 0.0 0.0990099009901 98 202 59
149 5 -161.406461876 334.2204887 0.005 0.208 0.0 0.129411764706 45 255 59
150 25 -153.677389069 318.762343088 0.005 0.307 0.0 0.0889830508475 64 236 59
151 21 -154.115082753 319.637730456 0.005 0.505 0.0 0.0164835164835 118 182 59
152 9 -147.960784615 307.329134179 0.005 0.406 0.0 0.0394088669951 97 203 59
153 15 -191.363412206 394.134389361 0.02 0.109 nan 0.343333333333 0 300 59
154 3 -162.584047402 336.575659753 0.005 0.307 0.0113636363636 0.0566037735849 88 212 59
155 0 -151.328894389 314.065353727 0.005 0.208 0.0833333333333 0.166666666667 12 288 59
157 8 -124.6806114 260.768787749 0.005 0.901 0.0 0.00947867298578 89 211 59
158 9 -153.779068621 318.96570219 0.005 0.505 0.0 0.0213903743316 113 187 59
159 15 -111.165833006 233.739230962 0.005 0.802 0.0 0.0169491525424 64 236 59
160 29 -126.203605099 263.814775147 0.005 0.505 0.0 0.0496183206107 38 262 59
161 4 -139.149033021 289.70563099 0.005 0.505 0.0 0.041095890411 81 219 59
162 19 -183.13981194 377.68718883 0.005 0.109 nan 0.3 0 300 59
163 3 -165.704831558 342.817228064 0.005 0.208 0.0 0.20979020979 14 286 59
164 2 -156.132301993 323.672168936 0.005 0.406 0.0 0.0582524271845 94 206 59
165 12 -182.62476324 376.657091429 0.005 0.109 nan 0.29 0 300 59
166 1 -109.170454788 229.748474525 0.005 0.406 0.0 0.0594405594406 14 286 59
168 37 -132.464265328 276.336095606 0.005 0.307 0.0 0.110344827586 10 290 59
170 12 -158.536079867 328.479724684 0.005 0.307 0.0 0.0857142857143 90 210 59
171 5 -167.365894682 346.139354313 0.005 0.406 0.0 0.0215053763441 114 186 59
172 9 -122.040106011 255.487776972 0.005 0.505 0.0 0.0559701492537 32 268 59
173 5 -120.628794418 252.665153786 0.005 0.703 0.0 0.00460829493088 83 217 59
174 1 -158.99740386 329.402372668 0.005 0.208 0.0 0.18118466899 13 287 59
175 12 -150.346642092 312.100849134 0.005 0.505 0.0 0.0 126 174 59
176 21 -158.073182088 327.553929124 0.005 0.208 0.0909090909091 0.173010380623 11 289 59
177 40 -199.904715749 411.216996448 0.01 0.109 0.5 0.352348993289 2 298 59
178 8 -160.791594441 332.990753831 0.005 0.208 0.0 0.139344262295 56 244 59
179 4 -175.321901954 362.051368857 0.005 0.109 nan 0.26 0 300 59
180 8 -168.274492728 347.956550405 0.005 0.208 0.0 0.17578125 44 256 59
181 4 -163.697857921 338.803280792 0.005 0.208 nan 0.23 0 300 59
183 5 -122.016591047 255.440747043 0.005 0.802 0.0 0.00921658986175 83 217 59
184 3 -160.205562486 331.818689921 0.005 0.208 0.0 0.152416356877 31 269 59
185 7 -102.763419147 216.934403243 0.005 0.703 0.0 0.0269230769231 40 260 59
186 11 -133.125554871 277.658674692 0.005 0.802 0.0 0.0106382978723 112 188 59
187 8 -150.399937007 312.207438963 0.005 0.406 0.0 0.0330188679245 88 212 59
188 20 -159.888216522 331.183997994 0.005 0.208 0.0 0.15625 44 256 59
189 3 -187.183182251 385.773929451 0.005 0.109 0.125 0.297945205479 8 292 59
190 32 -186.779353879 384.966272707 0.005 0.109 nan 0.306666666667 0 300 59
192 7 -131.382558868 274.172682685 0.005 0.307 0.0 0.118881118881 14 286 59
193 2 -112.294040997 235.995646944 0.005 0.901 0.0 0.0128205128205 66 234 59
194 9 -164.999890482 341.407345914 0.005 0.307 0.0112359550562 0.0995260663507 89 211 59
195 9 -171.313430132 354.034425213 0.005 0.208 0.166666666667 0.215277777778 12 288 59
196 0 -113.133942297 237.675449543 0.005 0.604 0.0 0.0133928571429 76 224 59
197 23 -202.064460047 415.536485043 0.01 0.109 0.25 0.356164383562 8 292 59
198 8 -105.882716323 223.172997596 0.005 0.802 0.0 0.0 86 214 59
199 11 -141.257897889 293.923360727 0.005 0.307 0.0 0.114503816794 38 262 59
200 22 -147.474488983 306.356542914 0.005 0.703 0.0 0.00523560209424 109 191 59
202 17 -163.630005554 338.667576058 0.005 0.208 0.0408163265306 0.155378486056 49 251 59
203 7 -145.067437765 301.54244048 0.005 0.604 0.0 0.0146341463415 95 205 59
204 22 -169.551917279 350.511399508 0.005 0.307 0.0 0.0670391061453 121 179 59
206 32 -142.618406433 296.644377816 0.005 0.307 0.0277777777778 0.113636363636 36 264 59
207 6 -118.140827003 247.689218956 0.005 0.604 0.0350877192982 0.0411522633745 57 243 59
208 34 -153.892907355 319.193379659 0.005 0.307 0.0 0.115079365079 48 252 59
212 1 -156.177120992 323.761806934 0.005 0.307 0.0 0.0594059405941 98 202 59
213 18 -207.571725233 426.551015416 0.005 0.01 nan 0.473333333333 0 300 59
215 8 -127.340345487 266.088255922 0.005 0.604 0.0 0.0349344978166 71 229 59
216 1 -120.576898478 252.561361904 0.005 0.505 0.0 0.0468085106383 65 235 59
217 16 -183.22620707 377.859979088 0.005 0.109 0.0 0.2125 60 240 59
218 3 -164.689808816 340.787182582 0.005 0.208 0.333333333333 0.218855218855 3 297 59
220 26 -116.190841547 243.789248043 0.005 0.802 0.0 0.0133928571429 76 224 59
221 3 -94.444998022 200.297560993 0.005 1.0 0.0 0.00418410041841 61 239 59
223 15 -115.523946939 242.455458828 0.005 1.0 0.0 0.0 92 208 59
225 4 -162.503303166 336.41417128 0.005 0.406 0.0 0.00561797752809 122 178 59
226 22 -141.357342321 294.122249592 0.005 0.406 0.0 0.0650406504065 54 246 59
227 39 -120.556078817 252.519722584 0.005 0.505 0.0 0.0352941176471 45 255 59
228 12 -175.839747892 363.087060732 0.005 0.208 0.0 0.0876288659794 106 194 59
229 16 -147.757195553 306.921956056 0.005 0.406 0.0 0.030303030303 102 198 59
230 8 -150.642514745 312.692594439 0.005 0.307 0.0 0.0628019323671 93 207 59
231 40 -129.507379069 270.422323088 0.005 0.406 0.0 0.0851851851852 30 270 59
232 7 -163.829293444 339.066151838 0.005 0.208 0.0 0.121951219512 54 246 59
234 8 -142.633837241 296.675239431 0.005 0.307 0.0 0.108208955224 32 268 59
235 11 -180.901141009 373.209846967 0.005 0.208 0.0 0.0718232044199 119 181 59
236 12 -170.466499347 352.340563642 0.005 0.208 nan 0.236666666667 0 300 59
237 3 -135.343070874 282.093706697 0.005 0.307 0.25 0.155405405405 4 296 59
238 25 -150.021741898 311.451048745 0.005 0.307 0.0 0.0833333333333 60 240 59
240 3 -147.392808777 306.193182504 0.005 0.307 0.0 0.0772532188841 67 233 59
241 4 -152.349064197 316.105693344 0.005 0.208 0.157894736842 0.156583629893 19 281 59
242 7 -151.497495226 314.402555401 0.005 0.307 0.0 0.0782608695652 70 230 59
243 13 -154.651246219 320.710057387 0.005 0.208 0.5 0.166666666667 6 294 59
244 28 -177.195725908 365.799016764 0.005 0.109 nan 0.28 0 300 59
245 9 -156.558470829 324.524506608 0.005 0.406 0.0 0.0372093023256 85 215 59
247 15 -145.473464267 302.354493483 0.005 0.307 0.0 0.103139013453 77 223 59
248 35 -187.727977293 386.863519536 0.005 0.109 nan 0.31 0 300 59
253 4 -156.025858832 323.459282614 0.005 0.406 0.0 0.0213903743316 113 187 59
256 10 -129.23439369 269.876352329 0.005 0.505 0.0222222222222 0.0627450980392 45 255 59
257 24 -159.199617098 329.806799146 0.005 0.208 0.0 0.137404580153 38 262 59
258 8 -160.846477238 333.100519425 0.005 0.307 0.0 0.0801886792453 88 212 59
259 14 -118.302482447 248.012529843 0.005 0.505 0.0 0.0337552742616 63 237 59
260 13 -161.360485391 334.128535731 0.005 0.208 0.0 0.137096774194 52 248 59
261 7 -202.061683754 415.530932457 0.02 0.109 nan 0.383333333333 0 300 59
262 11 -186.741218156 384.890001261 0.005 0.208 0.0 0.0636942675159 143 157 59
263 8 -120.74255474 252.89267443 0.005 0.802 0.0 0.019512195122 95 205 59
264 3 -123.38038397 258.16833289 0.005 0.307 0.0588235294118 0.0989399293286 17 283 59
1519 17 -125.789440156 262.986445261 0.005 0.703 0.0 0.0135746606335 79 221 59
1520 4 -158.166062036 327.739689021 0.005 0.406 0.0 0.0358974358974 105 195 59
1521 17 -179.109101245 369.62576744 0.005 0.208 0.0 0.120603015075 101 199 59
1523 14 -177.665071307 366.737707562 0.005 0.109 nan 0.276666666667 0 300 59
1524 11 -159.486262997 330.380090942 0.005 0.208 nan 0.216666666667 0 300 59
1525 12 -136.269028129 283.945621207 0.005 0.307 0.0232558139535 0.0739299610895 43 257 59
1526 11 -133.56252717 278.532619289 0.005 0.703 0.0 0.0 107 193 59
1527 15 -174.889208668 361.185982286 0.005 0.109 nan 0.26 0 300 59
1528 2 -125.439823113 262.287211176 0.005 0.406 0.0 0.0747330960854 19 281 59
1529 2 -170.622915629 352.653396208 0.005 0.307 0.008 0.0514285714286 125 175 59
1530 15 -145.791858106 302.991281161 0.005 0.406 0.0 0.0772532188841 67 233 59
1531 10 -153.116364638 317.640294225 0.005 0.406 0.0 0.0441176470588 96 204 59
1532 15 -147.192387467 305.792339883 0.005 0.505 0.0 0.0298507462687 99 201 59
1533 22 -154.587349408 320.582263765 0.005 0.307 0.0117647058824 0.0697674418605 85 215 59
1534 19 -184.231592165 379.87074928 0.005 0.109 nan 0.286666666667 0 300 59
1535 15 -169.582891364 350.573347677 0.005 0.307 0.0 0.0489130434783 116 184 59
1536 5 -134.421891721 280.251348392 0.005 0.703 0.0 0.013698630137 81 219 60
1537 12 -170.26473691 351.93703877 0.01 0.208 nan 0.24 0 300 60
1538 32 -174.577235887 360.562036724 0.005 0.109 0.111111111111 0.240549828179 9 291 60
1539 24 -153.09532154 317.598208029 0.005 0.208 0.0 0.140684410646 37 263 60
1540 8 -175.615500116 362.638565181 0.005 0.208 0.00961538461538 0.0969387755102 104 196 60
1541 11 -184.339295366 380.086155682 0.005 0.109 nan 0.293333333333 0 300 60
1542 7 -174.45234482 360.312254589 0.005 0.109 0.166666666667 0.241496598639 6 294 60
1543 7 -146.573573412 304.554711772 0.005 0.604 0.0 0.00523560209424 109 191 60
1544 13 -150.207833346 311.82323164 0.005 0.307 0.0 0.13829787234 18 282 60
1545 25 -110.686465826 232.780496602 0.005 0.505 0.0 0.0451127819549 34 266 60
1546 12 -141.986062027 295.379689003 0.005 0.604 0.0 0.0103626943005 107 193 60
1547 23 -207.459578282 426.326721514 0.005 0.01 nan 0.463333333333 0 300 60
1549 27 -140.912167746 293.231900441 0.005 0.307 0.0 0.089219330855 31 269 60
1550 4 -164.136190304 339.679945557 0.005 0.208 nan 0.23 0 300 60
1553 11 -156.316618826 324.040802601 0.005 0.208 0.0571428571429 0.147169811321 35 265 60
140 11 -129.356407912 270.120380773 0.005 0.703 0.0 0.0 89 211 60
141 4 -124.496801795 260.40116854 0.005 0.604 0.0 0.0272727272727 80 220 60
142 10 -120.312507014 252.032578978 0.005 0.703 0.0 0.0186046511628 85 215 60
143 21 -177.167409624 365.742384198 0.005 0.109 nan 0.28 0 300 60
144 16 -82.0722550848 175.552075119 0.005 1.0 0.0 0.0 60 240 60
145 10 -119.223503905 249.854572759 0.005 0.505 0.0 0.0384615384615 66 234 60
146 24 -156.756024255 324.91961346 0.005 0.208 0.0588235294118 0.155477031802 17 283 60
147 11 -151.986023258 315.379611466 0.005 0.307 0.0 0.103448275862 68 232 60
148 3 -151.249908344 313.907381636 0.005 0.505 0.0 0.016393442623 117 183 60
149 5 -152.027772681 315.463110311 0.005 0.406 0.0 0.0568720379147 89 211 60
150 25 -142.731952919 296.871470787 0.005 0.604 0.0 0.00515463917526 106 194 60
151 21 -123.025444145 257.45845324 0.005 0.604 0.025974025974 0.0313901345291 77 223 60
152 9 -64.3610541209 140.129673191 0.005 1.0 0.0 0.00373134328358 32 268 60
153 15 -182.497465452 376.402495854 0.005 0.109 nan 0.29 0 300 60
154 3 -157.438862234 326.285289418 0.005 0.208 0.0526315789474 0.156583629893 19 281 60
155 0 -149.546018726 310.499602402 0.005 0.406 0.0105263157895 0.0390243902439 95 205 60
157 8 -176.997606616 365.402778182 0.005 0.109 0.0 0.224489795918 6 294 60
158 9 -163.916642313 339.240849575 0.005 0.307 0.0 0.0497237569061 119 181 60
159 15 -131.68710828 274.781781508 0.005 0.505 0.0 0.0283018867925 88 212 60
160 29 -153.964640867 319.336846682 0.005 0.406 0.0 0.0157068062827 109 191 60
161 4 -108.387413402 228.182391754 0.005 0.703 0.0 0.028 50 250 60
162 19 -201.594744365 414.59705368 0.01 0.109 0.25 0.361486486486 4 296 60
163 3 -135.034489706 281.476544361 0.005 0.406 0.0 0.0607287449393 53 247 60
164 2 -170.654802835 352.71717062 0.005 0.307 0.0 0.0601092896175 117 183 60
165 12 -149.257639797 309.922844542 0.005 0.208 1.0 0.1872909699 1 299 60
166 1 -129.140687269 269.688939487 0.005 0.505 0.0 0.0418410041841 61 239 60
168 37 -151.552122804 314.511810558 0.005 0.208 nan 0.203333333333 0 300 60
170 12 -157.779151214 326.965867377 0.005 0.208 0.0 0.153846153846 14 286 60
171 5 -144.174060666 299.755686281 0.005 0.505 0.0 0.0355329949239 103 197 60
172 9 -103.123263652 217.654092253 0.005 0.901 0.0 0.0162601626016 54 246 60
173 5 -112.819997712 237.047560374 0.005 0.901 0.0 0.0 82 218 60
