1536 5 -142.673697875 296.754960699 0.005 0.406 0.0 0.0428571428571 90 210 11
1537 12 -157.40845416 326.224473268 0.005 0.208 nan 0.206666666667 0 300 11
1538 32 -178.033426524 367.474417997 0.005 0.109 0.0714285714286 0.227272727273 14 286 11
1539 24 -163.439040544 338.285646038 0.005 0.406 0.0 0.0 138 162 11
1540 8 -156.61012904 324.62782303 0.005 0.307 0.0 0.124463519313 67 233 11
1541 11 -165.276053178 341.959671305 0.005 0.208 0.105263157895 0.181494661922 19 281 11
1542 7 -112.288785544 235.985136038 0.005 1.0 0.0 0.0 83 217 11
1543 7 -154.531209403 320.469983756 0.005 0.307 0.0 0.101321585903 73 227 11
1544 13 -155.607701395 322.62296774 0.005 0.307 0.0 0.0772727272727 80 220 11
1545 25 -184.124843984 379.657252917 0.005 0.208 0.0 0.115183246073 109 191 11
1546 12 -102.825465162 217.058495273 0.005 0.901 0.0 0.0045045045045 78 222 11
1547 23 -207.624425659 426.656416267 0.005 0.01 nan 0.473333333333 0 300 11
1549 27 -105.197269879 221.802104707 0.005 1.0 0.0 0.0082304526749 57 243 11
1550 4 -108.946648683 229.300862316 0.005 1.0 0.0 0.00452488687783 79 221 11
1553 11 -138.357718998 288.123002945 0.005 0.307 0.0 0.0873015873016 48 252 11
140 11 -115.26047834 241.928521629 0.005 0.604 0.0 0.0209205020921 61 239 11
141 4 -137.315416836 286.038398621 0.005 0.307 0.25 0.138513513514 4 296 11
142 10 -155.997235239 323.402035428 0.005 0.505 0.0 0.0 133 167 11
143 21 -191.998407512 395.404379972 0.015 0.109 0.333333333333 0.3367003367 3 297 11
144 16 -115.486929973 242.381424896 0.005 0.703 0.0 0.0247933884298 58 242 11
145 10 -146.583455534 304.574476017 0.005 0.307 0.0 0.0952380952381 48 252 11
146 24 -153.1044564 317.61647775 0.005 0.208 0.125 0.165492957746 16 284 11
147 11 -162.661321186 336.730207321 0.005 0.307 0.0 0.0210526315789 110 190 11
148 3 -132.484901436 276.377367821 0.005 0.703 0.0 0.00502512562814 101 199 11
149 5 -143.809924246 299.027413441 0.005 0.505 0.0 0.0157068062827 109 191 11
150 25 -136.809976567 285.027518084 0.005 0.406 0.0277777777778 0.0757575757576 36 264 11
151 21 -153.969617777 319.346800503 0.005 0.307 0.0 0.0720720720721 78 222 11
152 9 -131.317544555 274.04265406 0.005 0.703 0.0 0.0049504950495 98 202 11
153 15 -200.458524485 412.324613919 0.015 0.109 nan 0.366666666667 0 300 11
154 3 -148.785284109 308.978133168 0.005 0.406 0.0 0.0420560747664 86 214 11
155 0 -168.801377191 349.010319331 0.005 0.406 0.0 0.0240963855422 134 166 11
157 8 -166.909678956 345.226922861 0.005 0.208 0.0149253731343 0.128755364807 67 233 11
158 9 -147.199533866 305.806632681 0.005 0.307 0.0 0.0739130434783 70 230 11
159 15 -84.4344256608 180.276416271 0.005 0.901 0.0 0.0179856115108 22 278 11
160 29 -150.856908323 313.121381595 0.005 0.208 0.111111111111 0.178694158076 9 291 11
161 4 -165.512788286 342.433141521 0.005 0.406 0.0 0.0 129 171 11
162 19 -194.15078378 399.709132509 0.02 0.109 0.5 0.341216216216 4 296 11
163 3 -164.799316189 341.006197328 0.005 0.208 nan 0.23 0 300 11
164 2 -140.615718114 292.639001177 0.005 0.406 0.0 0.0711462450593 47 253 11
165 12 -176.971560403 365.350685756 0.005 0.208 0.0 0.131067961165 94 206 11
166 1 -136.330748411 284.06906177 0.005 0.406 0.0 0.0598290598291 66 234 11
168 37 -156.689687884 324.786940718 0.005 0.208 nan 0.213333333333 0 300 11
170 12 -120.195847529 251.799260007 0.005 0.604 0.0 0.0301724137931 68 232 11
171 5 -99.2761062918 209.959777533 0.005 1.0 0.0 0.0 63 237 11
172 9 -153.230778378 317.869121704 0.005 0.208 0.0 0.141304347826 24 276 11
173 5 -149.551014292 310.509593534 0.005 0.406 0.0 0.0622009569378 91 209 11
174 1 -169.283123309 349.973811568 0.005 0.307 0.0 0.0909090909091 91 209 11
175 12 -155.094225971 321.596016892 0.005 0.307 0.0142857142857 0.104347826087 70 230 11
176 21 -158.533879681 328.475324312 0.005 0.208 0.0 0.189003436426 9 291 11
177 40 -200.285475267 411.978515483 0.045 0.109 0.384615384615 0.369337979094 13 287 11
178 8 -146.208042389 303.823649727 0.005 0.307 0.0 0.100806451613 52 248 11
179 4 -179.538438276 370.484441501 0.005 0.109 1.0 0.270903010033 1 299 11
180 8 -176.383258828 364.174082604 0.005 0.109 0.125 0.236301369863 8 292 11
181 4 -173.674494137 358.756553223 0.005 0.109 nan 0.25 0 300 11
183 5 -142.447854417 296.303273784 0.005 0.307 0.03125 0.0932835820896 32 268 11
184 3 -172.425673117 356.258911184 0.005 0.208 nan 0.223333333333 0 300 11
185 7 -154.981738567 321.371042083 0.005 0.208 0.0 0.131782945736 42 258 11
186 11 -143.843636686 299.094838322 0.005 0.604 0.0 0.0110497237569 119 181 11
187 8 -143.310033271 298.027631491 0.005 0.307 0.0 0.105058365759 43 257 11
188 20 -155.515946616 322.439458181 0.005 0.208 0.0 0.194444444444 12 288 11
189 3 -160.905850611 333.219266171 0.005 0.208 0.0 0.161654135338 34 266 11
190 32 -193.885771712 399.179108374 0.005 0.109 nan 0.336666666667 0 300 11
192 7 -113.563147279 238.533859507 0.005 0.802 0.0 0.017316017316 69 231 11
193 2 -114.496504321 240.400573591 0.005 0.802 0.0 0.00440528634361 73 227 11
194 9 -143.322725092 298.053015134 0.005 0.307 0.025641025641 0.107279693487 39 261 11
195 9 -161.755012692 334.917590333 0.005 0.208 0.0 0.133064516129 52 248 11
196 0 -145.193140306 301.793845562 0.005 0.307 0.0 0.0865800865801 69 231 11
197 23 -182.478502699 376.364570347 0.005 0.109 nan 0.286666666667 0 300 11
198 8 -154.000927334 319.409419618 0.005 0.505 0.0 0.0 131 169 11
199 11 -121.572810809 254.553186568 0.005 0.604 0.0 0.0257510729614 67 233 11
200 22 -127.333068586 266.07370212 0.005 0.604 0.0 0.0183486238532 82 218 11
202 17 -177.996371991 367.400308932 0.005 0.208 0.0120481927711 0.161290322581 83 217 11
203 7 -127.608184754 266.623934456 0.005 0.604 0.0 0.0343347639485 67 233 11
204 22 -141.945607681 295.29878031 0.005 0.406 0.0 0.0765957446809 65 235 11
206 32 -195.361885813 402.131336575 0.005 0.208 0.0 0.056338028169 158 142 11
207 6 -122.507423931 256.422412811 0.005 0.703 0.0 0.0 84 216 11
208 34 -179.151957107 369.711479164 0.005 0.109 nan 0.26 0 300 11
212 1 -153.541436684 318.490438318 0.005 0.208 0.0 0.140625 44 256 11
213 18 -203.982529389 419.372623726 0.205 0.109 0.52380952381 0.437984496124 42 258 11
215 8 -148.2181397 307.84384435 0.005 0.307 0.0 0.0720720720721 78 222 11
216 1 -103.049338459 217.506241868 0.005 0.703 0.0 0.016393442623 56 244 11
217 16 -178.38793225 368.183429449 0.005 0.109 0.0714285714286 0.255244755245 14 286 11
218 3 -154.357990813 320.123546574 0.005 0.208 0.0 0.19298245614 15 285 11
220 26 -142.131988293 295.671541536 0.005 0.604 0.0 0.0191387559809 91 209 11
221 3 -117.692310741 246.792186431 0.005 0.802 0.0 0.0133928571429 76 224 11
223 15 -124.01723798 259.44204091 0.005 0.406 0.0 0.0769230769231 53 247 11
225 4 -156.008246014 323.424056977 0.005 0.406 0.0 0.0531400966184 93 207 11
226 22 -156.386183275 324.1799315 0.005 0.208 0.0 0.142857142857 34 266 11
227 39 -175.035875597 361.479316144 0.005 0.208 0.0 0.116161616162 102 198 11
228 12 -79.0069541464 169.421473242 0.005 1.0 0.0 0.0115384615385 40 260 11
229 16 -131.111455521 273.630475991 0.005 0.406 0.0 0.0627306273063 29 271 11
230 8 -114.909602984 241.226770917 0.005 0.703 0.0 0.0286885245902 56 244 11
231 40 -159.337144626 330.081854201 0.005 0.307 0.0 0.0459183673469 104 196 11
232 7 -146.321081653 304.049728255 0.005 0.307 0.0 0.0807692307692 40 260 11
234 8 -149.261394926 309.930354801 0.005 0.505 0.0 0.0265957446809 112 188 11
235 11 -139.751847401 290.911259751 0.005 0.307 0.0 0.0871212121212 36 264 11
236 12 -180.886268376 373.180101702 0.005 0.109 0.0 0.243055555556 12 288 11
237 3 -154.384747818 320.177060585 0.005 0.307 0.0 0.0676328502415 93 207 11
238 25 -148.942602324 309.292769597 0.005 0.208 0.0666666666667 0.168421052632 15 285 11
240 3 -137.078133443 285.563831835 0.005 0.307 0.0 0.0945454545455 25 275 11
241 4 -105.917862701 223.243290352 0.005 0.802 0.0 0.00829875518672 59 241 11
242 7 -121.712252316 254.832069582 0.005 0.604 0.0 0.0300429184549 67 233 11
243 13 -152.991270526 317.390106002 0.005 0.208 0.0769230769231 0.13503649635 26 274 11
244 28 -179.020228006 369.448020961 0.005 0.109 0.111111111111 0.250859106529 9 291 11
245 9 -160.378840849 332.165246648 0.005 0.208 0.142857142857 0.19795221843 7 293 11
247 15 -171.216101017 353.839766982 0.005 0.307 0.0 0.0765306122449 104 196 11
248 35 -155.404529197 322.216623343 0.005 0.307 0.0 0.109848484848 36 264 11
253 4 -141.297489747 294.002544443 0.005 0.406 0.0126582278481 0.0542986425339 79 221 11
256 10 -154.181860905 319.77128676 0.005 0.406 0.0 0.0 111 189 11
257 24 -114.145350627 239.698266203 0.005 0.505 0.1 0.0678571428571 20 280 11
258 8 -150.478377965 312.36432088 0.005 0.505 0.0 0.0292682926829 95 205 11
259 14 -133.912910095 279.23338514 0.005 0.505 0.0 0.0262008733624 71 229 11
260 13 -138.332800954 288.073166858 0.005 0.604 0.0 0.00980392156863 96 204 11
261 7 -201.620136126 414.647837202 0.03 0.109 0.4 0.372881355932 5 295 11
262 11 -160.821689012 333.050942972 0.005 0.208 0.0 0.133079847909 37 263 11
263 8 -120.929976815 253.267518579 0.005 0.802 0.0 0.00460829493088 83 217 11
264 3 -106.664488523 224.736541996 0.005 0.802 0.0 0.0122448979592 55 245 11
1519 17 -149.823825599 311.055216147 0.005 0.208 0.0 0.151943462898 17 283 11
1520 4 -132.35091411 276.109393169 0.005 0.505 0.012987012987 0.0582959641256 77 223 11
1521 17 -133.143780378 277.695125705 0.005 0.505 0.0 0.0224215246637 77 223 11
1523 14 -180.131835178 371.671235305 0.005 0.109 0.0 0.232974910394 21 279 11
1524 11 -169.920637475 351.248839898 0.005 0.208 0.0666666666667 0.221052631579 15 285 11
1525 12 -157.330580581 326.068726111 0.005 0.208 0.25 0.202702702703 4 296 11
1526 11 -147.354311187 306.116187323 0.005 0.307 0.0 0.0811965811966 66 234 11
1527 15 -175.980477068 363.368519084 0.005 0.109 nan 0.243333333333 0 300 11
1528 2 -177.80048681 367.008538569 0.005 0.208 0.0 0.0939226519337 119 181 11
1529 2 -117.856678275 247.120921499 0.005 1.0 0.0 0.0 95 205 11
1530 15 -137.429487145 286.266539239 0.005 0.406 0.0 0.0609756097561 54 246 11
1531 10 -158.9156423 329.238849548 0.005 0.307 0.0 0.099173553719 58 242 11
1532 15 -157.458744227 326.325053403 0.005 0.406 0.0 0.046875 108 192 11
1533 22 -118.092651996 247.592868942 0.005 0.703 0.0 0.0177777777778 75 225 11
1534 19 -170.704288175 352.8161413 0.005 0.208 0.0112359550562 0.109004739336 89 211 11
1535 15 -157.399678208 326.206921366 0.005 0.406 0.0 0.0421052631579 110 190 11
1536 5 -166.383925071 344.175415091 0.005 0.208 0.013698630137 0.114537444934 73 227 12
1537 12 -151.519636665 314.446838279 0.005 0.406 0.0 0.0314136125654 109 191 12
1538 32 -164.214069343 339.835703635 0.005 0.208 0.0 0.203571428571 20 280 12
1539 24 -163.767521563 338.942608075 0.005 0.307 0.0 0.0677083333333 108 192 12
1540 8 -148.910940142 309.229445233 0.005 0.307 0.0 0.095041322314 58 242 12
1541 11 -134.557721778 280.523008506 0.005 0.406 0.0 0.0687022900763 38 262 12
1542 7 -150.281641705 311.97084836 0.005 0.406 0.0 0.045 100 200 12
1543 7 -151.601868395 314.611301738 0.005 0.406 0.0 0.0170454545455 124 176 12
1544 13 -136.908453831 285.224472611 0.005 0.505 0.0 0.0331753554502 89 211 12
1545 25 -158.104097958 327.615760865 0.005 0.406 0.0 0.0114285714286 125 175 12
1546 12 -180.623875229 372.655315407 0.005 0.307 0.0 0.0514285714286 125 175 12
1547 23 -206.658523626 424.724612202 0.005 0.01 nan 0.436666666667 0 300 12
1549 27 -163.66722271 338.742010369 0.005 0.307 0.0 0.0631578947368 110 190 12
1550 4 -77.1392886784 165.686142306 0.005 1.0 0.0 0.0 54 246 12
1553 11 -156.761654039 324.930873028 0.005 0.307 0.0 0.0858369098712 67 233 12
140 11 -118.708546697 248.824658344 0.005 0.604 0.0 0.0255319148936 65 235 12
141 4 -132.900043547 277.207652044 0.005 0.505 0.0178571428571 0.0368852459016 56 244 12
142 10 -115.853896962 243.115358872 0.005 0.703 0.0 0.0212765957447 65 235 12
143 21 -169.970497175 351.3485593 0.005 0.208 0.0 0.167910447761 32 268 12
144 16 -110.823640385 233.054845719 0.005 0.802 0.0 0.00884955752212 74 226 12
145 10 -168.094705122 347.596975194 0.005 0.307 0.0 0.0634920634921 111 189 12
146 24 -152.653177416 316.713919782 0.005 0.208 0.333333333333 0.181818181818 3 297 12
147 11 -162.971992862 337.351550674 0.005 0.208 0.0487804878049 0.169884169884 41 259 12
148 3 -145.71686279 302.84129053 0.005 0.307 0.0 0.108208955224 32 268 12
149 5 -171.075289818 353.558144585 0.005 0.307 0.0 0.0402298850575 126 174 12
150 25 -139.431434888 290.270434726 0.005 0.406 0.0153846153846 0.0425531914894 65 235 12
151 21 -115.312534931 242.032634811 0.005 0.802 0.0 0.0135135135135 78 222 12
152 9 -150.153267658 311.714100265 0.005 0.505 0.0 0.0 121 179 12
153 15 -194.723427711 400.854420372 0.005 0.109 nan 0.343333333333 0 300 12
154 3 -156.427601751 324.262768452 0.005 0.208 0.0 0.127819548872 34 266 12
155 0 -124.462099038 260.331763026 0.005 0.703 0.0 0.0100502512563 101 199 12
157 8 -170.977352686 353.362270321 0.005 0.208 nan 0.226666666667 0 300 12
158 9 -114.068856808 239.545278565 0.005 0.604 0.0208333333333 0.031746031746 48 252 12
159 15 -114.840665719 241.088896387 0.005 0.604 0.0 0.0274509803922 45 255 12
160 29 -79.0427191203 169.49300319 0.005 1.0 0.0 0.00754716981132 35 265 12
161 4 -127.765474384 266.938513716 0.005 0.406 0.4 0.101694915254 5 295 12
162 19 -187.037261086 385.482087122 0.005 0.109 nan 0.306666666667 0 300 12
163 3 -139.695659128 290.798883205 0.005 0.406 0.0217391304348 0.0669291338583 46 254 12
164 2 -150.687787849 312.783140647 0.005 0.208 1.0 0.157190635452 1 299 12
165 12 -181.608161212 374.623887374 0.005 0.109 0.0 0.223404255319 18 282 12
166 1 -140.326335638 292.060236225 0.005 0.406 0.0 0.0796812749004 49 251 12
168 37 -163.623422107 338.654409163 0.005 0.307 0.0 0.0461538461538 105 195 12
170 12 -164.044918508 339.497401966 0.005 0.208 0.016393442623 0.133891213389 61 239 12
171 5 -149.137169678 309.681904305 0.005 0.505 0.00833333333333 0.0222222222222 120 180 12
172 9 -138.184588529 287.776742008 0.005 0.505 0.0 0.0285714285714 90 210 12
173 5 -150.245756595 311.899078139 0.005 0.406 0.0 0.0588235294118 79 221 12
174 1 -144.081457265 299.570479479 0.005 0.307 0.0 0.121323529412 28 272 12
175 12 -163.357516342 338.122597633 0.005 0.406 0.0 0.0059880239521 133 167 12
176 21 -167.718945989 346.845456928 0.005 0.208 0.0 0.2 10 290 12
177 40 -192.064574917 395.536714783 0.005 0.109 nan 0.333333333333 0 300 12
178 8 -138.909713901 289.22699275 0.005 0.604 0.0 0.00537634408602 114 186 12
179 4 -171.441552582 354.290670114 0.005 0.208 0.0 0.176245210728 39 261 12
180 8 -161.218840252 333.845245454 0.005 0.208 nan 0.223333333333 0 300 12
181 4 -154.467675756 320.342916462 0.005 0.307 0.0 0.0888888888889 75 225 12
183 5 -161.668883624 334.745332197 0.005 0.208 nan 0.216666666667 0 300 12
184 3 -164.777523496 340.962611941 0.005 0.208 0.0 0.172413793103 39 261 12
185 7 -138.846974641 289.101514231 0.005 0.505 0.0 0.0234741784038 87 213 12
186 11 -150.374120473 312.155805896 0.005 0.406 0.0102040816327 0.039603960396 98 202 12
187 8 -128.045666953 267.498898856 0.005 0.505 0.0 0.0315315315315 78 222 12
188 20 -164.521581414 340.450727777 0.005 0.208 nan 0.216666666667 0 300 12
189 3 -162.824664765 337.056894479 0.005 0.208 0.111111111111 0.202749140893 9 291 12
190 32 -188.608130393 388.623825734 0.005 0.109 nan 0.296666666667 0 300 12
192 7 -136.115120372 283.637805692 0.005 0.406 0.0 0.0663900414938 59 241 12
193 2 -154.452680499 320.312925947 0.005 0.307 0.0192307692308 0.125 52 248 12
194 9 -152.090782233 315.589129414 0.005 0.307 0.0 0.108695652174 70 230 12
195 9 -150.555411057 312.518387064 0.005 0.406 0.0 0.0424528301887 88 212 12
196 0 -156.833189913 325.073944776 0.005 0.208 nan 0.21 0 300 12
197 23 -183.736486867 378.880538683 0.005 0.109 nan 0.303333333333 0 300 12
198 8 -160.06691481 331.54139457 0.005 0.505 0.0 0.00584795321637 129 171 12
199 11 -145.943690275 303.2949455 0.005 0.307 0.0 0.085020242915 53 247 12
200 22 -146.15329709 303.714159128 0.005 0.307 0.0232558139535 0.0972762645914 43 257 12
202 17 -136.234178802 283.875922554 0.005 0.406 0.0 0.0504201680672 62 238 12
203 7 -137.638317934 286.684200817 0.005 0.505 0.0 0.0243902439024 95 205 12
204 22 -113.66952416 238.746613269 0.005 0.802 0.0 0.0131578947368 72 228 12
206 32 -125.916908451 263.241381851 0.005 0.505 0.0 0.0379746835443 63 237 12
207 6 -157.258596446 325.924757841 0.005 0.505 0.00813008130081 0.0 123 177 12
208 34 -167.398385006 346.204334961 0.005 0.208 nan 0.233333333333 0 300 12
212 1 -127.188440931 265.784446812 0.005 0.505 0.0181818181818 0.0367346938776 55 245 12
213 18 -206.918055577 425.243676103 0.005 0.01 nan 0.446666666667 0 300 12
215 8 -152.549984207 316.507533363 0.005 0.406 0.0 0.0327102803738 86 214 12
216 1 -138.781997266 288.971559481 0.005 0.307 0.0277777777778 0.0833333333333 36 264 12
217 16 -164.935000791 341.277566531 0.005 0.208 0.0 0.139917695473 57 243 12
218 3 -166.359827385 344.12721972 0.005 0.307 0.0108695652174 0.0865384615385 92 208 12
220 26 -140.83105516 293.069675269 0.005 0.406 0.0 0.0545454545455 80 220 12
221 3 -168.567573204 348.542711358 0.005 0.208 0.0 0.166023166023 41 259 12
223 15 -94.1129817752 199.6335285 0.005 1.0 0.0 0.0042194092827 63 237 12
225 4 -152.015623086 315.438811122 0.005 0.208 0.0 0.151408450704 16 284 12
226 22 -145.652425628 302.712416206 0.005 0.307 0.0 0.0736434108527 42 258 12
227 39 -144.344679853 300.096924655 0.005 0.208 0.0 0.151724137931 10 290 12
228 12 -84.7095663531 180.826697656 0.005 1.0 0.0 0.0 63 237 12
229 16 -163.981062161 339.369689271 0.005 0.208 0.0238095238095 0.182170542636 42 258 12
230 8 -141.330097611 294.067760172 0.005 0.505 0.0 0.041095890411 81 219 12
231 40 -147.299224398 306.006013746 0.005 0.208 0.133333333333 0.164912280702 15 285 12
232 7 -150.63132766 312.67022027 0.005 0.307 0.0 0.100877192982 72 228 12
234 8 -77.015289247 165.438143443 0.005 1.0 0.0 0.011583011583 41 259 12
235 11 -146.248480379 303.904525707 0.005 0.208 nan 0.166666666667 0 300 12
236 12 -175.016983944 361.441532837 0.005 0.109 nan 0.263333333333 0 300 12
237 3 -138.494808434 288.397181817 0.005 0.505 0.0 0.0409090909091 80 220 12
238 25 -168.84835672 349.104278389 0.005 0.208 0.025 0.157692307692 40 260 12
240 3 -152.706893291 316.821351532 0.005 0.505 0.0 0.0 114 186 12
241 4 -141.453761429 294.315087807 0.005 0.406 0.0 0.0808510638298 65 235 12
242 7 -135.605148298 282.617861545 0.005 0.406 0.0 0.0533333333333 75 225 12
243 13 -128.936753176 269.2810713 0.005 0.406 0.0 0.0708661417323 46 254 12
244 28 -180.518340458 372.444245865 0.005 0.109 nan 0.286666666667 0 300 12
245 9 -153.151170516 317.709905981 0.005 0.208 0.0 0.132616487455 21 279 12
247 15 -160.195884246 331.799333442 0.005 0.406 0.0 0.0357142857143 104 196 12
248 35 -187.661359202 386.730283353 0.005 0.109 nan 0.316666666667 0 300 12
253 4 -110.236709638 231.880984225 0.005 0.703 0.0166666666667 0.0208333333333 60 240 12
256 10 -127.237609744 265.882784438 0.005 0.703 0.0 0.00980392156863 96 204 12
257 24 -136.161668521 283.730901992 0.005 0.406 0.0 0.0736434108527 42 258 12
258 8 -168.104175642 347.615916233 0.01 0.208 nan 0.243333333333 0 300 12
259 14 -147.600215464 306.607995876 0.005 0.307 0.0188679245283 0.080971659919 53 247 12
260 13 -153.373184062 318.153933073 0.005 0.208 0.0333333333333 0.140740740741 30 270 12
261 7 -195.681233572 402.770032093 0.01 0.109 nan 0.34 0 300 12
262 11 -124.787890532 260.983346013 0.005 0.703 0.0 0.0138248847926 83 217 12
263 8 -141.0964872 293.600539349 0.005 0.406 0.012987012987 0.0493273542601 77 223 12
264 3 -154.747464595 320.902494139 0.005 0.604 0.0 0.0 128 172 12
1519 17 -172.670019719 356.747604388 0.005 0.109 nan 0.25 0 300 12
1520 4 -126.750269097 264.908103144 0.005 0.604 0.0 0.018691588785 86 214 12
1521 17 -131.705317255 274.818199459 0.005 0.505 0.0 0.0269058295964 77 223 12
1523 14 -177.611588832 366.630742613 0.005 0.109 nan 0.283333333333 0 300 12
1524 11 -169.841327936 351.090220822 0.005 0.208 nan 0.243333333333 0 300 12
1525 12 -131.639451917 274.686468784 0.005 0.406 0.0 0.0504201680672 62 238 12
1526 11 -150.507156475 312.4218779 0.005 0.406 0.0 0.0223214285714 76 224 12
1527 15 -169.514282664 350.436130277 0.005 0.208 0.5 0.221476510067 2 298 12
1528 2 -144.193402019 299.794368988 0.005 0.307 0.0 0.140845070423 16 284 12
1529 2 -165.576962934 342.561490817 0.005 0.406 0.0 0.0376344086022 114 186 12
1530 15 -119.488494821 250.384554591 0.005 0.604 0.0 0.0182648401826 81 219 12
1531 10 -138.625722301 288.659009551 0.005 0.505 0.0 0.0482456140351 72 228 12
1532 15 -125.066933806 261.541432562 0.005 0.802 0.0 0.0047619047619 90 210 12
1533 22 -136.351836612 284.111238174 0.005 0.505 0.0 0.0478260869565 70 230 12
1534 19 -135.127948979 281.663462908 0.005 0.307 0.0 0.129032258065 21 279 12
1535 15 -158.655240643 328.718046235 0.005 0.208 0.0833333333333 0.184027777778 12 288 12
1536 5 -117.185360638 245.778286225 0.005 0.406 0.0 0.0688405797101 24 276 13
1537 12 -166.40554696 344.21865887 0.005 0.208 0.0714285714286 0.202797202797 14 286 13
1538 32 -160.192993808 331.793552566 0.005 0.307 0.0 0.0452261306533 101 199 13
1539 24 -119.121070009 249.649704967 0.005 0.604 0.0131578947368 0.03125 76 224 13
1540 8 -158.190421727 327.788408403 0.005 0.208 0.0285714285714 0.128301886792 35 265 13
1541 11 -181.352833429 374.113231807 0.005 0.109 nan 0.28 0 300 13
1542 7 -160.157085818 331.721736586 0.005 0.307 0.0 0.0841584158416 98 202 13
1543 7 -130.36374757 272.135060089 0.005 0.604 0.0 0.0220264317181 73 227 13
1544 13 -167.012526956 345.432618862 0.005 0.307 0.0 0.0653266331658 101 199 13
1545 25 -162.619655669 336.646876288 0.005 0.307 0.0 0.101265822785 63 237 13
1546 12 -62.4546014011 136.316767751 0.005 1.0 0.0 0.00371747211896 31 269 13
1547 23 -207.663355395 426.73427574 0.015 0.01 nan 0.476666666667 0 300 13
1549 27 -177.861047616 367.129660182 0.005 0.109 0.133333333333 0.242105263158 15 285 13
1550 4 -168.287236463 347.982037875 0.005 0.208 nan 0.236666666667 0 300 13
1553 11 -120.946311126 253.300187201 0.005 0.406 0.0 0.0648854961832 38 262 13
140 11 -146.879823195 305.167211338 0.005 0.505 0.0 0.0147783251232 97 203 13
141 4 -163.92447456 339.256514068 0.005 0.505 0.0 0.0 138 162 13
142 10 -135.043859744 281.495284437 0.005 0.703 0.0 0.0049504950495 98 202 13
143 21 -186.731724208 384.871013365 0.01 0.109 nan 0.316666666667 0 300 13
144 16 -173.153449642 357.714464233 0.005 0.307 0.0 0.045197740113 123 177 13
145 10 -137.522690524 286.452945997 0.005 0.406 0.0 0.0726495726496 66 234 13
146 24 -132.615559618 276.638684185 0.005 0.406 0.0 0.0512820512821 66 234 13
147 11 -145.31635989 302.040284729 0.005 0.406 0.0 0.041095890411 81 219 13
148 3 -155.61990665 322.647378249 0.005 0.406 0.0 0.0430622009569 91 209 13
149 5 -168.57020681 348.547978569 0.005 0.307 0.00925925925926 0.0729166666667 108 192 13
150 25 -194.452675145 400.312915239 0.005 0.208 0.0 0.024 175 125 13
151 21 -157.697834606 326.803234161 0.005 0.505 0.0 0.0 133 167 13
152 9 -116.986833807 245.381232563 0.005 1.0 0.0 0.0 89 211 13
153 15 -197.964713381 407.336991712 0.005 0.109 nan 0.34 0 300 13
154 3 -144.752845066 300.91325508 0.005 0.406 0.0 0.0346534653465 98 202 13
155 0 -143.12410342 297.655771789 0.005 0.604 0.00990099009901 0.00502512562814 101 199 13
157 8 -172.31748844 356.04254183 0.005 0.208 0.0 0.102941176471 96 204 13
158 9 -117.437437157 246.282439264 0.005 0.901 0.0 0.00462962962963 84 216 13
159 15 -119.724437285 250.856439519 0.005 0.802 0.0 0.0136363636364 80 220 13
160 29 -123.429004061 258.265573071 0.005 0.703 0.0 0.00485436893204 94 206 13
161 4 -153.678717211 318.76499937 0.005 0.406 0.0 0.0364583333333 108 192 13
162 19 -194.583365806 400.57429656 0.005 0.109 nan 0.326666666667 0 300 13
163 3 -168.092706097 347.592977143 0.005 0.307 0.0 0.0967741935484 83 217 13
164 2 -168.033612966 347.47479088 0.005 0.406 0.0 0.0235294117647 130 170 13
165 12 -184.758277026 380.924119002 0.005 0.109 nan 0.3 0 300 13
166 1 -155.76705378 322.94167251 0.005 0.208 0.025 0.142307692308 40 260 13
168 37 -155.264980978 321.937526905 0.005 0.208 0.0882352941176 0.154135338346 34 266 13
170 12 -137.675832344 286.759229638 0.005 0.505 0.0 0.036036036036 78 222 13
171 5 -165.767597519 342.942759987 0.005 0.208 0.0 0.1 80 220 13
172 9 -163.883366957 339.174298864 0.005 0.208 1.0 0.207357859532 1 299 13
173 5 -161.055468301 333.518501551 0.005 0.307 0.020202020202 0.0597014925373 99 201 13
174 1 -154.605527532 320.618620013 0.005 0.307 0.0 0.0631067961165 94 206 13
175 12 -101.719971499 214.847507948 0.005 1.0 0.0 0.00431034482759 68 232 13
176 21 -190.548915964 392.505396877 0.01 0.109 nan 0.33 0 300 13
177 40 -206.489748085 424.38706112 0.005 0.01 nan 0.426666666667 0 300 13
178 8 -117.950650348 247.308865645 0.005 0.505 0.0 0.0378151260504 62 238 13
179 4 -173.569322433 358.546209815 0.005 0.109 1.0 0.23745819398 1 299 13
180 8 -149.9888148 311.38519455 0.005 0.208 0.04 0.167272727273 25 275 13
181 4 -177.495708835 366.39898262 0.005 0.109 0.166666666667 0.258503401361 6 294 13
183 5 -156.137294341 323.682153632 0.005 0.406 0.0 0.0456852791878 103 197 13
184 3 -151.322722405 314.05300976 0.005 0.505 0.0 0.0248756218905 99 201 13
185 7 -118.534752777 248.477070504 0.005 0.505 0.0 0.0428015564202 43 257 13
186 11 -152.703074312 316.813713573 0.005 0.208 0.1875 0.161971830986 16 284 13
187 8 -131.137655794 273.682876537 0.005 0.307 0.181818181818 0.115107913669 22 278 13
188 20 -163.179534479 337.766633907 0.005 0.307 0.0 0.0772946859903 93 207 13
189 3 -155.36829569 322.144156329 0.005 0.208 nan 0.196666666667 0 300 13
190 32 -194.364333339 400.136231628 0.02 0.109 nan 0.35 0 300 13
192 7 -167.717259536 346.842084022 0.005 0.208 0.0 0.146017699115 74 226 13
193 2 -136.993837894 285.395240738 0.005 0.307 0.0714285714286 0.136363636364 14 286 13
194 9 -160.281467424 331.970499797 0.005 0.307 0.0135135135135 0.110619469027 74 226 13
195 9 -169.693012568 350.793590085 0.005 0.208 0.016393442623 0.150627615063 61 239 13
196 0 -142.365817056 296.139199062 0.005 0.307 0.0212765957447 0.122529644269 47 253 13
197 23 -175.571113815 362.54979258 0.005 0.109 nan 0.266666666667 0 300 13
198 8 -123.022982561 257.453530071 0.005 0.802 0.0 0.00956937799043 91 209 13
199 11 -131.447179744 274.301924437 0.005 0.604 0.0 0.0222222222222 75 225 13
200 22 -163.812846432 339.033257814 0.005 0.208 0.0217391304348 0.181102362205 46 254 13
202 17 -164.091290979 339.590146908 0.005 0.307 0.0 0.075117370892 87 213 13
203 7 -148.154253092 307.716071134 0.005 0.505 0.0 0.0104712041885 109 191 13
204 22 -151.95594503 315.319455009 0.005 0.406 0.0 0.048309178744 93 207 13
206 32 -162.963444826 337.334454601 0.005 0.208 0.0 0.128318584071 74 226 13
207 6 -136.374739979 284.157044908 0.005 0.505 0.0 0.0284360189573 89 211 13
208 34 -173.274979285 357.95752352 0.005 0.109 nan 0.25 0 300 13
212 1 -148.418579033 308.244723015 0.005 0.604 0.0 0.0 113 187 13
213 18 -207.556932843 426.521430635 0.005 0.01 nan 0.473333333333 0 300 13
215 8 -130.429337721 272.26624039 0.005 0.802 0.0 0.0141509433962 88 212 13
216 1 -131.463023601 274.333612151 0.005 0.505 0.0 0.04 75 225 13
217 16 -174.073347202 359.554259353 0.005 0.109 nan 0.243333333333 0 300 13
218 3 -144.814787903 301.037140756 0.005 0.307 0.0 0.0717131474104 49 251 13
220 26 -133.752389419 278.912343787 0.005 0.703 0.0108695652174 0.0192307692308 92 208 13
221 3 -164.31619297 340.039950889 0.005 0.208 0.125 0.198630136986 8 292 13
223 15 -139.806228486 291.020021921 0.005 0.703 0.0 0.0 117 183 13
225 4 -139.30717254 290.02191003 0.005 0.307 0.0 0.0820895522388 32 268 13
226 22 -141.778215961 294.963996871 0.005 0.406 0.0 0.0826771653543 46 254 13
227 39 -164.538889785 340.485344519 0.005 0.208 nan 0.21 0 300 13
228 12 -164.164162665 339.73589028 0.005 0.307 0.0 0.0529100529101 111 189 13
229 16 -142.742832602 296.893230153 0.005 0.307 0.0 0.095041322314 58 242 13
230 8 -137.020840385 285.449245718 0.005 0.406 0.0 0.0720338983051 64 236 13
231 40 -162.099792735 335.60715042 0.005 0.208 0.285714285714 0.19795221843 7 293 13
232 7 -166.293011033 343.993587015 0.005 0.208 0.0 0.139240506329 63 237 13
234 8 -140.449865377 292.307295703 0.005 0.406 0.0140845070423 0.061135371179 71 229 13
235 11 -163.037998243 337.483561435 0.005 0.307 0.0 0.0858369098712 67 233 13
236 12 -170.647404317 352.702373584 0.005 0.208 0.0 0.103603603604 78 222 13
237 3 -120.302151683 252.011868315 0.005 0.505 0.0 0.0452830188679 35 265 13
238 25 -164.679840523 340.767245996 0.005 0.208 0.0 0.131687242798 57 243 13
240 3 -150.899475988 313.206516926 0.005 0.406 0.0 0.0439024390244 95 205 13
241 4 -127.891167427 267.189899803 0.005 0.406 0.0 0.0568181818182 36 264 13
242 7 -107.16772986 225.743024669 0.005 0.802 0.0 0.0042735042735 66 234 13
243 13 -162.13745757 335.68248009 0.01 0.208 1.0 0.230769230769 1 299 13
244 28 -168.989456706 349.386478361 0.005 0.208 0.0 0.198581560284 18 282 13
245 9 -147.405739983 306.219044915 0.005 0.208 0.0 0.154362416107 2 298 13
247 15 -146.727161568 304.861888086 0.005 0.307 0.0 0.094262295082 56 244 13
248 35 -180.021288092 371.450141134 0.005 0.307 0.0 0.0115606936416 127 173 13
253 4 -136.639015188 284.685595326 0.005 0.505 0.0 0.0330188679245 88 212 13
256 10 -146.941036353 305.289637656 0.005 0.307 0.0 0.105042016807 62 238 13
257 24 -130.813439721 273.034444391 0.005 0.406 0.0 0.0663900414938 59 241 13
258 8 -170.963950082 353.335465114 0.005 0.109 nan 0.24 0 300 13
259 14 -154.419141295 320.245847539 0.005 0.406 0.0 0.0309278350515 106 194 13
260 13 -159.684134239 330.775833427 0.005 0.307 0.0 0.117903930131 71 229 13
261 7 -189.260043955 389.92765286 0.01 0.109 nan 0.33 0 300 13
262 11 -155.427492138 322.262549226 0.005 0.505 0.0 0.0106382978723 112 188 13
263 8 -156.756871967 324.921308884 0.005 0.307 0.0 0.0625 108 192 13
264 3 -118.311437955 248.030440859 0.005 0.604 0.0 0.04 50 250 13
1519 17 -179.456637251 370.320839451 0.005 0.109 0.25 0.243150684932 8 292 13
1520 4 -111.259998991 233.927562931 0.005 0.802 0.0 0.00446428571429 76 224 13
1521 17 -149.565293959 310.538152868 0.005 0.406 0.0 0.0492610837438 97 203 13
1523 14 -171.332539122 354.072643194 0.005 0.208 nan 0.223333333333 0 300 13
1524 11 -159.186134469 329.779833887 0.005 0.208 0.0909090909091 0.19723183391 11 289 13
1525 12 -173.479363088 358.366291126 0.005 0.109 0.0833333333333 0.239583333333 12 288 13
1526 11 -150.20084378 311.809252509 0.005 0.406 0.0 0.049504950495 98 202 13
1527 15 -159.339838498 330.087241945 0.005 0.208 0.0 0.194346289753 17 283 13
1528 2 -141.494300319 294.396165586 0.005 0.505 0.0 0.0186046511628 85 215 13
1529 2 -109.128305189 229.664175327 0.005 0.505 0.0 0.0474308300395 47 253 13
1530 15 -148.583556795 308.57467854 0.005 0.406 0.0 0.0604651162791 85 215 13
1531 10 -155.43742355 322.282412049 0.005 0.208 1.0 0.19397993311 1 299 13
1532 15 -111.896350541 235.200266031 0.005 0.703 0.0 0.0247933884298 58 242 13
1533 22 -146.749588388 304.906741726 0.005 0.505 0.0 0.00990099009901 98 202 13
1534 19 -166.470672057 344.348909062 0.01 0.208 1.0 0.23745819398 1 299 13
1535 15 -151.988063572 315.383692094 0.005 0.208 nan 0.2 0 300 13
1536 5 -139.572884914 290.553334777 0.005 0.703 0.0 0.00515463917526 106 194 14
1537 12 -157.387535536 326.182636021 0.005 0.208 0.0 0.171328671329 14 286 14
1538 32 -162.399736154 336.207037256 0.005 0.307 0.0 0.0571428571429 90 210 14
1539 24 -127.374057021 266.15567899 0.005 0.307 0.0 0.140468227425 1 299 14
1540 8 -150.103058059 311.613681067 0.005 0.406 0.0117647058824 0.0511627906977 85 215 14
1541 11 -158.119318732 327.646202413 0.005 0.307 0.0 0.0916666666667 60 240 14
1542 7 -161.90011787 335.20780069 0.005 0.208 nan 0.223333333333 0 300 14
1543 7 -155.022963229 321.453491408 0.005 0.307 0.0 0.0714285714286 90 210 14
1544 13 -146.358386751 304.124338452 0.005 0.307 0.0 0.139194139194 27 273 14
1545 25 -146.361086754 304.129738457 0.005 0.307 0.0 0.0745614035088 72 228 14
1546 12 -193.330611267 398.068787483 0.005 0.208 0.0 0.0223880597015 166 134 14
1547 23 -204.99243989 421.392444729 0.205 0.109 0.571428571429 0.43023255814 42 258 14
1549 27 -157.969519391 327.346603732 0.005 0.406 0.0 0.0357142857143 104 196 14
1550 4 -145.587480637 302.582526223 0.005 0.307 0.0 0.111940298507 32 268 14
1553 11 -162.376795727 336.161156404 0.005 0.307 0.0 0.0805687203791 89 211 14
140 11 -132.064326934 275.536218817 0.005 0.505 0.0 0.0391304347826 70 230 14
141 4 -140.353350469 292.114265887 0.005 0.307 0.0 0.1393728223 13 287 14
142 10 -149.022299276 309.452163502 0.005 0.208 0.030303030303 0.153558052434 33 267 14
143 21 -183.704746732 378.817058413 0.005 0.109 nan 0.3 0 300 14
144 16 -113.501107345 238.40977964 0.005 0.802 0.0125 0.0136363636364 80 220 14
145 10 -169.538013597 350.483592142 0.005 0.307 0.0 0.0796019900498 99 201 14
146 24 -161.989795048 335.387155046 0.005 0.208 0.0 0.179211469534 21 279 14
147 11 -168.51045568 348.428476309 0.005 0.307 0.0 0.0229885057471 126 174 14
148 3 -174.05177684 359.511118629 0.005 0.109 nan 0.256666666667 0 300 14
149 5 -149.563772746 310.535110442 0.005 0.406 0.0 0.0649350649351 69 231 14
150 25 -150.277198346 311.961961641 0.005 0.406 0.0 0.0294117647059 96 204 14
151 21 -130.728910329 272.865385607 0.005 0.703 0.0 0.018018018018 78 222 14
152 9 -150.065304923 311.538174794 0.005 0.505 0.0 0.0160427807487 113 187 14
153 15 -163.74328087 338.894126688 0.005 0.208 0.0 0.148014440433 23 277 14
154 3 -170.250274356 351.90811366 0.005 0.208 0.0740740740741 0.201465201465 27 273 14
155 0 -103.95324591 219.314056769 0.005 1.0 0.0 0.0042735042735 66 234 14
157 8 -160.041987881 331.491540711 0.005 0.307 0.0 0.0983606557377 56 244 14
158 9 -162.551529807 336.510624563 0.005 0.307 0.0 0.0412371134021 106 194 14
159 15 -186.007405622 383.422376193 0.005 0.208 0.0 0.0 162 138 14
160 29 -135.851718837 283.111002624 0.005 0.307 0.0 0.09963099631 29 271 14
161 4 -152.445443265 316.29845148 0.005 0.406 0.0 0.0 120 180 14
162 19 -196.963567507 405.334699964 0.015 0.109 0.333333333333 0.353535353535 3 297 14
163 3 -147.972348042 307.352261033 0.005 0.505 0.0 0.0100502512563 101 199 14
164 2 -159.236987157 329.881539264 0.005 0.307 0.0 0.06 100 200 14
165 12 -174.866298991 361.140162932 0.005 0.109 0.166666666667 0.248299319728 6 294 14
166 1 -128.316857217 268.041279384 0.005 0.505 0.0 0.0411522633745 57 243 14
168 37 -172.137823972 355.683212892 0.005 0.208 nan 0.233333333333 0 300 14
170 12 -174.708108488 360.823781926 0.005 0.208 0.0 0.207612456747 11 289 14
171 5 -144.55048181 300.508528569 0.005 0.406 0.0 0.0485436893204 94 206 14
172 9 -171.557331007 354.522226963 0.005 0.208 0.0 0.0975609756098 95 205 14
173 5 -146.257613246 303.922791441 0.005 0.307 0.0232558139535 0.0972762645914 43 257 14
174 1 -193.171318755 397.75020246 0.005 0.109 0.0 0.0860927152318 149 151 14
175 12 -163.461279724 338.330124396 0.005 0.307 0.0 0.045197740113 123 177 14
176 21 -163.572274141 338.552113232 0.005 0.208 nan 0.23 0 300 14
177 40 -204.746706605 420.90097816 0.145 0.109 0.451612903226 0.412639405204 31 269 14
178 8 -143.344196049 298.095957048 0.005 0.406 0.0 0.0372093023256 85 215 14
179 4 -171.20978335 353.827131649 0.005 0.208 0.0 0.0867346938776 104 196 14
180 8 -156.944021708 325.295608364 0.005 0.208 0.0 0.179661016949 5 295 14
181 4 -175.024678107 361.456921163 0.005 0.109 nan 0.253333333333 0 300 14
183 5 -131.984856932 275.377278813 0.005 0.406 0.0 0.0663900414938 59 241 14
184 3 -134.670756489 280.749077928 0.005 0.604 0.0 0.0049504950495 98 202 14
185 7 -126.921911917 265.251388784 0.005 0.505 0.0 0.0409836065574 56 244 14
186 11 -99.397571189 210.202707327 0.005 0.802 0.0 0.0201612903226 52 248 14
187 8 -123.435030003 258.277624955 0.005 0.703 0.0 0.00480769230769 92 208 14
188 20 -165.508693225 342.4249514 0.005 0.406 0.0 0.0111731843575 121 179 14
189 3 -171.171205433 353.749975816 0.005 0.208 0.111111111111 0.216494845361 9 291 14
190 32 -195.376948711 402.161462371 0.015 0.109 0.0 0.341137123746 1 299 14
192 7 -134.139599457 279.686763864 0.005 0.604 0.0 0.0145631067961 94 206 14
193 2 -139.158867845 289.725300638 0.005 0.505 0.0 0.0416666666667 84 216 14
194 9 -182.161919518 375.731403984 0.005 0.307 0.0 0.0131578947368 148 152 14
195 9 -156.792234652 324.992034253 0.005 0.307 0.0 0.099173553719 58 242 14
196 0 -146.396405848 304.200376645 0.005 0.307 0.0 0.0987654320988 57 243 14
197 23 -184.410249265 380.228063479 0.005 0.109 nan 0.296666666667 0 300 14
198 8 -137.132893498 285.673351946 0.005 0.604 0.0 0.0 112 188 14
199 11 -137.144332735 285.696230419 0.005 0.406 0.0 0.0438596491228 72 228 14
200 22 -151.185600923 313.778766796 0.005 0.505 0.0 0.025 100 200 14
202 17 -177.745649505 366.89886396 0.005 0.109 nan 0.27 0 300 14
203 7 -148.961597972 309.330760893 0.005 0.208 1.0 0.173913043478 1 299 14
204 22 -136.07575201 283.559068969 0.005 0.406 0.0285714285714 0.0830188679245 35 265 14
206 32 -155.011687622 321.430940193 0.005 0.505 0.0 0.00558659217877 121 179 14
207 6 -121.172786899 253.753138747 0.005 0.901 0.0 0.00467289719626 86 214 14
208 34 -166.087643195 343.58285134 0.005 0.208 0.0416666666667 0.18115942029 24 276 14
212 1 -145.055534996 301.518634942 0.005 0.307 0.0 0.136531365314 29 271 14
213 18 -206.161779752 423.731124453 0.185 0.109 0.351851851852 0.439024390244 54 246 14
215 8 -139.618347048 290.644259046 0.005 0.505 0.0 0.0467289719626 86 214 14
216 1 -142.823642059 297.054849067 0.005 0.307 0.0 0.104417670683 51 249 14
217 16 -152.718152431 316.843869811 0.005 0.307 0.0181818181818 0.069387755102 55 245 14
218 3 -161.522987669 334.453540288 0.005 0.208 nan 0.223333333333 0 300 14
220 26 -142.029980524 295.467525997 0.005 0.406 0.0 0.0377358490566 88 212 14
221 3 -172.347419721 356.102404392 0.005 0.208 0.0526315789474 0.231316725979 19 281 14
223 15 -127.160759038 265.729083026 0.005 0.505 0.0327868852459 0.0376569037657 61 239 14
225 4 -135.320823882 282.049212713 0.005 0.406 0.0 0.0609756097561 54 246 14
226 22 -144.556377591 300.520320131 0.005 0.307 0.0 0.115384615385 40 260 14
227 39 -145.170827537 301.749220023 0.005 0.505 0.0 0.0288461538462 92 208 14
228 12 -130.152088561 271.711742071 0.005 0.604 0.0 0.0188679245283 88 212 14
229 16 -152.157943338 315.723451626 0.005 0.307 0.0 0.0643776824034 67 233 14
230 8 -155.718063387 322.843691723 0.005 0.307 0.0 0.0528846153846 92 208 14
231 40 -153.325328949 318.058222847 0.005 0.208 0.5 0.187919463087 2 298 14
232 7 -146.988245453 305.384055855 0.005 0.208 nan 0.176666666667 0 300 14
234 8 -107.434195559 226.275956068 0.005 0.505 0.0769230769231 0.0547445255474 26 274 14
235 11 -165.897042813 343.201650575 0.005 0.208 nan 0.22 0 300 14
236 12 -140.821843676 293.051252302 0.005 0.505 0.0 0.0281690140845 87 213 14
237 3 -149.368323501 310.144211952 0.005 0.208 0.037037037037 0.157509157509 27 273 14
238 25 -142.664898658 296.737362264 0.005 0.307 0.0555555555556 0.127659574468 18 282 14
240 3 -126.929864282 265.267293514 0.005 0.406 0.0 0.0866141732283 46 254 14
241 4 -141.824136289 295.055837527 0.005 0.307 0.0 0.0966542750929 31 269 14
242 7 -135.133031882 281.673628714 0.005 0.406 0.0 0.0553191489362 65 235 14
243 13 -145.436724744 302.281014437 0.005 0.604 0.0 0.00537634408602 114 186 14
244 28 -132.884052789 277.175670527 0.005 0.604 0.0 0.0 104 196 14
245 9 -159.034063073 329.475691095 0.005 0.208 0.0 0.134146341463 54 246 14
247 15 -144.810523983 301.028612915 0.005 0.208 nan 0.183333333333 0 300 14
248 35 -146.244534467 303.896633884 0.005 0.406 0.0 0.04329004329 69 231 14
253 4 -162.338355884 336.084276718 0.005 0.307 0.0 0.103603603604 78 222 14
256 10 -171.874612885 355.156790719 0.005 0.307 0.0 0.0416666666667 132 168 14
257 24 -172.925748985 357.259062919 0.005 0.208 0.0 0.116279069767 85 215 14
258 8 -164.772619205 340.952803359 0.005 0.208 0.0 0.190647482014 22 278 14
259 14 -133.832836089 279.073237127 0.005 0.406 0.0 0.0685483870968 52 248 14
260 13 -154.493239564 320.394044077 0.005 0.307 0.0 0.0688073394495 82 218 14
261 7 -184.857313722 381.122192393 0.005 0.109 nan 0.296666666667 0 300 14
262 11 -133.395585053 278.198735056 0.005 0.604 0.0 0.00526315789474 110 190 14
263 8 -144.926978794 301.261522537 0.005 0.406 0.0 0.0655021834061 71 229 14
264 3 -127.538800351 266.485165651 0.005 0.505 0.015873015873 0.042194092827 63 237 14
1519 17 -179.591684894 370.590934738 0.005 0.109 nan 0.273333333333 0 300 14
1520 4 -119.166511099 249.740587146 0.005 0.703 0.0 0.00921658986175 83 217 14
1521 17 -166.702666384 344.812897717 0.005 0.406 0.0 0.0119760479042 133 167 14
1523 14 -166.422177472 344.251919893 0.005 0.208 nan 0.21 0 300 14
1524 11 -135.871140587 283.149846124 0.005 0.406 0.015873015873 0.0675105485232 63 237 14
1525 12 -134.705532068 280.818629085 0.005 0.307 0.047619047619 0.111111111111 21 279 14
1526 11 -147.029729296 305.467023542 0.005 0.406 0.0 0.0630630630631 78 222 14
1527 15 -124.387428038 260.182421026 0.005 0.505 0.0 0.042735042735 66 234 14
1528 2 -140.83744879 293.082462529 0.005 0.406 0.0135135135135 0.0486725663717 74 226 14
1529 2 -157.507717512 326.422999973 0.005 0.307 0.0 0.0679611650485 94 206 14
1530 15 -177.50117781 366.409920569 0.005 0.307 0.0 0.0235294117647 130 170 14
1531 10 -128.901561316 269.210687581 0.005 0.406 0.0 0.0607287449393 53 247 14
1532 15 -147.214672045 305.83690904 0.005 0.307 0.0 0.0854700854701 66 234 14
1533 22 -133.966413523 279.340391995 0.005 0.505 0.0363636363636 0.0408163265306 55 245 14
1534 19 -173.304977019 358.017518987 0.005 0.109 0.333333333333 0.249158249158 3 297 14
1535 15 -165.459707117 342.326979184 0.005 0.208 0.0 0.12 50 250 14
1536 5 -147.669446714 306.746458377 0.005 0.406 0.0 0.0355329949239 103 197 15
1537 12 -70.2198596868 151.847284323 0.005 1.0 0.0 0.00389105058366 43 257 15
1538 32 -177.682461595 366.772488139 0.005 0.307 0.0 0.0246913580247 138 162 15
1539 24 -162.777628117 336.962821183 0.005 0.307 0.0 0.0526315789474 110 190 15
1540 8 -133.58741848 278.582401909 0.005 0.406 0.0 0.0725190839695 38 262 15
1541 11 -175.772009574 362.951584098 0.005 0.109 0.125 0.239726027397 8 292 15
1542 7 -141.212139917 293.831844784 0.005 0.307 0.025 0.0730769230769 40 260 15
1543 7 -97.4397309245 206.287026798 0.005 1.0 0.0 0.0123966942149 58 242 15
1544 13 -128.401887562 268.211340072 0.005 0.703 0.0 0.0 94 206 15
1545 25 -114.843905622 241.095376194 0.005 0.505 0.0 0.0496183206107 38 262 15
1546 12 -107.589286231 226.586137412 0.005 0.703 0.0 0.0245901639344 56 244 15
1547 23 -205.278573345 421.964711639 0.205 0.109 0.630434782609 0.425196850394 46 254 15
1549 27 -176.951919493 365.311403935 0.005 0.109 0.2 0.247457627119 5 295 15
1550 4 -171.369047597 354.145660144 0.005 0.208 0.0740740740741 0.194139194139 27 273 15
1553 11 -141.208717396 293.824999742 0.005 0.307 0.1 0.120689655172 10 290 15
140 11 -147.051146165 305.509857279 0.005 0.505 0.0 0.00574712643678 126 174 15
141 4 -149.619423143 310.646411236 0.005 0.307 0.0178571428571 0.0901639344262 56 244 15
142 10 -151.606978791 314.621522531 0.005 0.406 0.0 0.0485436893204 94 206 15
143 21 -194.056614738 399.520794425 0.01 0.109 1.0 0.334448160535 1 299 15
144 16 -129.79346355 270.994492049 0.005 0.703 0.0 0.00995024875622 99 201 15
145 10 -99.1851968797 209.777958709 0.005 1.0 0.0 0.0 77 223 15
146 24 -161.900889433 335.209343816 0.005 0.307 0.0 0.115555555556 75 225 15
147 11 -141.50810081 294.42376657 0.005 0.307 0.0 0.108949416342 43 257 15
148 3 -147.420202496 306.247969942 0.005 0.208 0.0 0.144827586207 10 290 15
149 5 -111.34620023 234.099965409 0.005 0.901 0.0 0.00460829493088 83 217 15
150 25 -113.997695587 239.402956124 0.005 0.604 0.0 0.0334728033473 61 239 15
151 21 -151.779454575 314.966474098 0.005 0.307 0.010989010989 0.066985645933 91 209 15
152 9 -104.758397119 220.924359187 0.005 1.0 0.0 0.0 83 217 15
153 15 -189.645471468 390.698507886 0.005 0.109 nan 0.32 0 300 15
154 3 -160.351271103 332.110107155 0.005 0.406 0.0 0.0161290322581 114 186 15
155 0 -107.359630631 226.126826211 0.005 0.604 0.0 0.0459770114943 39 261 15
157 8 -190.970627735 393.348820418 0.005 0.109 nan 0.313333333333 0 300 15
158 9 -150.748080034 312.903725017 0.005 0.406 0.0 0.0633484162896 79 221 15
159 15 -112.259831693 235.927228335 0.005 0.802 0.0 0.00456621004566 81 219 15
160 29 -155.108696383 321.624957716 0.005 0.208 0.0434782608696 0.126353790614 23 277 15
161 4 -154.988832916 321.385230782 0.005 0.307 0.0142857142857 0.1 70 230 15
162 19 -198.720887508 408.849339965 0.025 0.109 0.666666666667 0.363636363636 3 297 15
163 3 -175.930021124 363.267607197 0.005 0.109 0.0 0.221088435374 6 294 15
164 2 -156.180329828 323.768224605 0.005 0.208 0.0344827586207 0.151291512915 29 271 15
165 12 -185.610593936 382.628752822 0.005 0.109 nan 0.306666666667 0 300 15
166 1 -121.205280583 253.818126115 0.005 0.604 0.0 0.0247933884298 58 242 15
168 37 -177.316050085 366.039665119 0.005 0.208 0.0 0.0756756756757 115 185 15
170 12 -154.348827684 320.105220317 0.005 0.307 0.0 0.107279693487 39 261 15
171 5 -151.939430536 315.286426021 0.005 0.406 0.0 0.0478468899522 91 209 15
172 9 -123.383477026 258.174519001 0.005 0.406 0.0 0.0861423220974 33 267 15
173 5 -95.1029756838 201.613516317 0.005 1.0 0.0 0.00429184549356 67 233 15
174 1 -113.599965913 238.607496774 0.005 0.703 0.0 0.0218340611354 71 229 15
175 12 -137.726491241 286.860547432 0.005 0.307 0.0769230769231 0.102189781022 26 274 15
176 21 -174.676190432 360.759945812 0.005 0.109 nan 0.256666666667 0 300 15
177 40 -193.363430175 398.134425299 0.005 0.109 nan 0.33 0 300 15
178 8 -158.19668965 327.800944248 0.005 0.208 nan 0.206666666667 0 300 15
179 4 -183.975738409 379.359041768 0.005 0.109 nan 0.303333333333 0 300 15
180 8 -132.883526913 277.174618774 0.005 0.505 0.0 0.0349344978166 71 229 15
181 4 -178.675266574 368.758098098 0.005 0.109 nan 0.263333333333 0 300 15
183 5 -148.822080926 309.051726802 0.005 0.307 0.0 0.123552123552 41 259 15
184 3 -144.119706146 299.646977242 0.005 0.505 0.0 0.0100502512563 101 199 15
185 7 -121.915184443 255.237933836 0.005 0.406 0.0625 0.0950704225352 16 284 15
186 11 -126.526221315 264.460007579 0.005 0.307 0.142857142857 0.119453924915 7 293 15
187 8 -168.932157664 349.271880278 0.005 0.208 0.0 0.138528138528 69 231 15
188 20 -154.730456417 320.868477783 0.005 0.208 0.0714285714286 0.164335664336 14 286 15
189 3 -151.61533111 314.63822717 0.005 0.208 0.0333333333333 0.125925925926 30 270 15
190 32 -189.772834935 390.953234819 0.005 0.109 nan 0.316666666667 0 300 15
192 7 -152.509565203 316.426695356 0.005 0.208 0.0666666666667 0.175438596491 15 285 15
193 2 -146.014723014 303.437010977 0.005 0.406 0.0 0.0714285714286 62 238 15
194 9 -123.413367781 258.234300512 0.005 0.604 0.0 0.0296610169492 64 236 15
195 9 -160.536529572 332.480624093 0.005 0.505 0.0 0.00581395348837 128 172 15
196 0 -137.640867057 286.689299063 0.005 0.406 0.0121951219512 0.0366972477064 82 218 15
197 23 -179.952633138 371.312831226 0.005 0.109 nan 0.273333333333 0 300 15
198 8 -112.105297936 235.618160822 0.005 0.604 0.0 0.0387596899225 42 258 15
199 11 -145.274209915 301.955984779 0.005 0.307 0.0 0.0796460176991 74 226 15
200 22 -130.352398257 272.112361463 0.005 0.406 0.0175438596491 0.0452674897119 57 243 15
202 17 -158.638263278 328.684091506 0.005 0.406 0.0 0.00568181818182 124 176 15
203 7 -116.435913039 244.279391028 0.005 0.604 0.0 0.0292887029289 61 239 15
204 22 -99.2503879389 209.908340827 0.005 1.0 0.0 0.00436681222707 71 229 15
206 32 -145.056939771 301.521444491 0.005 0.406 0.0 0.0478468899522 91 209 15
207 6 -100.674984753 212.757534455 0.005 0.802 0.0 0.016 50 250 15
208 34 -148.852896538 309.113358025 0.005 0.406 0.0 0.0601851851852 84 216 15
212 1 -148.833912104 309.075389157 0.005 0.307 0.0 0.0805084745763 64 236 15
213 18 -207.260106516 425.927777981 0.005 0.01 nan 0.466666666667 0 300 15
215 8 -144.164759997 299.737084942 0.005 0.505 0.0 0.0 115 185 15
216 1 -134.879914595 281.167394139 0.005 0.604 0.0 0.0 104 196 15
217 16 -142.947726224 297.303017397 0.005 0.505 0.0 0.0238095238095 90 210 15
218 3 -162.060850653 335.529266255 0.005 0.208 0.0 0.147540983607 56 244 15
220 26 -88.6433068621 188.694178673 0.005 1.0 0.0 0.0119047619048 48 252 15
221 3 -163.481689011 338.370942972 0.005 0.208 0.0 0.181818181818 36 264 15
223 15 -116.572246644 244.552058238 0.005 0.703 0.0 0.0180995475113 79 221 15
225 4 -152.906594573 317.220754095 0.005 0.307 0.015625 0.0932203389831 64 236 15
226 22 -138.193440693 287.794446336 0.005 0.505 0.0 0.0379146919431 89 211 15
227 39 -133.528490837 278.464546624 0.005 0.604 0.0 0.0194174757282 94 206 15
228 12 -194.388548751 400.184662452 0.005 0.208 0.0 0.0425531914894 159 141 15
229 16 -162.953755166 337.315075282 0.005 0.307 0.0 0.085308056872 89 211 15
230 8 -99.9013607428 211.210286435 0.005 0.901 0.0 0.0127118644068 64 236 15
231 40 -139.704288481 290.816141911 0.005 0.406 0.0 0.0720338983051 64 236 15
232 7 -154.893550487 321.194665923 0.005 0.208 0.0 0.184931506849 8 292 15
234 8 -90.8602294617 193.128023873 0.005 1.0 0.0 0.00429184549356 67 233 15
235 11 -179.804136123 371.015837195 0.005 0.208 0.0 0.0813953488372 128 172 15
236 12 -165.691933556 342.791432062 0.005 0.208 0.0 0.147859922179 43 257 15
237 3 -145.898346037 303.204257024 0.005 0.406 0.0 0.0714285714286 62 238 15
238 25 -155.312622035 322.032809019 0.005 0.208 0.037037037037 0.139194139194 27 273 15
240 3 -153.203270276 317.814105502 0.005 0.604 0.0 0.0 120 180 15
241 4 -120.168693076 251.744951101 0.005 0.703 0.0 0.0140845070423 87 213 15
242 7 -98.808666687 209.024898323 0.005 1.0 0.0 0.0 80 220 15
243 13 -147.313590198 306.034745346 0.005 0.307 0.0 0.121568627451 45 255 15
244 28 -176.39540547 364.198375888 0.005 0.109 0.0 0.241007194245 22 278 15
245 9 -168.30958812 348.026741189 0.005 0.406 0.0 0.0294117647059 130 170 15
247 15 -164.343428394 340.094421737 0.005 0.208 0.0 0.118852459016 56 244 15
248 35 -155.403070945 322.213706839 0.005 0.307 0.0 0.1171875 44 256 15
253 4 -126.143566939 263.694698828 0.005 0.604 0.0 0.0308370044053 73 227 15
256 10 -153.07896739 317.56549973 0.005 0.406 0.0217391304348 0.0673076923077 92 208 15
257 24 -113.636948152 238.681461253 0.005 0.802 0.0 0.00925925925926 84 216 15
258 8 -166.509932506 344.427429961 0.005 0.208 0.0 0.187969924812 34 266 15
259 14 -139.95944373 291.32645241 0.005 0.604 0.0 0.0152284263959 103 197 15
260 13 -153.765614298 318.938793545 0.005 0.208 nan 0.21 0 300 15
261 7 -188.746463307 388.900491563 0.005 0.109 nan 0.316666666667 0 300 15
262 11 -170.483558105 352.374681159 0.005 0.208 0.0 0.159090909091 80 220 15
263 8 -142.233373627 295.874312203 0.005 0.307 0.0526315789474 0.142348754448 19 281 15
264 3 -133.972372328 279.352309606 0.005 0.505 0.0 0.0309734513274 74 226 15
1519 17 -175.708779812 362.825124574 0.005 0.109 nan 0.256666666667 0 300 15
1520 4 -176.071193767 363.549952483 0.005 0.406 0.0 0.00689655172414 155 145 15
1521 17 -120.106638605 251.62084216 0.005 0.604 0.0 0.0295358649789 63 237 15
1523 14 -168.266002146 347.939569241 0.01 0.208 nan 0.24 0 300 15
1524 11 -149.044534892 309.496634734 0.005 0.208 0.0 0.181818181818 3 297 15
1525 12 -170.655773271 352.719111491 0.005 0.208 0.0 0.101321585903 73 227 15
1526 11 -159.888127325 331.183819599 0.005 0.307 0.0 0.115384615385 66 234 15
1527 15 -168.152320732 347.712206413 0.005 0.208 0.0 0.208480565371 17 283 15
1528 2 -157.585577585 326.578720119 0.005 0.208 nan 0.206666666667 0 300 15
1529 2 -99.1391811666 209.685927282 0.005 0.802 0.0 0.0164609053498 57 243 15
1530 15 -152.559999147 316.527563244 0.005 0.604 0.0 0.00555555555556 120 180 15
1531 10 -138.336628712 288.080822373 0.005 0.505 0.0 0.0361990950226 79 221 15
1532 15 -153.43806625 318.283697449 0.005 0.604 0.0 0.00561797752809 122 178 15
1533 22 -133.484059668 278.375684286 0.005 0.505 0.0 0.025974025974 69 231 15
1534 19 -154.501021285 320.40960752 0.005 0.307 0.0 0.0753138075314 61 239 15
1535 15 -173.452830908 358.313226765 0.005 0.109 nan 0.236666666667 0 300 15
1536 5 -167.951901347 347.311367643 0.005 0.208 0.0 0.114155251142 81 219 16
1537 12 -163.455944152 338.319453254 0.005 0.208 0.0 0.134099616858 39 261 16
1538 32 -178.006742582 367.421050114 0.005 0.109 nan 0.26 0 300 16
1539 24 -102.313507605 216.03458016 0.005 0.901 0.0 0.0127118644068 64 236 16
1540 8 -153.098981356 317.605527662 0.005 0.208 1.0 0.177257525084 1 299 16
1541 11 -169.6123984 350.63236175 0.005 0.208 nan 0.23 0 300 16
1542 7 -161.921874574 335.251314098 0.005 0.208 0.0 0.169064748201 22 278 16
1543 7 -157.45027018 326.308105309 0.005 0.307 0.0 0.103448275862 68 232 16
1544 13 -127.399354236 266.206273421 0.005 0.406 0.0 0.1 20 280 16
1545 25 -159.719804662 330.847174273 0.005 0.208 nan 0.216666666667 0 300 16
1546 12 -143.268533613 297.944632175 0.005 0.604 0.0 0.0103626943005 107 193 16
1547 23 -207.800566574 427.008698097 0.205 0.01 0.566666666667 0.503703703704 30 270 16
1549 27 -155.301589756 322.010744462 0.005 0.208 0.0 0.165467625899 22 278 16
1550 4 -154.700370702 320.808306354 0.005 0.208 nan 0.193333333333 0 300 16
1553 11 -98.0688672113 207.545299372 0.005 0.703 0.0 0.0223048327138 31 269 16
140 11 -148.481699335 308.370963619 0.005 0.406 0.0111111111111 0.052380952381 90 210 16
141 4 -150.262799062 311.933163074 0.005 0.406 0.0 0.024154589372 93 207 16
142 10 -130.911695243 273.230955435 0.005 0.505 0.0 0.0355555555556 75 225 16
143 21 -185.328186244 382.063937436 0.005 0.109 nan 0.3 0 300 16
144 16 -113.319362648 238.046290246 0.005 0.901 0.0 0.0 79 221 16
145 10 -158.033872518 327.475309986 0.005 0.208 nan 0.216666666667 0 300 16
146 24 -136.792151081 284.991867111 0.005 0.406 0.0217391304348 0.0669291338583 46 254 16
147 11 -138.48485749 288.37727993 0.005 0.406 0.0 0.0658436213992 57 243 16
148 3 -170.546763493 352.501091936 0.01 0.208 1.0 0.234113712375 1 299 16
149 5 -80.6043489537 172.616262857 0.005 1.0 0.0 0.00387596899225 42 258 16
150 25 -148.18998127 307.787527489 0.005 0.307 0.0 0.09375 44 256 16
151 21 -121.445502521 254.298569991 0.005 0.802 0.0 0.00473933649289 89 211 16
152 9 -133.635434228 278.678433405 0.005 0.505 0.0 0.00925925925926 84 216 16
153 15 -190.24078696 391.88913887 0.015 0.109 nan 0.333333333333 0 300 16
154 3 -163.58781376 338.58319247 0.005 0.208 0.666666666667 0.195286195286 3 297 16
155 0 -165.003611059 341.414787067 0.005 0.307 0.00990099009901 0.0552763819095 101 199 16
157 8 -169.225867386 349.859299722 0.005 0.208 nan 0.223333333333 0 300 16
158 9 -140.621642986 292.650850921 0.005 0.406 0.0135135135135 0.0619469026549 74 226 16
159 15 -155.070130752 321.547826453 0.005 0.307 0.0 0.0681818181818 80 220 16
160 29 -95.0666099542 201.540784858 0.005 0.802 0.0 0.0190114068441 37 263 16
161 4 -127.68627623 266.78011741 0.005 0.604 0.0 0.0227272727273 80 220 16
162 19 -195.480265274 402.368095497 0.005 0.109 nan 0.343333333333 0 300 16
163 3 -154.397858655 320.20328226 0.005 0.505 0.0 0.0116279069767 128 172 16
164 2 -163.031461799 337.470488548 0.005 0.406 0.0 0.0315789473684 110 190 16
165 12 -184.379581147 380.166727244 0.005 0.109 0.333333333333 0.289562289562 3 297 16
166 1 -174.700259253 360.808083455 0.005 0.109 0.1 0.244827586207 10 290 16
168 37 -152.495502275 316.3985695 0.005 0.505 0.0 0.0106951871658 113 187 16
170 12 -125.074984233 261.557533415 0.005 0.604 0.0 0.0296610169492 64 236 16
171 5 -114.311434872 240.030434693 0.005 0.406 0.0 0.101754385965 15 285 16
172 9 -159.312568583 330.032702115 0.005 0.208 0.5 0.197986577181 2 298 16
173 5 -148.041039748 307.489644446 0.005 0.307 0.0357142857143 0.132352941176 28 272 16
174 1 -108.88443375 229.176432449 0.005 0.505 0.0333333333333 0.037037037037 30 270 16
175 12 -115.852814346 243.113193641 0.005 0.703 0.0 0.0125523012552 61 239 16
176 21 -169.699046125 350.805657199 0.005 0.208 nan 0.213333333333 0 300 16
177 40 -203.686816049 418.781197046 0.095 0.109 0.461538461538 0.394160583942 26 274 16
178 8 -114.5345079 240.476580749 0.005 0.703 0.0 0.0205761316872 57 243 16
179 4 -174.047997829 359.503560607 0.005 0.208 0.0 0.144104803493 71 229 16
180 8 -164.310654228 340.028873405 0.005 0.406 0.0 0.0337078651685 122 178 16
181 4 -182.198750213 375.805065376 0.005 0.109 nan 0.283333333333 0 300 16
183 5 -147.347469949 306.102504847 0.005 0.406 0.0 0.0627802690583 77 223 16
184 3 -146.18850698 303.784578908 0.005 0.307 0.04 0.0981818181818 25 275 16
185 7 -133.003346709 277.414258367 0.005 0.901 0.0 0.0 107 193 16
186 11 -87.683764098 186.775093145 0.005 1.0 0.0 0.0 58 242 16
187 8 -150.776588167 312.960741283 0.005 0.307 0.0 0.100840336134 62 238 16
188 20 -145.196366055 301.800297059 0.005 0.208 0.25 0.179054054054 4 296 16
189 3 -164.644334455 340.696233859 0.005 0.307 0.0117647058824 0.0790697674419 85 215 16
190 32 -198.958928554 409.325422058 0.005 0.109 nan 0.33 0 300 16
192 7 -173.96981848 359.347201909 0.005 0.208 0.0 0.154471544715 54 246 16
193 2 -157.167582914 325.742730778 0.005 0.406 0.0 0.03 100 200 16
194 9 -135.242812768 281.893190485 0.005 0.406 0.0 0.063829787234 65 235 16
195 9 -165.180266658 341.768098265 0.005 0.208 nan 0.226666666667 0 300 16
196 0 -157.698420407 326.804405763 0.005 0.208 nan 0.196666666667 0 300 16
197 23 -178.896725077 369.201015104 0.005 0.109 nan 0.276666666667 0 300 16
198 8 -162.677723145 336.76301124 0.005 0.406 0.0 0.00621118012422 139 161 16
199 11 -137.077514635 285.562594219 0.005 0.505 0.0 0.0355555555556 75 225 16
200 22 -149.482237531 310.37204001 0.005 0.505 0.0 0.029702970297 98 202 16
202 17 -161.925723501 335.259011952 0.005 0.208 0.04 0.16 25 275 16
203 7 -98.0428062736 207.493177497 0.005 1.0 0.0357142857143 0.00819672131148 56 244 16
204 22 -115.111264695 241.63009434 0.005 0.703 0.0 0.0132158590308 73 227 16
206 32 -143.10659573 297.62075641 0.005 0.406 0.0 0.0502283105023 81 219 16
207 6 -142.989611529 297.386788007 0.005 0.406 0.0 0.0727272727273 80 220 16
208 34 -148.432033032 308.271631013 0.005 0.307 0.0 0.119850187266 33 267 16
212 1 -128.637220406 268.682005761 0.005 0.703 0.0 0.005 100 200 16
213 18 -207.293590829 425.994746608 0.005 0.01 nan 0.463333333333 0 300 16
215 8 -127.009010099 265.425585148 0.005 0.307 0.0 0.12925170068 6 294 16
216 1 -157.492364346 326.392293642 0.005 0.406 0.0 0.0544554455446 98 202 16
217 16 -157.329664141 326.066893232 0.005 0.307 0.0 0.0424528301887 88 212 16
218 3 -165.360599022 342.128762992 0.005 0.208 nan 0.22 0 300 16
220 26 -94.1662630732 199.740091096 0.005 1.0 0.0 0.0 72 228 16
221 3 -174.269033042 359.945631033 0.005 0.109 nan 0.263333333333 0 300 16
223 15 -69.6226510898 150.652867129 0.005 1.0 0.0 0.0 46 254 16
225 4 -158.297751983 328.003068915 0.005 0.406 0.0 0.0416666666667 108 192 16
226 22 -145.623253668 302.654072284 0.005 0.208 0.0 0.153846153846 1 299 16
227 39 -143.348642761 298.104850472 0.005 0.208 0.5 0.165540540541 4 296 16
228 12 -141.462962735 294.333490419 0.005 0.406 0.0169491525424 0.0746887966805 59 241 16
229 16 -141.607556802 294.622678554 0.005 0.406 0.0 0.0622406639004 59 241 16
230 8 -76.1945390438 163.796643037 0.005 1.0 0.0 0.0037037037037 30 270 16
231 40 -144.516613326 300.4407916 0.005 0.703 0.0 0.0 115 185 16
232 7 -151.565000935 314.53756682 0.005 0.307 0.0 0.0963855421687 51 249 16
234 8 -145.698408246 302.804381441 0.005 0.406 0.0289855072464 0.0735930735931 69 231 16
235 11 -155.627767392 322.663099733 0.005 0.505 0.0 0.0114942528736 126 174 16
236 12 -180.789050938 372.985666826 0.005 0.109 nan 0.286666666667 0 300 16
237 3 -144.986373112 301.380311174 0.005 0.307 0.0 0.082304526749 57 243 16
238 25 -163.629371046 338.66630704 0.005 0.307 0.0 0.0991379310345 68 232 16
240 3 -146.478040758 304.363646466 0.005 0.604 0.0 0.00540540540541 115 185 16
241 4 -150.676642986 312.760850921 0.005 0.307 0.0 0.115523465704 23 277 16
242 7 -127.39454707 266.19665909 0.005 0.802 0.0 0.0 94 206 16
243 13 -161.217837989 333.843240927 0.005 0.406 0.00806451612903 0.0454545454545 124 176 16
244 28 -162.851473681 337.110512312 0.005 0.208 0.0 0.19723183391 11 289 16
245 9 -177.364341028 366.136247005 0.005 0.109 0.0 0.227586206897 10 290 16
247 15 -176.058511986 363.524588921 0.005 0.307 0.00657894736842 0.0337837837838 152 148 16
248 35 -186.941658794 385.290882536 0.005 0.109 0.5 0.281879194631 2 298 16
253 4 -135.278526441 281.964617831 0.005 0.406 0.0 0.06640625 44 256 16
256 10 -136.269042656 283.945650262 0.005 0.406 0.0181818181818 0.065306122449 55 245 16
257 24 -157.121156727 325.649878403 0.005 0.307 0.0112359550562 0.0663507109005 89 211 16
258 8 -168.668799824 348.745164596 0.005 0.208 nan 0.236666666667 0 300 16
259 14 -138.702316248 288.812197445 0.005 0.307 0.0 0.105263157895 53 247 16
260 13 -174.93508394 361.27773283 0.005 0.109 nan 0.253333333333 0 300 16
261 7 -189.502722429 390.413009807 0.005 0.109 nan 0.323333333333 0 300 16
262 11 -151.810136332 315.027837613 0.005 0.307 0.0 0.0727272727273 80 220 16
263 8 -137.209393977 285.826352904 0.005 0.802 0.0 0.0 117 183 16
264 3 -120.262447765 251.93246048 0.005 0.604 0.0 0.0284552845528 54 246 16
1519 17 -189.106188141 389.619941231 0.005 0.109 nan 0.306666666667 0 300 16
1520 4 -113.818923255 239.04541146 0.005 0.604 0.0 0.0244897959184 55 245 16
1521 17 -147.499558979 306.406682908 0.005 0.307 0.0 0.0984251968504 46 254 16
1523 14 -146.476857325 304.361279599 0.005 0.208 nan 0.196666666667 0 300 16
1524 11 -176.908888843 365.225342635 0.005 0.208 0.0 0.207272727273 25 275 16
1525 12 -147.734454762 306.876474473 0.005 0.307 0.0 0.088 50 250 16
1526 11 -158.82765194 329.06286883 0.005 0.208 0.1 0.2 10 290 16
1527 15 -134.170726191 279.749017331 0.005 0.604 0.0 0.00943396226415 88 212 16
1528 2 -179.37511367 370.157792289 0.005 0.109 nan 0.29 0 300 16
1529 2 -129.342097384 270.091759717 0.005 0.604 0.0 0.0184331797235 83 217 16
1530 15 -132.056560671 275.520686291 0.005 0.406 0.0 0.0595238095238 48 252 16
1531 10 -169.72449397 350.856552889 0.005 0.406 0.0 0.0180722891566 134 166 16
1532 15 -140.049253568 291.506072085 0.005 0.307 0.0 0.119133574007 23 277 16
1533 22 -142.141482827 295.690530603 0.005 0.406 0.0135135135135 0.0575221238938 74 226 16
1534 19 -161.238268959 333.884102868 0.005 0.208 0.0 0.160447761194 32 268 16
1535 15 -162.950153075 337.307871099 0.005 0.208 nan 0.216666666667 0 300 16
1536 5 -164.138537264 339.684639477 0.005 0.406 0.0 0.0179640718563 133 167 17
1537 12 -140.614960898 292.637486746 0.005 0.406 0.0 0.0508474576271 64 236 17
1538 32 -173.897131439 359.201827828 0.005 0.109 nan 0.25 0 300 17
1539 24 -141.348802182 294.105169314 0.005 0.505 0.0 0.0279069767442 85 215 17
1540 8 -120.038374824 251.484314598 0.005 0.505 0.0 0.0336134453782 62 238 17
1541 11 -164.618645262 340.644855473 0.005 0.208 0.0 0.212121212121 3 297 17
1542 7 -158.672194667 328.751954284 0.005 0.307 0.0212765957447 0.118577075099 47 253 17
1543 7 -127.681228469 266.770021887 0.005 0.604 0.0 0.0139534883721 85 215 17
1544 13 -132.53294568 276.47345631 0.005 0.703 0.0 0.0 97 203 17
1545 25 -169.813945937 351.035456823 0.005 0.208 0.666666666667 0.218855218855 3 297 17
1546 12 -168.185850939 347.779266828 0.005 0.307 0.00840336134454 0.0441988950276 119 181 17
1547 23 -208.001184404 427.409933757 0.205 0.01 0.566666666667 0.511111111111 30 270 17
1549 27 -133.720435255 278.84843546 0.005 0.406 0.0 0.0733590733591 41 259 17
1550 4 -137.049263141 285.506091232 0.005 0.307 0.0 0.0833333333333 48 252 17
1553 11 -152.255266976 315.918098901 0.005 0.208 nan 0.19 0 300 17
140 11 -163.756588308 338.920741565 0.005 0.406 0.0 0.00595238095238 132 168 17
141 4 -155.587426838 322.582418626 0.005 0.208 nan 0.21 0 300 17
142 10 -122.652272367 256.712109682 0.005 0.901 0.0 0.00956937799043 91 209 17
143 21 -182.921286785 377.25013852 0.005 0.208 0.0 0.176 50 250 17
144 16 -160.535100329 332.477765606 0.005 0.406 0.0 0.0337078651685 122 178 17
145 10 -136.676815706 284.761196361 0.005 0.307 0.0 0.104089219331 31 269 17
146 24 -154.824515942 321.056596834 0.005 0.208 nan 0.206666666667 0 300 17
147 11 -154.459604528 320.326774005 0.005 0.406 0.0 0.0215053763441 114 186 17
148 3 -162.691569823 336.790704595 0.005 0.208 nan 0.22 0 300 17
149 5 -133.542121428 278.491807805 0.005 0.703 0.0 0.00505050505051 102 198 17
150 25 -134.772944488 280.953453925 0.005 0.604 0.0 0.00985221674877 97 203 17
151 21 -158.158441094 327.724447137 0.005 0.307 0.0 0.0582959641256 77 223 17
152 9 -201.002767532 413.413100012 0.005 0.109 0.0 0.0241935483871 176 124 17
153 15 -178.773247357 368.954059662 0.005 0.109 nan 0.28 0 300 17
154 3 -146.485296051 304.378157052 0.005 0.208 nan 0.19 0 300 17
155 0 -117.432408916 246.272382781 0.005 0.802 0.0 0.017094017094 66 234 17
157 8 -184.744022471 380.895609891 0.005 0.109 nan 0.286666666667 0 300 17
158 9 -142.977622773 297.362810495 0.005 0.406 0.0166666666667 0.0666666666667 60 240 17
159 15 -149.35873181 310.12502857 0.005 0.406 0.0128205128205 0.0675675675676 78 222 17
160 29 -153.077005095 317.561575139 0.005 0.307 0.0 0.101265822785 63 237 17
161 4 -109.578202768 230.563970485 0.005 0.802 0.0 0.0045045045045 78 222 17
162 19 -198.397814556 408.203194061 0.035 0.109 0.5 0.369127516779 2 298 17
163 3 -150.820357997 313.048280943 0.005 0.307 0.0 0.0847457627119 64 236 17
164 2 -156.206756149 323.821077247 0.005 0.307 0.0 0.114624505929 47 253 17
165 12 -180.386804508 372.181173965 0.005 0.109 nan 0.276666666667 0 300 17
166 1 -127.622058669 266.651682288 0.005 0.505 0.0 0.046218487395 62 238 17
168 37 -160.200573578 331.808712106 0.005 0.406 0.0 0.0108695652174 116 184 17
170 12 -137.10458978 285.616744509 0.005 0.307 0.0689655172414 0.107011070111 29 271 17
171 5 -128.883367585 269.174300118 0.005 0.505 0.0 0.0365296803653 81 219 17
172 9 -162.127362068 335.662289085 0.005 0.208 nan 0.21 0 300 17
173 5 -127.292042637 265.991650223 0.005 0.505 0.0 0.0286885245902 56 244 17
174 1 -154.380987046 320.169539041 0.005 0.208 0.0 0.155477031802 17 283 17
175 12 -126.119703219 263.646971387 0.005 0.802 0.0 0.0 99 201 17
176 21 -166.33500847 344.07758189 0.005 0.208 0.0175438596491 0.115226337449 57 243 17
177 40 -201.040104365 413.487773679 0.04 0.109 0.3125 0.37676056338 16 284 17
178 8 -149.676869582 310.761304114 0.005 0.505 0.0 0.0 136 164 17
179 4 -123.65578461 258.719134168 0.005 0.604 0.0 0.0135746606335 79 221 17
180 8 -154.917506822 321.242578593 0.005 0.307 0.0 0.0695652173913 70 230 17
181 4 -182.570566754 376.548698456 0.005 0.109 0.25 0.280405405405 4 296 17
183 5 -141.771532155 294.950629258 0.005 0.406 0.0153846153846 0.0510638297872 65 235 17
184 3 -156.662249527 324.732064003 0.005 0.307 0.0 0.0848214285714 76 224 17
185 7 -144.436220892 300.280006732 0.005 0.505 0.0 0.03 100 200 17
186 11 -108.849589461 229.106743872 0.005 0.802 0.0151515151515 0.0213675213675 66 234 17
187 8 -164.541123982 340.489812914 0.005 0.307 0.0 0.0652173913043 116 184 17
188 20 -132.04452127 275.49660749 0.005 0.307 0.0 0.114982578397 13 287 17
189 3 -153.440277031 318.288119012 0.005 0.406 0.0 0.0536585365854 95 205 17
190 32 -202.009617858 415.426800666 0.01 0.109 nan 0.373333333333 0 300 17
192 7 -168.845351563 349.098268076 0.005 0.307 0.0 0.0386740331492 119 181 17
193 2 -176.835177584 365.077920116 0.005 0.307 0.0 0.0432098765432 138 162 17
194 9 -149.134066625 309.675698199 0.005 0.307 0.0 0.102880658436 57 243 17
195 9 -161.012453809 333.432472567 0.005 0.208 nan 0.206666666667 0 300 17
196 0 -152.145512151 315.698589251 0.005 0.307 0.0 0.129166666667 60 240 17
197 23 -180.719960211 372.847485372 0.005 0.109 0.125 0.25 8 292 17
198 8 -134.780965825 280.9694966 0.005 0.604 0.0 0.0192307692308 92 208 17
199 11 -151.940403183 315.288371315 0.005 0.307 0.0 0.126530612245 55 245 17
200 22 -153.67366522 318.75489539 0.005 0.406 0.0 0.0528846153846 92 208 17
202 17 -188.263109583 387.933784114 0.005 0.109 nan 0.32 0 300 17
203 7 -159.299459249 330.006483448 0.005 0.307 0.0 0.114155251142 81 219 17
204 22 -162.053162038 335.513889024 0.005 0.208 0.0540540540541 0.178707224335 37 263 17
206 32 -135.971539109 283.350643167 0.005 0.307 0.0 0.123674911661 17 283 17
207 6 -142.156969731 295.721504412 0.005 0.406 0.016393442623 0.0585774058577 61 239 17
208 34 -129.570738825 270.5490426 0.005 0.505 0.0 0.0294117647059 62 238 17
212 1 -177.036537447 365.480639844 0.005 0.307 0.0 0.045197740113 123 177 17
213 18 -207.97764902 427.36286299 0.01 0.01 nan 0.49 0 300 17
215 8 -128.437479788 268.282524525 0.005 0.307 0.0555555555556 0.102836879433 18 282 17
216 1 -155.058852229 321.525269407 0.005 0.208 0.0416666666667 0.159420289855 24 276 17
217 16 -177.490164709 366.387894368 0.005 0.109 nan 0.28 0 300 17
218 3 -123.553617211 258.514799371 0.005 0.406 0.0 0.0777777777778 30 270 17
220 26 -115.91160888 243.23078271 0.005 0.604 0.0188679245283 0.0364372469636 53 247 17
221 3 -165.60040967 342.608384289 0.01 0.208 nan 0.246666666667 0 300 17
223 15 -129.488674926 270.384914801 0.005 0.703 0.0 0.0194174757282 94 206 17
225 4 -152.793342835 316.994250619 0.005 0.307 0.0112359550562 0.0710900473934 89 211 17
226 22 -152.344918926 316.097402801 0.005 0.208 nan 0.18 0 300 17
227 39 -154.342455615 320.092476179 0.005 0.208 nan 0.193333333333 0 300 17
228 12 -128.541521749 268.490608448 0.005 0.505 0.0 0.0227272727273 80 220 17
229 16 -173.153100238 357.713765426 0.005 0.307 0.0 0.047619047619 132 168 17
230 8 -103.21879804 217.845161029 0.005 0.703 0.0 0.0227272727273 36 264 17
231 40 -152.646625251 316.700815451 0.005 0.307 0.0 0.0625 76 224 17
232 7 -133.422853105 278.25327116 0.005 0.505 0.0 0.0438596491228 72 228 17
234 8 -153.863877044 319.135319037 0.005 0.505 0.0 0.0155440414508 107 193 17
235 11 -124.861170485 261.12990592 0.005 0.406 0.0208333333333 0.0634920634921 48 252 17
236 12 -170.393577929 352.194720807 0.015 0.208 0.5 0.255033557047 2 298 17
237 3 -125.455296238 262.318157426 0.005 0.604 0.0 0.0139534883721 85 215 17
238 25 -149.796794935 311.00115482 0.005 0.208 0.0 0.160409556314 7 293 17
240 3 -137.882990503 287.173545956 0.005 0.406 0.0105263157895 0.0536585365854 95 205 17
241 4 -149.755251992 310.918068934 0.005 0.406 0.0 0.0295566502463 97 203 17
242 7 -142.125240688 295.658046325 0.005 0.505 0.0128205128205 0.0405405405405 78 222 17
243 13 -145.621750169 302.651065287 0.005 0.505 0.0 0.010582010582 111 189 17
244 28 -175.745971251 362.899507452 0.005 0.109 nan 0.256666666667 0 300 17
245 9 -151.838129584 315.083824117 0.005 0.307 0.0 0.109375 44 256 17
247 15 -148.11000855 307.627582049 0.005 0.307 0.0 0.102661596958 37 263 17
248 35 -188.775200796 388.957966542 0.005 0.109 0.0769230769231 0.289198606272 13 287 17
253 4 -156.626453556 324.660472061 0.005 0.307 0.0 0.0948275862069 68 232 17
256 10 -124.461880051 260.331325051 0.005 0.406 0.0 0.0780669144981 31 269 17
257 24 -138.665731717 288.739028384 0.005 0.406 0.0 0.0478260869565 70 230 17
258 8 -160.41787608 332.24331711 0.005 0.208 nan 0.193333333333 0 300 17
259 14 -170.516559305 352.440683559 0.005 0.307 0.0 0.0540540540541 115 185 17
260 13 -145.944107912 303.295780773 0.005 0.406 0.0 0.0677966101695 64 236 17
261 7 -184.133433924 379.674432798 0.005 0.109 0.142857142857 0.283276450512 7 293 17
262 11 -135.415497908 282.238560765 0.005 0.406 0.0222222222222 0.0470588235294 45 255 17
263 8 -133.790042404 278.987649757 0.005 0.505 0.0 0.0444444444444 75 225 17
264 3 -135.882162099 283.171889147 0.005 0.505 0.0149253731343 0.0386266094421 67 233 17
1519 17 -136.98407517 285.37571529 0.005 0.505 0.0 0.0486725663717 74 226 17
1520 4 -145.462095082 302.331755114 0.005 0.406 0.0 0.0585585585586 78 222 17
1521 17 -122.157484628 255.722534205 0.005 0.406 0.0 0.0698529411765 28 272 17
1523 14 -168.098561116 347.604687181 0.005 0.208 nan 0.216666666667 0 300 17
1524 11 -184.590132488 380.587829926 0.005 0.208 0.0 0.055900621118 139 161 17
1525 12 -176.228063633 363.863692214 0.005 0.109 nan 0.266666666667 0 300 17
1526 11 -138.888022172 289.183609293 0.005 0.505 0.0 0.029702970297 98 202 17
1527 15 -173.462406593 358.332378136 0.005 0.109 nan 0.253333333333 0 300 17
1528 2 -160.001828842 331.411222633 0.005 0.208 0.4 0.196610169492 5 295 17
1529 2 -163.789841398 338.987247745 0.005 0.307 0.0 0.0335195530726 121 179 17
1530 15 -148.163628118 307.734821186 0.005 0.208 0.111111111111 0.178694158076 9 291 17
1531 10 -143.710458215 298.828481379 0.005 0.604 0.0 0.0108695652174 116 184 17
1532 15 -147.899581276 307.2067275 0.005 0.505 0.0 0.0147058823529 96 204 17
1533 22 -127.072540272 265.552645493 0.005 0.604 0.0 0.04329004329 69 231 17
1534 19 -184.986385225 381.380335399 0.005 0.109 nan 0.296666666667 0 300 17
1535 15 -165.37813793 342.163840809 0.005 0.406 0.00793650793651 0.0402298850575 126 174 17
1536 5 -134.899761004 281.207086957 0.005 0.604 0.0 0.0 94 206 18
1537 12 -157.879304333 327.166173616 0.005 0.208 0.0714285714286 0.125 28 272 18
1538 32 -118.02341908 247.45440311 0.005 0.505 0.0 0.0358565737052 49 251 18
1539 24 -147.029778801 305.467122552 0.005 0.505 0.0 0.0343137254902 96 204 18
1540 8 -157.46902226 326.345609469 0.005 0.307 0.0 0.100418410042 61 239 18
1541 11 -182.707171648 376.821908245 0.005 0.109 0.25 0.260135135135 4 296 18
1542 7 -164.459249501 340.326063951 0.01 0.208 1.0 0.234113712375 1 299 18
1543 7 -127.888499388 267.184563725 0.005 0.505 0.0 0.027149321267 79 221 18
1544 13 -144.456163414 300.319891777 0.005 0.307 1.0 0.153846153846 1 299 18
1545 25 -173.73346412 358.874493189 0.005 0.109 nan 0.253333333333 0 300 18
1546 12 -70.7580621873 152.923689324 0.005 1.0 0.0 0.0 42 258 18
1547 23 -207.965477426 427.338519801 0.005 0.01 nan 0.49 0 300 18
1549 27 -162.321322252 336.050209454 0.005 0.208 0.0 0.185185185185 30 270 18
1550 4 -132.243726198 275.895017346 0.005 0.703 0.0 0.0 101 199 18
1553 11 -153.21064953 317.82886401 0.005 0.307 0.0 0.112403100775 42 258 18
140 11 -137.686629974 286.780824898 0.005 0.406 0.0125 0.0545454545455 80 220 18
141 4 -135.222695759 281.852956468 0.005 0.406 0.0 0.0541666666667 60 240 18
142 10 -131.125971041 273.659507032 0.005 0.505 0.0 0.052 50 250 18
143 21 -187.31181331 386.03119157 0.005 0.109 nan 0.293333333333 0 300 18
144 16 -171.323018738 354.053602426 0.005 0.307 0.00877192982456 0.0376344086022 114 186 18
145 10 -157.114277863 325.636120675 0.005 0.307 0.0113636363636 0.0660377358491 88 212 18
146 24 -150.583429474 312.574423896 0.005 0.208 0.0454545454545 0.154676258993 22 278 18
147 11 -147.14130576 305.69017647 0.005 0.208 0.0 0.150684931507 8 292 18
148 3 -160.755033195 332.91763134 0.005 0.307 0.0 0.0372340425532 112 188 18
149 5 -157.532583963 326.472732876 0.005 0.406 0.0 0.0533980582524 94 206 18
150 25 -164.393460927 340.194486804 0.005 0.307 0.0 0.066985645933 91 209 18
151 21 -160.658350529 332.724266007 0.005 0.208 0.0 0.15503875969 42 258 18
152 9 -105.177922622 221.763410193 0.005 1.0 0.0 0.00436681222707 71 229 18
153 15 -186.883106856 385.173778661 0.005 0.109 nan 0.313333333333 0 300 18
154 3 -140.338579262 292.084723474 0.005 0.406 0.0 0.0585774058577 61 239 18
155 0 -158.151700799 327.710966546 0.005 0.406 0.0 0.0222222222222 120 180 18
157 8 -153.941662775 319.2908905 0.005 0.307 0.0 0.103305785124 58 242 18
158 9 -130.615811276 272.639187501 0.005 0.307 0.0 0.111913357401 23 277 18
159 15 -150.014205499 311.435975947 0.005 0.505 0.0 0.0110497237569 119 181 18
160 29 -173.572594375 358.5527537 0.005 0.208 0.0 0.233576642336 26 274 18
161 4 -116.130663928 243.668892806 0.005 0.901 0.0 0.00456621004566 81 219 18
162 19 -188.852501731 389.112568411 0.005 0.109 nan 0.306666666667 0 300 18
163 3 -155.341748642 322.091062232 0.005 0.307 0.0 0.0733944954128 82 218 18
164 2 -157.602551137 326.612667224 0.005 0.208 0.0 0.180076628352 39 261 18
165 12 -173.396894677 358.201354303 0.005 0.109 nan 0.263333333333 0 300 18
166 1 -131.797660586 275.002886122 0.005 0.505 0.0 0.00952380952381 90 210 18
168 37 -141.937752496 295.283069941 0.005 0.208 0.0 0.147260273973 8 292 18
170 12 -153.078756955 317.565078858 0.005 0.307 0.0 0.079295154185 73 227 18
171 5 -96.9404158135 205.288396576 0.005 1.0 0.0 0.00840336134454 62 238 18
172 9 -163.562967981 338.533500912 0.005 0.208 0.0 0.119815668203 83 217 18
173 5 -168.540852852 348.489270654 0.005 0.208 nan 0.23 0 300 18
174 1 -174.781031876 360.969628701 0.005 0.109 nan 0.266666666667 0 300 18
175 12 -121.434000264 254.275565477 0.005 0.604 0.0 0.0141509433962 88 212 18
176 21 -181.802130977 375.011826903 0.005 0.109 nan 0.296666666667 0 300 18
177 40 -194.931377518 401.270319986 0.02 0.109 nan 0.363333333333 0 300 18
178 8 -144.733249829 300.874064608 0.005 0.208 1.0 0.167224080268 1 299 18
179 4 -167.791200271 346.989965492 0.005 0.307 0.0 0.0326086956522 116 184 18
180 8 -137.417772541 286.24311003 0.005 0.307 0.0277777777778 0.106060606061 36 264 18
181 4 -165.508972771 342.425510491 0.005 0.307 0.0 0.0386740331492 119 181 18
183 5 -137.099496388 285.606557726 0.005 0.307 nan 0.156666666667 0 300 18
184 3 -149.751725584 310.911016118 0.005 0.307 0.0 0.0660792951542 73 227 18
185 7 -158.573753043 328.555071036 0.005 0.406 0.0 0.0170454545455 124 176 18
186 11 -177.153580756 365.71472646 0.005 0.208 0.0 0.108910891089 98 202 18
187 8 -68.5660860821 148.539737113 0.005 1.0 0.0 0.00378787878788 36 264 18
188 20 -126.973798294 265.355161537 0.005 0.505 0.0 0.034188034188 66 234 18
189 3 -177.998724447 367.405013843 0.005 0.109 nan 0.263333333333 0 300 18
190 32 -182.446156518 376.299877985 0.005 0.109 1.0 0.274247491639 1 299 18
192 7 -187.675295657 386.758156262 0.005 0.208 0.0 0.0354609929078 159 141 18
193 2 -135.808874615 283.025314179 0.005 0.505 0.0 0.0313901345291 77 223 18
194 9 -148.765092552 308.937750054 0.005 0.307 0.0178571428571 0.0983606557377 56 244 18
195 9 -168.110646276 347.628857501 0.005 0.406 0.0 0.0225988700565 123 177 18
196 0 -124.626974044 260.661513038 0.005 0.604 0.0 0.0212765957447 65 235 18
197 23 -200.14664083 411.700846609 0.005 0.109 0.0384615384615 0.335766423358 26 274 18
198 8 -113.785415258 238.978395464 0.005 0.901 0.0 0.0171673819742 67 233 18
199 11 -165.384555117 342.176675184 0.005 0.307 0.00854700854701 0.0491803278689 117 183 18
200 22 -102.414499529 216.236564006 0.005 1.0 0.0 0.0159362549801 49 251 18
202 17 -173.080966371 357.569497691 0.005 0.208 0.0625 0.218309859155 16 284 18
203 7 -163.034036771 337.475638492 0.005 0.307 0.00943396226415 0.0979381443299 106 194 18
204 22 -143.992380477 299.392325903 0.005 0.208 0.0909090909091 0.162629757785 11 289 18
206 32 -187.886849894 387.181264737 0.005 0.208 0.0 0.0569620253165 142 158 18
207 6 -128.542142326 268.4918496 0.005 0.604 0.0 0.00480769230769 92 208 18
208 34 -182.540129871 376.48782469 0.005 0.109 nan 0.28 0 300 18
212 1 -180.747154247 372.901873444 0.005 0.208 0.0 0.0632911392405 142 158 18
213 18 -207.598487114 426.604539178 0.05 0.01 0.333333333333 0.481481481481 3 297 18
215 8 -106.539404297 224.486373543 0.005 1.0 0.0 0.00448430493274 77 223 18
216 1 -121.914073803 255.235712555 0.005 0.802 0.0 0.00961538461538 92 208 18
217 16 -134.257100571 279.921766092 0.005 0.505 0.0 0.0284360189573 89 211 18
218 3 -133.896376937 279.200318823 0.005 0.604 0.0 0.0267857142857 76 224 18
220 26 -153.555733552 318.519032053 0.005 0.505 0.0 0.00578034682081 127 173 18
221 3 -139.381523909 290.170612767 0.005 0.307 0.0 0.116981132075 35 265 18
223 15 -143.691487967 298.790540884 0.005 0.406 0.0 0.0504587155963 82 218 18
225 4 -154.371205857 320.149976663 0.005 0.208 nan 0.2 0 300 18
226 22 -176.815795292 365.039155534 0.005 0.109 1.0 0.244147157191 1 299 18
227 39 -147.010758276 305.429081501 0.005 0.406 0.0 0.0550458715596 82 218 18
228 12 -127.718553006 266.844670962 0.005 0.802 0.0 0.005 100 200 18
229 16 -155.880230962 323.168026873 0.005 0.406 0.0 0.035 100 200 18
230 8 -126.93449781 265.27656057 0.005 0.703 0.0 0.0140845070423 87 213 18
231 40 -172.561017206 356.529599362 0.005 0.307 0.0121951219512 0.0871559633028 82 218 18
232 7 -105.588667926 222.5849008 0.005 0.604 0.0 0.024 50 250 18
234 8 -161.751124319 334.909813588 0.005 0.406 0.0 0.0 119 181 18
235 11 -146.488866441 304.385297832 0.005 0.208 0.111111111111 0.151202749141 9 291 18
236 12 -149.97515982 311.35788459 0.005 0.307 0.0 0.0735930735931 69 231 18
237 3 -172.460649707 356.328864363 0.005 0.208 0.2 0.237288135593 5 295 18
238 25 -154.235359687 319.878284323 0.005 0.208 0.0454545454545 0.147482014388 22 278 18
240 3 -126.961665069 265.330895087 0.005 0.901 0.0 0.0 100 200 18
241 4 -170.028541574 351.464648097 0.005 0.208 0.0 0.117370892019 87 213 18
242 7 -119.316322879 250.040210708 0.005 0.802 0.0 0.0 92 208 18
243 13 -139.626231231 290.660027412 0.005 0.406 0.0116279069767 0.0467289719626 86 214 18
244 28 -176.246091558 363.899748066 0.005 0.109 0.166666666667 0.238095238095 6 294 18
245 9 -164.856952046 341.121469042 0.01 0.208 0.333333333333 0.228956228956 3 297 18
247 15 -126.874225972 265.156016893 0.005 0.604 0.0 0.0218340611354 71 229 18
248 35 -184.826036004 381.059636957 0.005 0.109 nan 0.296666666667 0 300 18
253 4 -158.655002875 328.717570699 0.005 0.307 0.0 0.0710659898477 103 197 18
256 10 -141.716551852 294.840668653 0.005 0.307 0.0238095238095 0.0968992248062 42 258 18
