1536 5 -152.203835737 315.815236424 0.005 0.505 0.0 0.00534759358289 113 187 76
1537 12 -165.68481778 342.777200509 0.005 0.208 nan 0.23 0 300 76
1538 32 -175.22213897 361.851842889 0.005 0.109 nan 0.253333333333 0 300 76
1539 24 -110.852556389 233.112677728 0.005 0.505 0.0263157894737 0.0419847328244 38 262 76
1540 8 -151.858109087 315.123783123 0.005 0.307 0.0 0.0666666666667 90 210 76
1541 11 -162.720807031 336.849179011 0.005 0.406 0.0 0.0114942528736 126 174 76
1542 7 -115.998474943 243.404514836 0.005 0.406 0.03125 0.0820895522388 32 268 76
1543 7 -177.237436835 365.882438618 0.005 0.208 0.0 0.0322580645161 145 155 76
1544 13 -157.365485177 326.138535303 0.005 0.307 0.010989010989 0.0574162679426 91 209 76
1545 25 -109.095005784 229.597576518 0.005 0.802 0.0 0.0130434782609 70 230 76
1546 12 -129.622949829 270.653464608 0.005 0.505 0.0 0.0602409638554 51 249 76
1547 23 -206.690013973 424.787592896 0.005 0.01 nan 0.426666666667 0 300 76
1549 27 -168.464693375 348.3369517 0.005 0.208 0.0149253731343 0.158798283262 67 233 76
1550 4 -142.765893547 296.939352043 0.005 0.406 0.0 0.0590717299578 63 237 76
1553 11 -114.504836766 240.417238482 0.005 0.505 0.0 0.0555555555556 30 270 76
140 11 -140.606336847 292.620238643 0.005 0.604 0.0 0.0104166666667 108 192 76
141 4 -151.97154227 315.35064949 0.005 0.208 0.0526315789474 0.167259786477 19 281 76
142 10 -140.14366864 291.69490223 0.005 0.604 0.0 0.0181818181818 80 220 76
143 21 -176.274336387 363.956237723 0.005 0.109 0.333333333333 0.255892255892 3 297 76
144 16 -109.274127269 229.955819488 0.005 1.0 0.0 0.0132743362832 74 226 76
145 10 -106.07554295 223.558650848 0.005 0.901 0.0 0.00900900900901 78 222 76
146 24 -143.086493714 297.580552377 0.005 0.208 0.0 0.152542372881 5 295 76
147 11 -158.958448367 329.324461683 0.005 0.406 0.0 0.0279329608939 121 179 76
148 3 -149.99756418 311.402693309 0.005 0.505 0.0 0.0304568527919 103 197 76
149 5 -123.789098962 258.985762873 0.005 0.505 0.0 0.0438596491228 72 228 76
150 25 -167.372017424 346.151599798 0.005 0.307 0.0 0.0180722891566 134 166 76
151 21 -148.122110682 307.651786314 0.005 0.307 0.0 0.10612244898 55 245 76
152 9 -106.111747004 223.631058957 0.005 0.703 0.0689655172414 0.0405904059041 29 271 76
153 15 -197.836380116 407.080325182 0.005 0.109 nan 0.343333333333 0 300 76
154 3 -155.77038782 322.948340589 0.005 0.406 0.0 0.0327868852459 117 183 76
155 0 -149.621697012 310.650958973 0.005 0.406 0.0 0.0660377358491 88 212 76
157 8 -174.237640444 359.882845837 0.005 0.208 0.0 0.21843003413 7 293 76
158 9 -94.6070706729 200.621706295 0.005 1.0 0.0 0.0 66 234 76
159 15 -142.601963269 296.611491488 0.005 0.406 0.010989010989 0.0478468899522 91 209 76
160 29 -152.450478108 316.308521165 0.005 0.307 0.0 0.11583011583 41 259 76
161 4 -117.451211106 246.309987162 0.005 0.901 0.0 0.00462962962963 84 216 76
162 19 -191.72789879 394.863362529 0.005 0.109 nan 0.323333333333 0 300 76
163 3 -158.955276432 329.318117813 0.005 0.208 0.0227272727273 0.15234375 44 256 76
164 2 -158.459371504 328.326307956 0.005 0.208 0.0 0.174904942966 37 263 76
165 12 -174.553272299 360.514109548 0.005 0.109 nan 0.256666666667 0 300 76
166 1 -157.882906958 327.173378865 0.005 0.208 0.0 0.122448979592 55 245 76
168 37 -150.161693659 311.730952266 0.005 0.208 0.0 0.167808219178 8 292 76
170 12 -134.550626495 280.508817939 0.005 0.604 0.0 0.0 97 203 76
171 5 -119.289349824 249.986264597 0.005 0.901 0.0 0.0 91 209 76
172 9 -129.80323973 271.014044409 0.005 0.505 0.0 0.034188034188 66 234 76
173 5 -133.020868842 277.449302633 0.005 0.505 0.0120481927711 0.036866359447 83 217 76
174 1 -150.362375978 312.132316906 0.005 0.307 0.0212765957447 0.098814229249 47 253 76
175 12 -134.277450136 279.962465221 0.005 0.505 0.0 0.0318181818182 80 220 76
176 21 -175.092901604 361.593368157 0.005 0.109 nan 0.266666666667 0 300 76
177 40 -206.064976216 423.537517381 0.005 0.01 nan 0.4 0 300 76
178 8 -156.533905642 324.475376234 0.005 0.505 0.0 0.0162162162162 115 185 76
179 4 -153.42174407 318.25105309 0.005 0.307 0.0 0.0971659919028 53 247 76
180 8 -168.958922527 349.325410004 0.005 0.208 nan 0.226666666667 0 300 76
181 4 -182.094600938 375.596766825 0.005 0.109 1.0 0.270903010033 1 299 76
183 5 -106.357862663 224.123290275 0.005 0.604 0.0 0.0373134328358 32 268 76
184 3 -177.82629712 367.06015919 0.005 0.109 0.0384615384615 0.244525547445 26 274 76
185 7 -151.294428234 313.996421418 0.005 0.307 0.0 0.128 50 250 76
186 11 -144.579268056 300.566101061 0.005 0.505 0.0 0.015625 108 192 76
187 8 -125.159059306 261.72568356 0.005 0.505 0.0 0.0413223140496 58 242 76
188 20 -174.61322239 360.634009729 0.005 0.208 0.0 0.146788990826 82 218 76
189 3 -170.338201965 352.08396888 0.005 0.208 0.0333333333333 0.203703703704 30 270 76
190 32 -193.191035231 397.789635411 0.015 0.109 nan 0.35 0 300 76
192 7 -106.658668127 224.724901204 0.005 0.604 0.0 0.047619047619 27 273 76
193 2 -120.453578738 252.314722426 0.005 0.604 0.0 0.0323886639676 53 247 76
194 9 -117.143326571 245.694218091 0.005 0.802 0.0 0.0 87 213 76
195 9 -139.100506985 289.60857892 0.005 0.703 0.0 0.00523560209424 109 191 76
196 0 -156.517675445 324.44291584 0.005 0.208 nan 0.213333333333 0 300 76
197 23 -165.402066866 342.211698682 0.005 0.208 nan 0.223333333333 0 300 76
198 8 -105.915831081 223.239227112 0.005 0.901 0.0 0.0121457489879 53 247 76
199 11 -125.245957937 261.899480824 0.005 0.604 0.0 0.0181818181818 80 220 76
200 22 -78.7054605445 168.818486038 0.005 1.0 0.0 0.00392156862745 45 255 76
202 17 -189.28128193 389.97012881 0.005 0.109 0.047619047619 0.293906810036 21 279 76
203 7 -142.143764657 295.695094264 0.005 0.604 0.0 0.00529100529101 111 189 76
204 22 -150.541782265 312.49112948 0.005 0.505 0.0 0.0263157894737 110 190 76
206 32 -149.668339767 310.744244483 0.005 0.505 0.0 0.0106382978723 112 188 76
207 6 -126.790132284 264.987829518 0.005 0.406 0.153846153846 0.0975609756098 13 287 76
208 34 -160.635431593 332.678428135 0.005 0.208 0.0 0.187919463087 2 298 76
212 1 -153.665618592 318.738802133 0.005 0.406 0.0 0.0331753554502 89 211 76
213 18 -204.455708365 420.318981678 0.105 0.109 0.5 0.407407407407 30 270 76
215 8 -130.00279759 271.413160129 0.005 0.505 0.0 0.0297872340426 65 235 76
216 1 -133.153890648 277.715346244 0.005 0.703 0.0 0.00970873786408 94 206 76
217 16 -181.584808076 374.577181101 0.005 0.109 nan 0.263333333333 0 300 76
218 3 -180.119405395 371.646375739 0.005 0.208 0.0 0.148837209302 85 215 76
220 26 -114.967986913 241.343538775 0.005 0.604 0.0 0.0292887029289 61 239 76
221 3 -143.291161789 297.989888528 0.005 0.406 0.0 0.0524017467249 71 229 76
223 15 -138.620399636 288.648364222 0.005 0.604 0.0 0.00510204081633 104 196 76
225 4 -140.84446057 293.096486089 0.005 0.307 0.0 0.0714285714286 48 252 76
226 22 -191.191220716 393.790006382 0.005 0.208 0.0 0.0375939849624 167 133 76
227 39 -143.509013437 298.425591824 0.005 0.307 0.0 0.114186851211 11 289 76
228 12 -142.061214626 295.529994201 0.005 0.604 0.0 0.0 119 181 76
229 16 -148.682934143 308.773433236 0.005 0.208 0.2 0.183050847458 5 295 76
230 8 -155.437206598 322.281978146 0.005 0.406 0.0 0.0110497237569 119 181 76
231 40 -147.755977807 306.919520563 0.005 0.406 0.0 0.0645161290323 52 248 76
232 7 -145.030036321 301.467637592 0.005 0.406 0.0 0.0480769230769 92 208 76
234 8 -145.016308358 301.440181665 0.005 0.406 0.015625 0.0593220338983 64 236 76
235 11 -152.480063174 316.367691297 0.005 0.208 0.0 0.164835164835 27 273 76
236 12 -165.367958388 342.143481726 0.005 0.208 0.0 0.211805555556 12 288 76
237 3 -183.602775353 378.613115655 0.005 0.208 0.0 0.0965909090909 124 176 76
238 25 -168.390730148 348.189025246 0.005 0.208 0.0 0.133891213389 61 239 76
240 3 -149.424792128 310.257149205 0.005 0.406 0.0 0.0571428571429 90 210 76
241 4 -168.258328452 347.924221853 0.005 0.208 0.0769230769231 0.198606271777 13 287 76
242 7 -165.651491828 342.710548604 0.005 0.307 0.0 0.0280898876404 122 178 76
243 13 -155.409987311 322.227539572 0.005 0.208 0.166666666667 0.19387755102 6 294 76
244 28 -179.600264968 370.608094885 0.005 0.109 nan 0.29 0 300 76
245 9 -171.274079093 353.955723135 0.005 0.208 0.0 0.168032786885 56 244 76
247 15 -177.398391302 366.204347553 0.005 0.208 0.0 0.105263157895 110 190 76
248 35 -186.507546215 384.422657379 0.005 0.109 0.0 0.297658862876 1 299 76
253 4 -147.595204371 306.597973692 0.005 0.307 0.0 0.0995850622407 59 241 76
256 10 -123.223026653 257.853618255 0.005 0.505 0.0 0.0214592274678 67 233 76
257 24 -175.745881957 362.899328863 0.005 0.307 0.00833333333333 0.0444444444444 120 180 76
258 8 -120.850641512 253.108847974 0.005 0.604 0.0 0.032 50 250 76
259 14 -182.180928776 375.769422501 0.005 0.307 0.0 0.00584795321637 129 171 76
260 13 -161.094844457 333.597253864 0.005 0.307 0.0 0.048128342246 113 187 76
261 7 -184.245508871 379.898582692 0.005 0.109 nan 0.306666666667 0 300 76
262 11 -144.987448984 301.382462918 0.005 0.406 0.0 0.0704225352113 87 213 76
263 8 -143.813434777 299.034434503 0.005 0.505 0.0 0.0247524752475 98 202 76
264 3 -114.923233081 241.254031112 0.005 0.406 0.0 0.0669144981413 31 269 76
1519 17 -147.515697463 306.438959874 0.005 0.307 0.0 0.0943396226415 35 265 76
1520 4 -128.559927305 268.527419559 0.005 0.802 0.0 0.0 100 200 76
1521 17 -149.805902446 311.019369842 0.005 0.406 0.0 0.0598290598291 66 234 76
1523 14 -174.136306955 359.68017886 0.005 0.109 nan 0.24 0 300 76
1524 11 -141.04058025 293.48872545 0.005 0.307 0.0322580645161 0.0966542750929 31 269 76
1525 12 -183.112782605 377.633130159 0.005 0.109 nan 0.28 0 300 76
1526 11 -138.991216116 289.389997182 0.005 0.307 0.0 0.0941176470588 45 255 76
1527 15 -114.284719322 239.977003594 0.005 0.406 0.0526315789474 0.0640569395018 19 281 76
1528 2 -173.867219578 359.142004105 0.005 0.109 nan 0.246666666667 0 300 76
1529 2 -156.885839397 325.179243743 0.005 0.307 0.0 0.0973451327434 74 226 76
1530 15 -125.450458538 262.308482026 0.005 0.901 0.0 0.0 105 195 76
1531 10 -155.299691332 322.006947613 0.005 0.406 0.0 0.0220994475138 119 181 76
1532 15 -157.401388126 326.210341202 0.005 0.208 0.0625 0.197183098592 16 284 76
1533 22 -121.511587011 254.430738972 0.005 0.505 0.0 0.0460251046025 61 239 76
1534 19 -175.794049098 362.995663145 0.005 0.109 nan 0.256666666667 0 300 76
1535 15 -165.386110693 342.179786335 0.005 0.208 0.105263157895 0.160142348754 19 281 76
1536 5 -134.490144845 280.38785464 0.005 0.406 0.0 0.0846153846154 40 260 77
1537 12 -97.8236414709 207.054847891 0.005 1.0 0.0 0.0 72 228 77
1538 32 -155.278501956 321.964568862 0.005 0.505 0.0 0.0224719101124 122 178 77
1539 24 -150.811488274 313.030541498 0.005 0.406 0.0 0.0271739130435 116 184 77
1540 8 -148.634702345 308.676969639 0.005 0.208 0.0909090909091 0.18339100346 11 289 77
1541 11 -151.26092148 313.929407909 0.005 0.307 0.0227272727273 0.10546875 44 256 77
1542 7 -134.52004145 280.447647849 0.005 0.604 0.0 0.00975609756098 95 205 77
1543 7 -116.922478387 245.252521723 0.005 0.703 0.0 0.00896860986547 77 223 77
1544 13 -107.919338872 227.246242693 0.005 0.505 0.0 0.0609318996416 21 279 77
1545 25 -164.652576933 340.712718816 0.005 0.307 0.0 0.0520833333333 108 192 77
1546 12 -177.300007336 366.007579622 0.005 0.307 0.0 0.0125786163522 141 159 77
1547 23 -207.206051084 425.819667117 0.005 0.01 nan 0.46 0 300 77
1549 27 -144.438547482 300.284659913 0.005 0.307 0.0 0.0836653386454 49 251 77
1550 4 -157.788324187 326.984213323 0.005 0.208 0.0 0.158671586716 29 271 77
1553 11 -143.941768588 299.291102125 0.005 0.307 0.0 0.107279693487 39 261 77
140 11 -161.128525619 333.664616188 0.005 0.307 0.0 0.0825688073394 82 218 77
141 4 -126.327597064 264.062759077 0.005 0.406 0.0 0.0564516129032 52 248 77
142 10 -128.171663654 267.750892257 0.005 0.505 0.0151515151515 0.042735042735 66 234 77
143 21 -196.844415278 405.096395506 0.045 0.109 0.4 0.365517241379 10 290 77
144 16 -133.175742087 277.759049123 0.005 0.505 0.0 0.0663716814159 74 226 77
145 10 -172.805930899 357.019426748 0.005 0.208 0.0142857142857 0.14347826087 70 230 77
146 24 -159.636700271 330.680965491 0.005 0.208 0.0 0.192307692308 14 286 77
147 11 -184.309009548 380.025584045 0.005 0.208 0.0 0.0701754385965 129 171 77
148 3 -173.772461681 358.952488312 0.005 0.208 0.0909090909091 0.208633093525 22 278 77
149 5 -124.992077088 261.391719126 0.005 0.307 nan 0.146666666667 0 300 77
150 25 -138.312861778 288.033288506 0.005 0.307 1.0 0.137123745819 1 299 77
151 21 -134.228560611 279.86468617 0.005 0.406 0.0208333333333 0.0714285714286 48 252 77
152 9 -119.819799691 251.047164331 0.005 0.901 0.0 0.0 84 216 77
153 15 -179.916861531 371.241288011 0.005 0.109 nan 0.286666666667 0 300 77
154 3 -166.839750693 345.087066335 0.01 0.208 0.5 0.238255033557 2 298 77
155 0 -118.863822641 249.13521023 0.005 0.406 0.157894736842 0.0782918149466 19 281 77
157 8 -181.096422231 373.600409411 0.005 0.109 nan 0.283333333333 0 300 77
158 9 -176.941654851 365.290874652 0.005 0.307 0.00793650793651 0.0632183908046 126 174 77
159 15 -137.408845712 286.225256374 0.005 0.604 0.0 0.0272727272727 80 220 77
160 29 -93.8008937411 199.009352432 0.005 1.0 0.0 0.0 63 237 77
161 4 -126.013035171 263.433635291 0.005 0.505 0.0 0.052 50 250 77
162 19 -203.09502146 417.597607869 0.08 0.109 0.409090909091 0.395683453237 22 278 77
163 3 -163.995060928 339.397686805 0.005 0.208 nan 0.22 0 300 77
164 2 -141.267712937 293.942990823 0.005 0.505 0.0 0.0182648401826 81 219 77
165 12 -174.483123955 360.37381286 0.005 0.109 nan 0.26 0 300 77
166 1 -133.884684168 279.176933286 0.005 0.604 0.0 0.0238095238095 90 210 77
168 37 -157.624348547 326.656262044 0.005 0.208 0.0 0.138461538462 40 260 77
170 12 -131.064769679 273.537104307 0.005 0.307 0.0 0.100694444444 12 288 77
171 5 -135.911116533 283.229798014 0.005 0.604 0.0 0.00995024875622 99 201 77
172 9 -117.54542225 246.498409449 0.005 1.0 0.0 0.0 89 211 77
173 5 -98.1130729135 207.633710776 0.005 0.703 0.0 0.0277777777778 48 252 77
174 1 -156.843953454 325.095471858 0.005 0.208 0.0 0.184563758389 2 298 77
175 12 -148.508712319 308.424989587 0.005 0.505 0.0 0.0301507537688 101 199 77
176 21 -171.527541733 354.462648415 0.005 0.109 0.333333333333 0.232323232323 3 297 77
177 40 -205.221271685 421.85010832 0.135 0.109 0.361111111111 0.416666666667 36 264 77
178 8 -144.631458535 300.670482018 0.005 0.307 0.0 0.09765625 44 256 77
179 4 -147.531148138 306.469861226 0.005 0.208 0.25 0.155405405405 4 296 77
180 8 -149.944357081 311.296279111 0.005 0.208 nan 0.186666666667 0 300 77
181 4 -148.776264367 308.960093683 0.005 0.505 0.0 0.0111731843575 121 179 77
183 5 -136.339428335 284.086421618 0.005 0.604 0.0 0.0 107 193 77
184 3 -168.688798088 348.785161125 0.005 0.208 0.08 0.156363636364 25 275 77
185 7 -137.585074742 286.577714433 0.005 0.505 0.0 0.030701754386 72 228 77
186 11 -102.971228549 217.350022047 0.005 0.604 0.0 0.043321299639 23 277 77
187 8 -148.615532024 308.638628997 0.005 0.505 0.0 0.0243902439024 95 205 77
188 20 -177.245287213 365.898139375 0.005 0.109 nan 0.216666666667 0 300 77
189 3 -108.87484552 229.15725599 0.005 0.604 0.0 0.0284552845528 54 246 77
190 32 -197.495879504 406.399323957 0.04 0.109 1.0 0.375838926174 2 298 77
192 7 -161.468548915 334.34466278 0.005 0.208 1.0 0.214046822742 1 299 77
193 2 -150.149880862 311.707326674 0.005 0.307 0.0 0.102127659574 65 235 77
194 9 -132.144341697 275.696248344 0.005 0.703 0.0 0.00502512562814 101 199 77
195 9 -169.559265068 350.526095086 0.01 0.208 nan 0.253333333333 0 300 77
196 0 -125.120927646 261.64942024 0.005 0.406 0.0 0.0736434108527 42 258 77
197 23 -156.979889514 325.367343978 0.005 0.307 0.0 0.0984251968504 46 254 77
198 8 -121.887962743 255.183490435 0.005 0.703 0.0 0.0093896713615 87 213 77
199 11 -118.165978796 247.739522542 0.005 0.505 0.0 0.0416666666667 36 264 77
200 22 -146.178855506 303.765275962 0.005 0.307 0.0 0.0798319327731 62 238 77
202 17 -186.250994536 383.909554021 0.005 0.109 0.0 0.269230769231 40 260 77
203 7 -161.26252008 333.93260511 0.005 0.307 0.031746031746 0.101265822785 63 237 77
204 22 -156.905386718 325.218338384 0.005 0.307 0.0144927536232 0.0952380952381 69 231 77
206 32 -158.908800302 329.225165554 0.005 0.307 0.0 0.0294117647059 96 204 77
207 6 -127.19289356 265.79335207 0.005 0.505 0.015873015873 0.042194092827 63 237 77
208 34 -149.432051302 310.271667553 0.005 0.604 0.0 0.0 122 178 77
212 1 -145.751083888 302.909732726 0.005 0.307 0.0 0.143835616438 8 292 77
213 18 -208.140473986 427.688512921 0.205 0.01 0.653846153846 0.525547445255 26 274 77
215 8 -145.177122679 301.761810306 0.005 0.406 0.0 0.056338028169 87 213 77
216 1 -126.117095665 263.641756279 0.005 0.406 0.0 0.0736434108527 42 258 77
217 16 -157.238192205 325.88394936 0.005 0.208 0.5 0.208053691275 2 298 77
218 3 -159.476916602 330.361398154 0.005 0.307 0.0 0.117647058824 45 255 77
220 26 -183.287349774 377.982264497 0.005 0.307 0.0 0.0397350993377 149 151 77
221 3 -158.315002139 328.037569227 0.005 0.406 0.0 0.00588235294118 130 170 77
223 15 -139.026989454 289.461543858 0.005 0.604 0.0 0.0 107 193 77
225 4 -128.143276853 267.694118656 0.005 0.406 0.0222222222222 0.0509803921569 45 255 77
226 22 -161.818704554 335.044974057 0.005 0.208 nan 0.23 0 300 77
227 39 -152.367174584 316.141914118 0.005 0.406 0.0 0.0414746543779 83 217 77
228 12 -149.71562511 310.838815169 0.005 0.307 0.0128205128205 0.0900900900901 78 222 77
229 16 -137.279521963 285.966608874 0.005 0.406 0.0294117647059 0.0864661654135 34 266 77
230 8 -149.483377569 310.374320088 0.005 0.505 0.0 0.0151515151515 102 198 77
231 40 -141.351593424 294.110751797 0.005 0.307 0.0 0.0925925925926 30 270 77
232 7 -162.572047856 336.551660662 0.005 0.208 0.0 0.15953307393 43 257 77
234 8 -154.34724108 320.10204711 0.005 0.307 0.0422535211268 0.0786026200873 71 229 77
235 11 -129.138814447 269.685193844 0.005 0.406 0.0 0.0689655172414 39 261 77
236 12 -132.497837225 276.4032394 0.005 0.505 0.0 0.030701754386 72 228 77
237 3 -135.078172068 281.563909086 0.005 0.604 0.0 0.0231481481481 84 216 77
238 25 -174.144924668 359.697414285 0.005 0.109 0.25 0.233108108108 4 296 77
240 3 -139.62287491 290.653314769 0.005 0.406 0.0 0.0811965811966 66 234 77
241 4 -137.89328634 287.194137629 0.005 0.307 0.0 0.0950704225352 16 284 77
242 7 -127.169763285 265.747091519 0.005 0.505 0.0 0.047619047619 69 231 77
243 13 -149.979351268 311.366267486 0.005 0.307 0.0 0.0704225352113 87 213 77
244 28 -174.291251227 359.990067402 0.005 0.208 0.2 0.213559322034 5 295 77
245 9 -171.218516223 353.844597395 0.005 0.109 nan 0.246666666667 0 300 77
247 15 -111.041528825 233.490622599 0.005 1.0 0.0 0.0 83 217 77
248 35 -173.014898043 357.437361036 0.005 0.109 0.0 0.236486486486 4 296 77
253 4 -145.085719429 301.579003807 0.005 0.307 0.0 0.0862068965517 68 232 77
256 10 -120.6342567 252.67607835 0.005 0.406 0.030303030303 0.0711610486891 33 267 77
257 24 -121.83868591 255.084936769 0.005 0.802 0.0 0.0136363636364 80 220 77
258 8 -177.127529426 365.662623801 0.005 0.109 nan 0.276666666667 0 300 77
259 14 -151.652064248 314.711693445 0.005 0.307 0.130434782609 0.129963898917 23 277 77
260 13 -145.810255098 303.028075145 0.005 0.307 0.0 0.12109375 44 256 77
261 7 -185.361249961 382.130064871 0.005 0.109 nan 0.286666666667 0 300 77
262 11 -153.89229614 319.192157229 0.005 0.307 0.0 0.045 100 200 77
263 8 -174.075862094 359.559289137 0.005 0.208 0.0 0.1 110 190 77
264 3 -122.349964678 256.107494305 0.005 0.703 0.0 0.0048309178744 93 207 77
1519 17 -171.202966849 353.813498647 0.005 0.109 nan 0.25 0 300 77
1520 4 -142.440980164 296.289525277 0.005 0.505 0.0 0.0322580645161 83 217 77
1521 17 -149.975068775 311.357702499 0.005 0.307 0.0 0.112359550562 33 267 77
1523 14 -187.559449273 386.526463495 0.005 0.109 nan 0.313333333333 0 300 77
1524 11 -116.249270418 243.906105784 0.005 0.703 0.0 0.0202429149798 53 247 77
1525 12 -164.043839497 339.495243944 0.005 0.406 0.0 0.0167597765363 121 179 77
1526 11 -135.540397219 282.488359387 0.005 0.703 0.0 0.0 108 192 77
1527 15 -153.241704848 317.890974646 0.005 0.208 0.047619047619 0.168458781362 21 279 77
1528 2 -174.398294585 360.204154119 0.005 0.208 0.0 0.0957446808511 112 188 77
1529 2 -139.474476794 290.356518537 0.005 0.505 0.0 0.0366972477064 82 218 77
1530 15 -109.043538862 229.494642673 0.005 1.0 0.0 0.00438596491228 72 228 77
1531 10 -92.3236467875 196.054858524 0.005 0.802 0.0 0.0189393939394 36 264 77
1532 15 -143.355757078 298.119079104 0.005 0.307 0.0 0.123636363636 25 275 77
1533 22 -122.036675884 255.480916717 0.005 0.505 0.0 0.0291666666667 60 240 77
1534 19 -165.433677887 342.274920723 0.01 0.208 0.2 0.230508474576 5 295 77
1535 15 -151.786213823 314.979992595 0.005 0.505 0.0 0.015625 108 192 77
1536 5 -158.284673676 327.976912301 0.005 0.208 0.166666666667 0.207482993197 6 294 78
1537 12 -158.760452934 328.928470817 0.005 0.307 0.0 0.103139013453 77 223 78
1538 32 -180.168591153 371.744747255 0.005 0.109 nan 0.276666666667 0 300 78
1539 24 -145.172721208 301.753007366 0.005 0.307 0.0 0.116541353383 34 266 78
1540 8 -153.395633152 318.198831254 0.005 0.208 0.0588235294118 0.16961130742 17 283 78
1541 11 -158.101733268 327.611031485 0.005 0.208 0.0 0.125 36 264 78
1542 7 -175.657522293 362.722609535 0.005 0.208 0.0 0.176991150442 74 226 78
1543 7 -145.379925158 302.167415265 0.005 0.406 0.0 0.0568720379147 89 211 78
1544 13 -168.223963715 347.855492379 0.005 0.307 0.0 0.0350877192982 129 171 78
1545 25 -146.668656285 304.744877518 0.005 0.307 0.0322580645161 0.133828996283 31 269 78
1546 12 -116.76735865 244.942282249 0.005 0.802 0.0 0.0133928571429 76 224 78
1547 23 -204.001797726 419.411160402 0.15 0.109 0.4375 0.414179104478 32 268 78
1549 27 -151.884347165 315.176259279 0.005 0.307 0.0 0.0633484162896 79 221 78
1550 4 -142.875014065 297.157593079 0.005 0.307 0.0 0.071129707113 61 239 78
1553 11 -102.480986958 216.369538866 0.005 1.0 0.0 0.0153256704981 39 261 78
140 11 -122.319640566 256.046846081 0.005 0.703 0.0243902439024 0.0137614678899 82 218 78
141 4 -126.714328171 264.836221291 0.005 0.703 0.0 0.0 102 198 78
142 10 -148.457383962 308.322332873 0.005 0.307 0.0 0.108225108225 69 231 78
143 21 -185.671567641 382.750700232 0.005 0.109 nan 0.31 0 300 78
144 16 -139.603231602 290.614028153 0.005 0.604 0.0 0.0 88 212 78
145 10 -122.893071806 257.193708561 0.005 0.703 0.0 0.0137614678899 82 218 78
146 24 -166.021587454 343.450739858 0.005 0.208 0.0147058823529 0.133620689655 68 232 78
147 11 -161.411725531 334.231016011 0.005 0.208 0.1 0.210344827586 10 290 78
148 3 -162.512262682 336.432090314 0.005 0.208 0.0714285714286 0.202797202797 14 286 78
149 5 -121.877405321 255.162375592 0.005 0.703 0.0 0.0 95 205 78
150 25 -149.868265245 311.14409544 0.005 0.307 0.0 0.0913043478261 70 230 78
151 21 -150.048086397 311.503737743 0.005 0.505 0.0 0.0163043478261 116 184 78
152 9 -133.396763219 278.201091387 0.005 0.604 0.0 0.0276497695853 83 217 78
153 15 -195.966609574 403.340784096 0.01 0.109 nan 0.346666666667 0 300 78
154 3 -173.872363861 359.152292672 0.005 0.109 nan 0.246666666667 0 300 78
155 0 -136.496064028 284.399693005 0.005 0.406 0.0 0.0557939914163 67 233 78
157 8 -172.341393609 356.090352167 0.005 0.208 0.0 0.123404255319 65 235 78
158 9 -152.888417012 317.184398972 0.005 0.505 0.0 0.00555555555556 120 180 78
159 15 -140.448335946 292.304236841 0.005 0.406 0.0338983050847 0.0663900414938 59 241 78
160 29 -167.979620102 347.366805153 0.005 0.208 0.0285714285714 0.177358490566 35 265 78
161 4 -145.10283843 301.61324181 0.005 0.307 0.214285714286 0.118881118881 14 286 78
162 19 -185.725033194 382.857631336 0.005 0.109 nan 0.313333333333 0 300 78
163 3 -151.984368558 315.376302065 0.005 0.208 0.285714285714 0.174061433447 7 293 78
164 2 -140.153612065 291.714789078 0.005 0.406 0.0 0.0717299578059 63 237 78
165 12 -152.789668518 316.986901985 0.005 0.208 0.0 0.178451178451 3 297 78
166 1 -160.363502936 332.134570821 0.005 0.208 0.2 0.206779661017 5 295 78
168 37 -162.576367399 336.560299747 0.005 0.208 nan 0.226666666667 0 300 78
170 12 -123.263783678 257.935132305 0.005 0.406 0.0 0.0597014925373 32 268 78
171 5 -134.752458842 280.912482634 0.005 0.406 0.0 0.0614035087719 72 228 78
172 9 -152.893190148 317.193945244 0.005 0.406 0.00990099009901 0.0251256281407 101 199 78
173 5 -116.148306924 243.704178798 0.005 0.901 0.0 0.00873362445415 71 229 78
174 1 -164.557876384 340.523317718 0.005 0.307 0.0 0.0933333333333 75 225 78
175 12 -106.332022071 224.071609092 0.005 0.901 0.0 0.00877192982456 72 228 78
176 21 -167.146783851 345.701132651 0.005 0.208 0.0625 0.214788732394 16 284 78
177 40 -205.187337401 421.782239752 0.05 0.109 0.333333333333 0.393617021277 18 282 78
178 8 -137.58783195 286.58322885 0.005 0.406 0.0 0.0470085470085 66 234 78
179 4 -163.959460981 339.326486911 0.005 0.208 0.0 0.140077821012 43 257 78
180 8 -146.470431864 304.348428677 0.005 0.406 0.0 0.0444444444444 75 225 78
181 4 -186.62752481 384.66261457 0.005 0.109 nan 0.296666666667 0 300 78
183 5 -139.420629225 290.248823399 0.005 0.307 0.0 0.0919117647059 28 272 78
184 3 -161.420731257 334.249027463 0.005 0.208 0.153846153846 0.184668989547 13 287 78
185 7 -136.87179766 285.151160269 0.005 0.604 0.0125 0.0227272727273 80 220 78
186 11 -148.106763326 307.621091601 0.005 0.307 0.0 0.110671936759 47 253 78
187 8 -151.385257543 314.178080034 0.005 0.307 0.0 0.0897435897436 66 234 78
188 20 -171.277444682 353.962454313 0.005 0.208 0.0 0.0985915492958 87 213 78
189 3 -143.976823341 299.361211631 0.005 0.307 0.0 0.0955882352941 28 272 78
190 32 -193.886028537 399.179622024 0.005 0.109 0.111111111111 0.319587628866 9 291 78
192 7 -172.765390724 356.938346398 0.005 0.208 0.333333333333 0.212121212121 3 297 78
193 2 -145.322668788 302.052902524 0.005 0.307 0.0 0.0657894736842 72 228 78
194 9 -138.312707651 288.032980251 0.005 0.505 0.0 0.0324074074074 84 216 78
195 9 -174.934257367 361.276079683 0.005 0.307 0.0 0.0581395348837 128 172 78
196 0 -81.1125589653 173.63268288 0.005 1.0 0.0 0.00392156862745 45 255 78
197 23 -184.627601287 380.662767523 0.005 0.109 0.0 0.213483146067 33 267 78
198 8 -113.68939431 238.786353569 0.005 0.901 0.0 0.00888888888889 75 225 78
199 11 -154.87749222 321.162549389 0.005 0.505 0.0 0.0155440414508 107 193 78
200 22 -148.762375961 308.932316871 0.005 0.208 nan 0.186666666667 0 300 78
202 17 -176.783955264 364.975475477 0.005 0.109 nan 0.226666666667 0 300 78
203 7 -149.501006908 310.409578766 0.005 0.406 0.0192307692308 0.0408163265306 104 196 78
204 22 -107.85111077 227.10978649 0.005 0.604 0.0 0.0240963855422 51 249 78
206 32 -142.48126901 296.37010297 0.005 0.505 0.0 0.0372093023256 85 215 78
207 6 -144.293335547 299.994236044 0.005 0.307 0.0 0.0826446280992 58 242 78
208 34 -152.628073863 316.663712676 0.005 0.307 0.0 0.0717703349282 91 209 78
212 1 -172.985107267 357.377779483 0.005 0.307 0.0 0.0511363636364 124 176 78
213 18 -207.547256577 426.502078104 0.005 0.01 nan 0.473333333333 0 300 78
215 8 -172.795089284 356.997743516 0.005 0.208 0.0210526315789 0.10243902439 95 205 78
216 1 -176.108334046 363.624233042 0.005 0.307 0.0 0.0114285714286 125 175 78
217 16 -123.150250454 257.708065857 0.005 0.604 0.0 0.0137614678899 82 218 78
218 3 -162.514714353 336.436993656 0.005 0.406 0.0 0.0120481927711 134 166 78
220 26 -101.299759013 214.007082975 0.005 0.505 0.0 0.0498220640569 19 281 78
221 3 -169.765249877 350.938064703 0.005 0.208 0.0952380952381 0.21146953405 21 279 78
223 15 -138.176970206 287.761505361 0.005 0.604 0.0 0.0 103 197 78
225 4 -163.616880326 338.641325601 0.005 0.307 0.0 0.0684210526316 110 190 78
