1536 5 -165.262945115 341.933455179 0.005 0.208 0.0 0.230508474576 5 295 66
1537 12 -124.718554812 260.844674573 0.005 0.802 0.0 0.0 97 203 66
1538 32 -139.857224514 291.122013976 0.005 0.307 0.0 0.0629921259843 46 254 66
1539 24 -117.200987233 245.809539416 0.005 0.901 0.0 0.0 84 216 66
1540 8 -153.731285604 318.870136157 0.005 0.307 0.0 0.0748898678414 73 227 66
1541 11 -168.475787002 348.359138954 0.005 0.208 0.0 0.152892561983 58 242 66
1542 7 -168.129797122 347.667159194 0.005 0.208 0.0 0.152892561983 58 242 66
1543 7 -192.736629539 396.880824027 0.005 0.208 0.0 0.0 174 126 66
1544 13 -147.231874203 305.871313354 0.005 0.208 nan 0.18 0 300 66
1545 25 -166.861617056 345.13079906 0.005 0.208 0.0 0.129166666667 60 240 66
1546 12 -104.564223595 220.536012139 0.005 1.0 0.0 0.00840336134454 62 238 66
1547 23 -206.407667394 424.222899736 0.205 0.109 0.444444444444 0.439215686275 45 255 66
1549 27 -129.4391394 270.285843749 0.005 0.703 0.0 0.0 90 210 66
1550 4 -127.703225347 266.814015642 0.005 0.505 0.0 0.034632034632 69 231 66
1553 11 -175.33556171 362.07868837 0.005 0.208 0.0 0.21897810219 26 274 66
140 11 -111.897057265 235.20167948 0.005 0.802 0.0 0.00448430493274 77 223 66
141 4 -89.4836338628 190.374832675 0.005 1.0 0.0 0.0 56 244 66
142 10 -123.056526299 257.520617548 0.005 0.604 0.0 0.0227272727273 80 220 66
143 21 -182.150305245 375.708175439 0.005 0.109 0.0285714285714 0.22641509434 35 265 66
144 16 -119.143910018 249.695384985 0.005 0.604 0.0 0.0403225806452 52 248 66
145 10 -159.886908719 331.181382387 0.005 0.505 0.0 0.00552486187845 119 181 66
146 24 -152.727221066 316.862007081 0.005 0.307 0.015625 0.110169491525 64 236 66
147 11 -157.058178744 325.523922438 0.005 0.307 0.0 0.0783410138249 83 217 66
148 3 -165.917895026 343.243355 0.005 0.208 0.0222222222222 0.160784313725 45 255 66
149 5 -167.027295693 345.462156335 0.005 0.307 0.0 0.0471204188482 109 191 66
150 25 -139.027041426 289.4616478 0.005 0.307 0.0 0.106463878327 37 263 66
151 21 -104.751763189 220.911091327 0.005 1.0 0.0131578947368 0.00446428571429 76 224 66
152 9 -103.627007134 218.661579218 0.005 0.604 0.0540540540541 0.0380228136882 37 263 66
153 15 -188.213290093 387.834145135 0.01 0.109 nan 0.323333333333 0 300 66
154 3 -161.906904969 335.221374886 0.005 0.208 0.025 0.165384615385 40 260 66
155 0 -133.447460922 278.302486794 0.005 0.307 nan 0.14 0 300 66
157 8 -167.845828543 347.099222034 0.005 0.208 0.0769230769231 0.219512195122 13 287 66
158 9 -147.280005751 305.967576451 0.005 0.505 0.0 0.0260416666667 108 192 66
159 15 -178.376569671 368.160704291 0.005 0.208 0.0 0.130208333333 108 192 66
160 29 -159.10461094 329.616786829 0.005 0.208 0.0 0.1375 60 240 66
161 4 -109.492153859 230.391872668 0.005 0.901 0.0 0.00862068965517 68 232 66
162 19 -191.668130973 394.743826895 0.005 0.109 nan 0.33 0 300 66
163 3 -136.071687402 283.550939753 0.005 0.307 0.0 0.0875912408759 26 274 66
164 2 -168.700975097 348.809515142 0.005 0.208 0.0434782608696 0.198555956679 23 277 66
165 12 -169.341489918 350.090544786 0.005 0.208 0.05 0.173076923077 40 260 66
166 1 -162.484426782 336.376418513 0.005 0.208 0.0 0.153846153846 14 286 66
168 37 -126.885389778 265.178344505 0.005 0.406 0.0 0.0555555555556 48 252 66
170 12 -156.373543299 324.154651548 0.005 0.208 0.1 0.186206896552 10 290 66
171 5 -132.526338388 276.460241726 0.005 0.604 0.0 0.0188679245283 88 212 66
172 9 -134.518109504 280.443783958 0.005 0.505 0.0 0.0196078431373 96 204 66
173 5 -165.963274164 343.334113278 0.005 0.307 0.0 0.0653266331658 101 199 66
174 1 -156.799763089 325.007091127 0.005 0.307 0.0 0.0780487804878 95 205 66
175 12 -160.464745729 332.337056407 0.005 0.406 0.0 0.00526315789474 110 190 66
176 21 -177.526893346 366.461351641 0.005 0.109 0.2 0.250847457627 5 295 66
177 40 -194.289426362 399.986417672 0.135 0.208 0.470588235294 0.357142857143 34 266 66
178 8 -146.601036389 304.609637728 0.005 0.505 0.0 0.0 114 186 66
179 4 -180.711069266 372.829703482 0.005 0.109 nan 0.28 0 300 66
180 8 -155.610427578 322.628420106 0.005 0.208 0.0 0.165413533835 34 266 66
181 4 -171.18586319 353.77929133 0.02 0.208 0.142857142857 0.262237762238 14 286 66
183 5 -168.080605102 347.568775154 0.005 0.208 nan 0.22 0 300 66
184 3 -153.031310289 317.470185526 0.005 0.307 0.0 0.0898876404494 33 267 66
185 7 -149.51337948 310.43432391 0.005 0.406 0.0 0.0390243902439 95 205 66
186 11 -139.126872226 289.661309402 0.005 0.307 0.0 0.132841328413 29 271 66
187 8 -143.768871368 298.945307686 0.005 0.208 nan 0.183333333333 0 300 66
188 20 -136.70466962 284.816904189 0.005 0.604 0.0 0.0143540669856 91 209 66
189 3 -178.129530479 367.666625908 0.005 0.109 0.0909090909091 0.23875432526 11 289 66
190 32 -196.736470316 404.880505582 0.005 0.109 nan 0.346666666667 0 300 66
192 7 -156.966852497 325.341269944 0.005 0.208 0.0 0.118644067797 64 236 66
193 2 -135.74827267 282.904110289 0.005 0.505 0.0 0.0401785714286 76 224 66
194 9 -147.57562824 306.558821428 0.005 0.406 0.0 0.0577777777778 75 225 66
195 9 -84.055002025 179.517568999 0.005 1.0 0.0 0.0112781954887 34 266 66
196 0 -137.808507568 287.024580085 0.005 0.307 0.0833333333333 0.118055555556 12 288 66
197 23 -177.892602686 367.192770322 0.005 0.109 nan 0.27 0 300 66
198 8 -175.238576975 361.884718899 0.005 0.307 0.0 0.0 156 144 66
199 11 -152.931403888 317.270372726 0.005 0.208 0.0 0.14606741573 33 267 66
200 22 -112.904142887 237.215850723 0.005 0.802 0.0 0.0131578947368 72 228 66
202 17 -156.264266485 323.936097919 0.005 0.307 0.0 0.0627802690583 77 223 66
203 7 -151.531835909 314.471236768 0.005 0.406 0.0 0.021978021978 118 182 66
204 22 -141.832316636 295.072198222 0.005 0.307 0.0 0.111913357401 23 277 66
206 32 -161.194877525 333.79732 0.005 0.406 0.0 0.037558685446 87 213 66
207 6 -126.906869784 265.221304518 0.005 0.703 0.0 0.0142857142857 90 210 66
208 34 -159.185443895 329.77845274 0.005 0.208 0.0 0.159259259259 30 270 66
212 1 -115.316390796 242.040346542 0.005 0.505 0.0 0.044 50 250 66
213 18 -207.560614403 426.528793756 0.005 0.01 nan 0.473333333333 0 300 66
215 8 -149.304535345 310.01663564 0.005 0.307 0.0 0.0969162995595 73 227 66
216 1 -140.215635462 291.838835874 0.005 0.307 0.0769230769231 0.142857142857 13 287 66
217 16 -152.686206331 316.779977611 0.005 0.208 nan 0.193333333333 0 300 66
218 3 -163.48972787 338.38702069 0.005 0.406 0.0 0.0236686390533 131 169 66
220 26 -119.479983745 250.367532439 0.005 0.604 0.0 0.00884955752212 74 226 66
221 3 -103.668410107 218.744385162 0.005 0.604 0.0 0.0264150943396 35 265 66
223 15 -164.677340566 340.762246082 0.005 0.406 0.0 0.0114285714286 125 175 66
225 4 -165.770843515 342.94925198 0.005 0.208 nan 0.23 0 300 66
226 22 -157.505612335 326.418789619 0.005 0.208 0.25 0.206081081081 4 296 66
227 39 -159.631905812 330.671376573 0.005 0.307 0.0 0.0443349753695 97 203 66
228 12 -109.526635815 230.46083658 0.005 0.703 0.0169491525424 0.0207468879668 59 241 66
229 16 -164.007853552 339.423272053 0.005 0.208 0.0133333333333 0.124444444444 75 225 66
230 8 -172.95179189 357.311148729 0.005 0.307 0.0 0.0132450331126 149 151 66
231 40 -125.730621342 262.868807634 0.005 0.505 0.0 0.0511811023622 46 254 66
232 7 -173.960874191 359.329313331 0.005 0.208 0.0126582278481 0.14479638009 79 221 66
234 8 -153.795380948 318.998326845 0.005 0.307 0.0 0.0714285714286 76 224 66
235 11 -159.164060638 329.735686224 0.005 0.307 0.0 0.0913242009132 81 219 66
236 12 -151.946611219 315.300787387 0.005 0.307 0.0 0.117021276596 18 282 66
237 3 -140.2749563 291.957477549 0.005 0.307 0.05 0.121428571429 20 280 66
238 25 -131.8986293 275.204823549 0.005 0.406 0.0149253731343 0.0429184549356 67 233 66
240 3 -129.621580489 270.650725928 0.005 0.505 0.0 0.0350877192982 72 228 66
241 4 -115.63975901 242.687082969 0.005 0.703 0.0 0.0241935483871 52 248 66
242 7 -139.549320374 290.506205697 0.005 0.307 0.0 0.11724137931 10 290 66
243 13 -175.292205749 361.991976448 0.005 0.307 0.0 0.0571428571429 125 175 66
244 28 -144.580161438 300.567887825 0.005 0.307 0.0 0.124555160142 19 281 66
245 9 -180.670410035 372.748385019 0.005 0.109 0.5 0.268456375839 2 298 66
247 15 -130.301496828 272.010558606 0.005 0.505 0.0 0.0189573459716 89 211 66
248 35 -175.259831664 361.927228276 0.005 0.109 nan 0.253333333333 0 300 66
253 4 -119.430586952 250.268738854 0.005 0.406 0.0666666666667 0.0962962962963 30 270 66
256 10 -164.819981446 341.047527842 0.005 0.208 0.0204081632653 0.159362549801 49 251 66
257 24 -150.618268028 312.644101006 0.005 0.307 0.0 0.102127659574 65 235 66
258 8 -158.071179219 327.549923387 0.005 0.307 0.0 0.0883720930233 85 215 66
259 14 -130.893203016 273.193970981 0.005 0.505 0.0126582278481 0.0407239819005 79 221 66
260 13 -171.139923009 353.687410968 0.005 0.208 0.0 0.186311787072 37 263 66
261 7 -194.179151546 399.765868041 0.025 0.109 0.222222222222 0.353951890034 9 291 66
262 11 -147.381328785 306.17022252 0.005 0.208 0.25 0.155405405405 4 296 66
263 8 -115.246676202 241.900917353 0.005 0.604 0.0 0.0526315789474 72 228 66
264 3 -141.476223399 294.360011748 0.005 0.406 0.0 0.0442477876106 74 226 66
1519 17 -185.374077455 382.155719859 0.005 0.208 0.0 0.0949720670391 121 179 66
1520 4 -132.312352454 276.032269857 0.005 0.307 1.0 0.147157190635 1 299 66
1521 17 -161.11710416 333.641773269 0.005 0.307 0.0 0.0821256038647 93 207 66
1523 14 -170.690210757 352.787986464 0.005 0.208 0.0 0.232081911263 7 293 66
1524 11 -181.532345247 374.472255444 0.005 0.208 0.0 0.124352331606 107 193 66
1525 12 -178.370541294 368.148647538 0.005 0.208 0.0 0.0989583333333 108 192 66
1526 11 -118.061575665 247.53071628 0.005 0.307 0.0 0.102040816327 6 294 66
1527 15 -158.208821134 327.825207218 0.005 0.208 0.0 0.149606299213 46 254 66
1528 2 -169.846005175 351.0995753 0.005 0.208 0.0 0.187943262411 18 282 66
1529 2 -133.014483031 277.436531012 0.005 0.505 0.0 0.0230414746544 83 217 66
1530 15 -135.878223905 283.164012759 0.005 0.604 0.0 0.0239234449761 91 209 66
1531 10 -150.422775743 312.253116436 0.005 0.208 0.0 0.144486692015 37 263 66
1532 15 -154.979676792 321.366918533 0.005 0.208 0.0 0.137037037037 30 270 66
1533 22 -96.506833356 204.421231661 0.005 1.0 0.0 0.00431034482759 68 232 66
1534 19 -179.374692305 370.156949559 0.005 0.109 0.1 0.244827586207 10 290 66
1535 15 -141.293064688 293.993694326 0.005 0.505 0.0 0.0350877192982 72 228 66
1536 5 -124.094992101 259.597549151 0.005 0.505 0.0 0.0549019607843 45 255 67
1537 12 -169.307515383 350.022595715 0.005 0.307 0.0 0.0679611650485 94 206 67
1538 32 -147.393329496 306.194223941 0.005 0.307 0.0 0.12962962963 30 270 67
1539 24 -150.333444333 312.074453615 0.005 0.505 0.0 0.035175879397 101 199 67
1540 8 -162.336866203 336.081297355 0.005 0.208 0.0 0.149193548387 52 248 67
1541 11 -164.151919166 339.711403282 0.005 0.208 nan 0.23 0 300 67
1542 7 -173.353678772 358.114922493 0.005 0.109 nan 0.256666666667 0 300 67
1543 7 -142.43886288 296.285290709 0.005 0.307 0.0 0.12323943662 16 284 67
1544 13 -137.864113348 287.135791645 0.005 0.406 0.0 0.0652173913043 70 230 67
1545 25 -158.708362282 328.824289513 0.005 0.208 0.0 0.126482213439 47 253 67
1546 12 -177.200500157 365.808565262 0.005 0.307 0.0 0.0308641975309 138 162 67
1547 23 -206.744785356 424.897135661 0.005 0.01 nan 0.443333333333 0 300 67
1549 27 -140.20279361 291.81315217 0.005 0.505 0.0 0.0140186915888 86 214 67
1550 4 -155.464940287 322.337445524 0.005 0.208 1.0 0.204013377926 1 299 67
1553 11 -160.152676097 331.712917142 0.005 0.208 0.0 0.123636363636 25 275 67
140 11 -137.940673751 287.288912451 0.005 0.604 0.0 0.015 100 200 67
141 4 -169.072899197 349.553363343 0.005 0.307 0.020618556701 0.0689655172414 97 203 67
142 10 -119.133393962 249.674352873 0.005 0.406 0.0 0.089928057554 22 278 67
143 21 -184.211884574 379.831334097 0.005 0.109 nan 0.29 0 300 67
144 16 -170.257443811 351.922452572 0.005 0.307 0.0 0.0295857988166 131 169 67
145 10 -133.335255366 278.078075682 0.005 0.505 0.0 0.0378151260504 62 238 67
146 24 -159.757261867 330.922088684 0.005 0.208 nan 0.213333333333 0 300 67
147 11 -148.584082392 308.575729733 0.005 0.406 0.0 0.0655021834061 71 229 67
148 3 -176.503889198 364.415343346 0.005 0.109 0.166666666667 0.248299319728 6 294 67
149 5 -160.160690931 331.728946812 0.005 0.307 0.0 0.103773584906 88 212 67
150 25 -130.348899876 272.105364701 0.005 0.604 0.0 0.0322580645161 83 217 67
151 21 -167.148979505 345.70552396 0.005 0.208 0.0 0.16 75 225 67
152 9 -124.610098047 260.627761044 0.005 0.802 0.0 0.00917431192661 82 218 67
153 15 -187.659060404 386.725685758 0.005 0.109 nan 0.32 0 300 67
154 3 -135.365337261 282.13823947 0.005 0.307 0.333333333333 0.121212121212 3 297 67
155 0 -133.413048846 278.233662641 0.005 0.406 0.0588235294118 0.0789473684211 34 266 67
157 8 -139.888320547 291.184206044 0.005 0.505 0.0 0.0245098039216 96 204 67
158 9 -107.189493922 225.786552794 0.005 0.901 0.0 0.0205761316872 57 243 67
159 15 -128.411981786 268.231528521 0.005 0.802 0.0 0.0 99 201 67
160 29 -158.197487894 327.802540738 0.005 0.307 0.0 0.0772532188841 67 233 67
161 4 -165.43180102 342.271166989 0.005 0.307 0.0190476190476 0.0461538461538 105 195 67
162 19 -182.811447845 377.030460639 0.005 0.109 nan 0.28 0 300 67
163 3 -134.525210507 280.457985963 0.005 0.703 0.0 0.00520833333333 108 192 67
164 2 -94.0253106926 199.458186335 0.005 1.0 0.0 0.00406504065041 54 246 67
165 12 -176.197886149 363.803337247 0.005 0.208 0.0 0.0769230769231 92 208 67
166 1 -142.213908337 295.835381623 0.005 0.703 0.0 0.0 105 195 67
168 37 -169.810569555 351.028704059 0.005 0.208 0.0 0.170731707317 54 246 67
170 12 -190.417377801 392.242320551 0.005 0.208 0.0 0.0153846153846 170 130 67
171 5 -130.27131194 271.950188829 0.005 0.604 0.0 0.00956937799043 91 209 67
172 9 -163.563067551 338.533700051 0.005 0.208 0.0 0.153846153846 53 247 67
173 5 -139.760000402 290.927565754 0.005 0.406 0.0 0.0585774058577 61 239 67
174 1 -109.771260583 230.950086116 0.005 0.703 0.0 0.0178571428571 76 224 67
175 12 -104.779574876 220.966714701 0.005 0.505 0.0 0.0584192439863 9 291 67
176 21 -150.948885626 313.305336201 0.005 0.307 0.0 0.0675675675676 78 222 67
177 40 -199.383219047 410.174003042 0.015 0.109 nan 0.37 0 300 67
178 8 -128.989869671 269.387304291 0.005 0.307 0.0 0.111913357401 23 277 67
179 4 -149.679304053 310.766173055 0.005 0.505 0.0 0.0199004975124 99 201 67
180 8 -130.519205718 272.445976386 0.005 0.307 0.0 0.122807017544 15 285 67
181 4 -178.36741251 368.142389969 0.005 0.208 0.0 0.103448275862 97 203 67
183 5 -158.754185071 328.915935091 0.005 0.307 0.0 0.118644067797 64 236 67
184 3 -175.032601138 361.472767225 0.005 0.208 0.0277777777778 0.208333333333 36 264 67
185 7 -140.692114326 292.791793601 0.005 0.505 0.0 0.0339805825243 94 206 67
186 11 -131.573657915 274.55488078 0.005 0.604 0.0 0.005 100 200 67
187 8 -164.022013302 339.451591553 0.005 0.406 0.0 0.0301204819277 134 166 67
188 20 -148.068773041 307.545111032 0.005 0.406 0.0 0.0606060606061 69 231 67
189 3 -140.865269723 293.138104396 0.005 0.406 0.0 0.0446428571429 76 224 67
190 32 -181.198660251 373.804885451 0.005 0.109 nan 0.296666666667 0 300 67
192 7 -155.358794225 322.125153399 0.005 0.208 nan 0.213333333333 0 300 67
193 2 -143.880990424 299.169545798 0.005 0.406 0.0 0.0324074074074 84 216 67
194 9 -166.194043048 343.795651045 0.005 0.208 0.0188679245283 0.137651821862 53 247 67
195 9 -159.088629597 329.584824143 0.005 0.208 0.0869565217391 0.148014440433 23 277 67
196 0 -126.4692469 264.34605875 0.005 0.307 0.0 0.0958904109589 8 292 67
197 23 -181.837184304 375.081933557 0.005 0.109 nan 0.296666666667 0 300 67
198 8 -139.548121134 290.503807217 0.005 0.901 0.0 0.0 104 196 67
199 11 -149.257265275 309.9220955 0.005 0.208 1.0 0.180602006689 1 299 67
200 22 -112.316777202 236.041119354 0.005 0.901 0.0 0.00884955752212 74 226 67
202 17 -175.740946847 362.889458643 0.005 0.208 0.0 0.212454212454 27 273 67
203 7 -153.39941707 318.20639909 0.005 0.307 0.0 0.0917030567686 71 229 67
204 22 -151.531973083 314.471511116 0.005 0.406 0.0 0.0579710144928 93 207 67
206 32 -142.92020879 297.247982529 0.005 0.307 0.0192307692308 0.0967741935484 52 248 67
207 6 -130.13375889 271.67508273 0.005 0.505 0.0 0.0555555555556 66 234 67
208 34 -181.003004194 373.413573337 0.005 0.109 nan 0.27 0 300 67
212 1 -163.450345787 338.308256524 0.005 0.307 0.0 0.0463917525773 106 194 67
213 18 -207.691238759 426.790042468 0.005 0.01 nan 0.473333333333 0 300 67
215 8 -127.256516165 265.92059728 0.005 0.307 0.0 0.109929078014 18 282 67
216 1 -151.576775939 314.561116828 0.005 0.406 0.0 0.0454545454545 102 198 67
217 16 -187.788463188 386.984491325 0.005 0.109 nan 0.316666666667 0 300 67
218 3 -170.237116051 351.881797051 0.005 0.307 0.0 0.0181818181818 135 165 67
220 26 -143.864355885 299.136276719 0.005 0.307 0.0172413793103 0.095041322314 58 242 67
221 3 -166.788403001 344.98437095 0.005 0.208 0.0 0.210169491525 5 295 67
223 15 -123.254010848 257.915586645 0.005 1.0 0.0 0.0 98 202 67
225 4 -178.77343888 368.95444271 0.005 0.307 0.0 0.00694444444444 156 144 67
226 22 -125.916085827 263.239736604 0.005 0.802 0.0 0.00487804878049 95 205 67
227 39 -156.987686322 325.382937594 0.005 0.208 0.0 0.162962962963 30 270 67
228 12 -131.378056456 274.163677862 0.005 0.406 0.015873015873 0.0548523206751 63 237 67
229 16 -144.528083507 300.463731962 0.005 0.505 0.010101010101 0.0298507462687 99 201 67
230 8 -141.046904909 293.501374767 0.005 0.406 0.0166666666667 0.05 60 240 67
231 40 -170.502518733 352.412602416 0.005 0.208 0.0 0.125 76 224 67
232 7 -139.530195384 290.467955716 0.005 0.307 0.25 0.135135135135 4 296 67
234 8 -140.976704399 293.360973748 0.005 0.406 0.0 0.0497737556561 79 221 67
235 11 -147.449549699 306.306664348 0.005 0.208 0.0769230769231 0.160278745645 13 287 67
236 12 -180.568311514 372.544187978 0.005 0.109 0.2 0.264406779661 5 295 67
237 3 -162.929481684 337.266528317 0.005 0.307 0.0 0.0518134715026 107 193 67
238 25 -152.359546824 316.126658598 0.005 0.307 0.0 0.10460251046 61 239 67
240 3 -131.858589567 275.124744083 0.005 0.406 0.025 0.0846153846154 40 260 67
241 4 -153.29962022 318.00680539 0.005 0.307 0.0 0.0925110132159 73 227 67
242 7 -131.774917918 274.957400786 0.005 0.406 0.0 0.0745098039216 45 255 67
243 13 -163.65278754 338.713140029 0.005 0.208 0.02 0.148 50 250 67
244 28 -171.4398414 354.287247748 0.005 0.208 0.0 0.20802919708 26 274 67
245 9 -146.240280193 303.888125335 0.005 0.307 0.0 0.105660377358 35 265 67
247 15 -138.774643973 288.956852894 0.005 0.406 0.0 0.0661157024793 58 242 67
248 35 -182.479188387 376.365941723 0.005 0.109 nan 0.286666666667 0 300 67
253 4 -131.781090234 274.969745417 0.005 0.703 0.0 0.00961538461538 92 208 67
256 10 -132.126769993 275.661104935 0.005 0.505 0.0 0.0264317180617 73 227 67
257 24 -141.789255178 294.986075306 0.005 0.505 0.0 0.0146341463415 95 205 67
258 8 -159.641239148 330.690043245 0.005 0.307 0.0 0.0694444444444 84 216 67
259 14 -142.964141932 297.335848813 0.005 0.208 0.0588235294118 0.162544169611 17 283 67
260 13 -167.494649632 346.396864213 0.005 0.208 0.0 0.132478632479 66 234 67
261 7 -191.654383933 394.716332815 0.01 0.109 nan 0.336666666667 0 300 67
262 11 -151.820259977 315.048084904 0.005 0.307 0.0 0.1 70 230 67
263 8 -113.305163062 238.017891073 0.005 0.901 0.0 0.0 82 218 67
264 3 -165.197244611 341.802054172 0.005 0.406 0.0 0.0 136 164 67
1519 17 -179.389955908 370.187476765 0.005 0.208 0.0 0.201465201465 27 273 67
1520 4 -108.619139247 228.645843443 0.005 0.901 0.0 0.0 85 215 67
1521 17 -166.492731543 344.393028036 0.005 0.406 0.0 0.00641025641026 144 156 67
1523 14 -111.826021715 235.059608379 0.005 0.901 0.0 0.0 89 211 67
1524 11 -150.289469776 311.986504501 0.005 0.307 0.0 0.130769230769 40 260 67
1525 12 -149.754258804 310.916082558 0.005 0.208 nan 0.176666666667 0 300 67
1526 11 -124.265803698 259.939172344 0.005 0.604 0.0125 0.0227272727273 80 220 67
1527 15 -158.991276606 329.390118162 0.005 0.208 nan 0.196666666667 0 300 67
1528 2 -162.439872618 336.287310186 0.005 0.307 0.0 0.0972222222222 84 216 67
1529 2 -147.956688068 307.320941085 0.005 0.505 0.0 0.0157894736842 110 190 67
1530 15 -121.276030448 253.959625845 0.005 0.604 0.0 0.018018018018 78 222 67
1531 10 -145.657160131 302.721885211 0.005 0.505 0.0 0.03 100 200 67
1532 15 -148.77528825 308.958141449 0.005 0.307 0.0 0.137096774194 52 248 67
1533 22 -115.368191915 242.14394878 0.005 1.0 0.0 0.0 94 206 67
1534 19 -180.560082591 372.527730132 0.005 0.109 nan 0.283333333333 0 300 67
1535 15 -151.318959271 314.045483491 0.005 0.208 0.5 0.167785234899 2 298 67
1536 5 -163.320361776 338.048288501 0.005 0.406 0.0 0.00581395348837 128 172 68
1537 12 -136.331559615 284.070684179 0.005 0.703 0.0 0.00505050505051 102 198 68
1538 32 -150.103417534 311.614400017 0.005 0.208 0.0 0.142335766423 26 274 68
1539 24 -156.492414421 324.39239379 0.005 0.307 0.0 0.0534759358289 113 187 68
1540 8 -160.759506942 332.926578834 0.005 0.307 0.0 0.0805687203791 89 211 68
1541 11 -165.011991031 341.431547012 0.005 0.208 0.0 0.116666666667 60 240 68
1542 7 -165.419199637 342.245964224 0.005 0.307 0.00943396226415 0.0721649484536 106 194 68
1543 7 -189.842192576 391.091950101 0.005 0.208 0.0 0.0596026490066 149 151 68
1544 13 -117.489440333 246.386445615 0.005 1.0 0.0 0.0 91 209 68
1545 25 -164.084349601 339.576264151 0.005 0.208 0.0 0.210884353741 6 294 68
1546 12 -122.472408558 256.352382066 0.005 0.802 0.0 0.0047619047619 90 210 68
1547 23 -208.194468208 427.796501365 0.205 0.01 0.414634146341 0.528957528958 41 259 68
1549 27 -112.541096756 236.489758462 0.005 0.901 0.0 0.00442477876106 74 226 68
1550 4 -172.290368667 355.988302284 0.01 0.208 nan 0.253333333333 0 300 68
1553 11 -149.698744294 310.805053537 0.005 0.307 0.0 0.0657894736842 72 228 68
140 11 -160.375535046 332.158635041 0.005 0.406 0.0 0.0112359550562 122 178 68
141 4 -135.410453793 282.228472536 0.005 0.406 0.0 0.0585774058577 61 239 68
142 10 -124.9993418 261.406248549 0.005 0.505 0.0 0.056 50 250 68
143 21 -176.098137761 363.603840471 0.005 0.208 0.0 0.106280193237 93 207 68
144 16 -153.623679291 318.654923531 0.005 0.307 0.0 0.0645161290323 83 217 68
145 10 -153.514734577 318.437034103 0.005 0.307 0.0 0.0616113744076 89 211 68
146 24 -150.019693898 311.446952745 0.005 0.406 0.0 0.0460829493088 83 217 68
147 11 -163.723418158 338.854401264 0.005 0.307 0.0 0.0717703349282 91 209 68
148 3 -170.733554013 352.874672975 0.005 0.208 0.0 0.198555956679 23 277 68
149 5 -106.574294735 224.556154419 0.005 0.604 0.0 0.0239043824701 49 251 68
150 25 -185.518205156 382.443975262 0.005 0.208 0.0 0.0324675324675 146 154 68
151 21 -138.932303328 289.272171606 0.005 0.307 0.0 0.150684931507 8 292 68
152 9 -119.525629566 250.458824082 0.005 0.604 0.0 0.0404858299595 53 247 68
153 15 -191.506850266 394.421265481 0.01 0.109 nan 0.336666666667 0 300 68
154 3 -161.681082056 334.769729061 0.005 0.307 0.0 0.0471204188482 109 191 68
155 0 -116.202516426 243.812597801 0.005 0.703 0.0149253731343 0.0343347639485 67 233 68
157 8 -182.744086355 376.895737658 0.005 0.109 0.0714285714286 0.224264705882 28 272 68
158 9 -144.077118753 299.561802455 0.005 0.406 0.0 0.0467289719626 86 214 68
159 15 -134.399094039 280.205753028 0.005 0.604 0.0 0.0147058823529 96 204 68
160 29 -114.898427916 241.204420781 0.005 1.0 0.0 0.0 85 215 68
161 4 -160.532075768 332.471716486 0.005 0.505 0.0 0.0 129 171 68
162 19 -199.430504794 410.268574537 0.04 0.109 0.133333333333 0.382456140351 15 285 68
163 3 -146.604683157 304.616931263 0.005 0.307 0.0 0.0946502057613 57 243 68
164 2 -136.119669033 283.646903015 0.005 0.307 0.0769230769231 0.0948905109489 26 274 68
165 12 -179.727066633 370.861698216 0.005 0.109 nan 0.28 0 300 68
166 1 -136.991158562 285.389882073 0.005 0.505 0.0 0.0429184549356 67 233 68
168 37 -155.340757487 322.089079924 0.005 0.208 0.0322580645161 0.156133828996 31 269 68
170 12 -165.313579879 342.034724707 0.005 0.208 0.0322580645161 0.171003717472 31 269 68
171 5 -140.917022758 293.241610465 0.005 0.406 0.0 0.0669642857143 76 224 68
172 9 -115.587893065 242.58335108 0.005 0.604 0.0 0.0289256198347 58 242 68
173 5 -138.294758127 287.997081203 0.005 0.505 0.0116279069767 0.0233644859813 86 214 68
174 1 -94.7267361946 200.861037339 0.005 1.0 0.0 0.00425531914894 65 235 68
175 12 -160.499844615 332.40725418 0.005 0.307 0.0 0.065 100 200 68
176 21 -173.103976466 357.615517882 0.005 0.109 nan 0.253333333333 0 300 68
177 40 -199.14712747 409.70181989 0.07 0.109 0.466666666667 0.389473684211 15 285 68
178 8 -157.175160311 325.757885572 0.005 0.208 nan 0.21 0 300 68
179 4 -174.311851369 360.031267688 0.005 0.109 nan 0.27 0 300 68
180 8 -162.991288609 337.390142168 0.005 0.208 0.0 0.182795698925 21 279 68
181 4 -150.580506229 312.568577408 0.005 0.307 0.0 0.102272727273 36 264 68
183 5 -157.950570013 327.308704976 0.005 0.307 0.0 0.0630630630631 78 222 68
184 3 -129.336610236 270.080785421 0.005 0.406 0.0 0.0513833992095 47 253 68
185 7 -140.909608874 293.226782698 0.005 0.406 0.016393442623 0.071129707113 61 239 68
186 11 -111.053203702 233.513972353 0.005 1.0 0.0 0.00460829493088 83 217 68
187 8 -163.011140108 337.429845166 0.005 0.406 0.0 0.0215053763441 114 186 68
188 20 -157.816650182 327.040865314 0.005 0.208 0.05 0.146153846154 40 260 68
189 3 -167.954686064 347.316937077 0.005 0.208 0.0 0.111570247934 58 242 68
190 32 -194.815620799 401.038806547 0.005 0.109 nan 0.343333333333 0 300 68
192 7 -164.546481396 340.50052774 0.005 0.406 0.0 0.0 134 166 68
193 2 -140.614978674 292.637522297 0.005 0.208 nan 0.17 0 300 68
194 9 -174.961868783 361.331302515 0.005 0.208 0.0 0.159817351598 81 219 68
195 9 -174.001591833 359.410748616 0.005 0.208 0.0 0.218637992832 21 279 68
196 0 -186.297921803 384.003408556 0.005 0.208 0.0 0.0875 140 160 68
197 23 -188.78888689 388.985338728 0.005 0.109 nan 0.31 0 300 68
198 8 -122.258576629 255.924718207 0.005 0.604 0.0 0.0255319148936 65 235 68
199 11 -141.44268058 294.292926109 0.005 0.505 0.0 0.0236966824645 89 211 68
200 22 -120.232351839 251.872268628 0.005 0.505 0.0 0.0350194552529 43 257 68
202 17 -183.66294914 378.733463229 0.005 0.109 nan 0.306666666667 0 300 68
203 7 -160.152546572 331.712658093 0.005 0.406 0.0 0.021164021164 111 189 68
204 22 -160.333540119 332.074645187 0.005 0.208 0.0 0.142292490119 47 253 68
206 32 -111.380196063 234.167957076 0.005 0.604 0.0 0.0290456431535 59 241 68
207 6 -104.867893497 221.143351943 0.005 1.0 0.0 0.00900900900901 78 222 68
208 34 -158.211192611 327.829950171 0.005 0.307 0.0 0.103585657371 49 251 68
212 1 -66.1793342567 143.766233463 0.005 1.0 0.0 0.0109489051095 26 274 68
213 18 -204.285081039 419.977727027 0.1 0.109 0.533333333333 0.396296296296 30 270 68
215 8 -159.75790313 330.923371209 0.005 0.406 0.0 0.0397727272727 124 176 68
216 1 -124.656300485 260.72016592 0.005 0.406 0.0714285714286 0.0909090909091 14 286 68
217 16 -162.10123948 335.610043909 0.005 0.208 1.0 0.224080267559 1 299 68
218 3 -148.121636674 307.650838298 0.005 0.208 0.0 0.144927536232 24 276 68
220 26 -121.123661248 253.654887445 0.005 0.703 0.0 0.0217391304348 70 230 68
221 3 -158.263728174 327.935021298 0.005 0.208 nan 0.22 0 300 68
223 15 -108.226176477 227.859917904 0.005 0.406 0.0 0.0918367346939 6 294 68
225 4 -156.699476512 324.806517973 0.005 0.208 0.2 0.189830508475 5 295 68
226 22 -155.886929166 323.181423281 0.005 0.307 0.0 0.106557377049 56 244 68
227 39 -163.154111849 337.715788648 0.005 0.208 0.0 0.164285714286 20 280 68
228 12 -134.025955037 279.459475023 0.005 0.703 0.0 0.00975609756098 95 205 68
229 16 -130.909988053 273.227541055 0.005 0.505 0.0 0.0226244343891 79 221 68
230 8 -152.271138966 315.949842882 0.005 0.406 0.0 0.0255102040816 104 196 68
231 40 -81.9045470022 175.216658954 0.005 1.0 0.0 0.0 55 245 68
232 7 -125.000011088 261.407587126 0.005 0.604 0.0 0.027397260274 81 219 68
234 8 -128.959678841 269.326922631 0.005 0.406 0.027027027027 0.0798479087452 37 263 68
235 11 -162.397632791 336.202830531 0.005 0.208 0.0 0.135593220339 64 236 68
236 12 -174.622400727 360.652366402 0.005 0.109 0.0 0.245791245791 3 297 68
237 3 -151.402467849 314.212500647 0.005 0.208 0.0 0.16 25 275 68
238 25 -138.91937263 289.246310209 0.005 0.505 0.0 0.0447154471545 54 246 68
240 3 -173.088679849 357.584924648 0.005 0.208 0.0 0.142857142857 83 217 68
241 4 -148.005348805 307.41826256 0.005 0.208 0.5 0.158783783784 4 296 68
242 7 -127.347079237 266.101723423 0.005 0.406 0.0 0.0700389105058 43 257 68
243 13 -153.170336604 317.748238157 0.005 0.406 0.0 0.0355329949239 103 197 68
244 28 -173.718827566 358.845220081 0.005 0.208 0.0 0.160550458716 82 218 68
245 9 -152.796584543 317.000734035 0.005 0.208 0.0 0.160278745645 13 287 68
247 15 -148.40940765 308.226380249 0.005 0.505 0.0 0.0235849056604 88 212 68
248 35 -165.997410349 343.402385648 0.005 0.208 0.0 0.126865671642 32 268 68
253 4 -185.119325349 381.646215647 0.005 0.307 0.0 0.0136054421769 153 147 68
256 10 -88.4372005418 188.281966033 0.005 1.0 0.0 0.00406504065041 54 246 68
257 24 -151.842092623 315.091750195 0.005 0.604 0.0 0.0 131 169 68
258 8 -182.95202789 377.311620729 0.005 0.109 nan 0.276666666667 0 300 68
259 14 -130.265192084 271.937949116 0.005 0.406 0.0322580645161 0.0780669144981 31 269 68
260 13 -156.495753189 324.399071327 0.005 0.307 0.0 0.0948275862069 68 232 68
261 7 -183.802277448 379.012119846 0.005 0.109 nan 0.296666666667 0 300 68
262 11 -148.627519822 308.662604593 0.005 0.307 0.0 0.140845070423 16 284 68
263 8 -131.143104696 273.693774342 0.005 0.604 0.0 0.0138888888889 84 216 68
264 3 -149.102409844 309.612384638 0.005 0.307 0.0123456790123 0.0776255707763 81 219 68
1519 17 -183.553098921 378.513762791 0.005 0.208 0.0 0.0516129032258 145 155 68
1520 4 -135.699816374 282.807197698 0.005 0.505 0.0117647058824 0.0325581395349 85 215 68
1521 17 -103.772400938 218.952366826 0.005 0.901 0.0149253731343 0.0128755364807 67 233 68
1523 14 -178.056577393 367.520719735 0.005 0.109 nan 0.276666666667 0 300 68
1524 11 -164.352698698 340.112962345 0.005 0.208 nan 0.206666666667 0 300 68
1525 12 -134.349010295 280.105585539 0.005 0.703 0.0 0.0141509433962 88 212 68
1526 11 -149.545696636 310.498958222 0.005 0.208 nan 0.203333333333 0 300 68
1527 15 -160.603048916 332.613662782 0.005 0.208 nan 0.216666666667 0 300 68
1528 2 -173.630221239 358.668007428 0.005 0.109 nan 0.243333333333 0 300 68
1529 2 -94.4109734075 200.229511764 0.005 0.802 0.0 0.015503875969 42 258 68
1530 15 -149.382529939 310.172624827 0.005 0.505 0.0 0.020618556701 106 194 68
1531 10 -158.40222182 328.212008589 0.005 0.307 0.0 0.0724637681159 93 207 68
1532 15 -156.513609443 324.434783836 0.005 0.307 0.0 0.12017167382 67 233 68
1533 22 -158.188945363 327.785455676 0.005 0.505 0.0 0.00584795321637 129 171 68
1534 19 -147.83262234 307.072809628 0.005 0.307 0.0 0.077868852459 56 244 68
1535 15 -135.899682281 283.206929512 0.005 0.307 0.0833333333333 0.0869565217391 24 276 68
1536 5 -156.878159582 325.163884114 0.005 0.208 nan 0.2 0 300 69
1537 12 -177.093900167 365.595365282 0.005 0.109 0.0 0.246527777778 12 288 69
1538 32 -188.637193343 388.681951635 0.005 0.109 0.0 0.166666666667 102 198 69
1539 24 -165.38049843 342.168561809 0.005 0.307 0.0 0.0492610837438 97 203 69
1540 8 -185.575991401 382.559547751 0.005 0.208 0.0 0.11170212766 112 188 69
1541 11 -160.341633388 332.090831725 0.005 0.208 0.0769230769231 0.191637630662 13 287 69
1542 7 -147.447471313 306.302507576 0.005 0.208 0.0 0.163879598662 1 299 69
1543 7 -147.613119229 306.633803408 0.005 0.406 0.0 0.0452488687783 79 221 69
1544 13 -163.067070606 337.541706162 0.005 0.307 0.0 0.109004739336 89 211 69
1545 25 -158.247075147 327.901715244 0.005 0.307 0.0 0.0599078341014 83 217 69
1546 12 -110.637657561 232.68288007 0.005 0.505 0.0 0.0760869565217 24 276 69
1547 23 -207.770062667 426.947690284 0.005 0.01 nan 0.48 0 300 69
1549 27 -158.304971404 328.017507757 0.005 0.208 0.0 0.174545454545 25 275 69
1550 4 -167.559008262 346.525581473 0.005 0.208 nan 0.233333333333 0 300 69
1553 11 -167.441052278 346.289669504 0.005 0.208 nan 0.22 0 300 69
140 11 -109.269243757 229.946052464 0.005 1.0 0.0 0.0 79 221 69
141 4 -140.345387324 292.098339597 0.005 0.604 0.0 0.0102564102564 105 195 69
142 10 -165.487267695 342.38210034 0.005 0.307 0.0 0.0282485875706 123 177 69
143 21 -188.195308441 387.798181831 0.01 0.109 nan 0.33 0 300 69
144 16 -113.205516795 237.818598539 0.005 0.901 0.0 0.00440528634361 73 227 69
145 10 -136.179112583 283.765790115 0.005 0.604 0.0 0.0 107 193 69
146 24 -107.046222256 225.500009461 0.005 0.901 0.0 0.00884955752212 74 226 69
147 11 -158.476107509 328.359779968 0.005 0.208 0.0 0.176056338028 16 284 69
148 3 -172.368101237 356.143767424 0.005 0.109 nan 0.246666666667 0 300 69
149 5 -134.198935997 279.805436944 0.005 0.307 0.03125 0.100746268657 32 268 69
150 25 -189.760290965 390.928146878 0.005 0.208 0.0 0.0147058823529 164 136 69
151 21 -143.464310804 298.336186557 0.005 0.307 0.0 0.0928270042194 63 237 69
152 9 -116.959140332 245.325845614 0.005 0.901 0.0 0.00440528634361 73 227 69
153 15 -204.233295367 419.874155683 0.015 0.109 nan 0.37 0 300 69
154 3 -176.609586326 364.626737601 0.005 0.208 0.0 0.0773480662983 119 181 69
155 0 -123.307293261 258.022151471 0.005 0.505 0.0 0.0466101694915 64 236 69
157 8 -175.065454789 361.538474528 0.005 0.109 nan 0.263333333333 0 300 69
158 9 -96.2187402988 203.845045547 0.005 0.802 0.0 0.0192307692308 40 260 69
159 15 -109.143449665 229.694464279 0.005 1.0 0.0 0.0 81 219 69
160 29 -171.749609139 354.906783228 0.005 0.208 0.0 0.200704225352 16 284 69
161 4 -86.528352462 184.464269873 0.005 1.0 0.0 0.00398406374502 49 251 69
162 19 -205.924152003 423.255868955 0.005 0.01 nan 0.383333333333 0 300 69
163 3 -168.909826581 349.227218111 0.005 0.307 0.0 0.0748663101604 113 187 69
164 2 -161.435189069 334.277943088 0.005 0.208 0.2 0.186206896552 10 290 69
165 12 -186.184311208 383.776187365 0.005 0.109 nan 0.296666666667 0 300 69
166 1 -124.507198053 260.421961056 0.005 0.802 0.0 0.0 97 203 69
168 37 -130.794818464 272.997201877 0.005 0.604 0.0 0.0233644859813 86 214 69
170 12 -152.411355234 316.230275417 0.005 0.406 0.0 0.0336538461538 92 208 69
171 5 -133.601812668 278.611190284 0.005 0.406 0.0416666666667 0.0793650793651 48 252 69
172 9 -166.883133285 345.17383152 0.005 0.208 0.0 0.207482993197 6 294 69
173 5 -140.320868372 292.049301693 0.005 0.307 0.0169491525424 0.0871369294606 59 241 69
174 1 -174.390766662 360.189098272 0.005 0.307 0.0 0.0425531914894 112 188 69
175 12 -175.571321613 362.550208176 0.005 0.307 0.0 0.0523255813953 128 172 69
176 21 -187.590052513 386.587669975 0.005 0.109 nan 0.303333333333 0 300 69
177 40 -200.548415285 412.504395519 0.02 0.109 nan 0.38 0 300 69
178 8 -162.448451114 336.304467177 0.005 0.406 0.0 0.00588235294118 130 170 69
179 4 -102.260826577 215.929218103 0.005 0.901 0.0 0.00438596491228 72 228 69
180 8 -174.599214252 360.605993453 0.005 0.109 0.1 0.248275862069 10 290 69
181 4 -164.982577165 341.372719279 0.005 0.208 nan 0.193333333333 0 300 69
183 5 -134.219787407 279.847139764 0.005 0.406 0.0 0.0685483870968 52 248 69
184 3 -150.928449164 313.264463276 0.005 0.307 0.0 0.110671936759 47 253 69
185 7 -175.692302979 362.792170907 0.005 0.208 0.0 0.160337552743 63 237 69
186 11 -135.764220815 282.936006579 0.005 0.406 0.0 0.0722891566265 51 249 69
187 8 -129.790909702 270.989384352 0.005 0.406 0.0 0.0593220338983 64 236 69
188 20 -163.363581164 338.134727277 0.005 0.208 0.0625 0.207746478873 16 284 69
189 3 -150.361328028 312.130221005 0.005 0.208 nan 0.19 0 300 69
190 32 -192.902267877 397.212100703 0.005 0.109 nan 0.333333333333 0 300 69
192 7 -159.91639881 331.24036257 0.005 0.208 0.117647058824 0.17667844523 17 283 69
193 2 -146.967069733 305.341704416 0.005 0.406 0.0169491525424 0.0829875518672 59 241 69
194 9 -167.594433809 346.596432567 0.005 0.406 0.0 0.00617283950617 138 162 69
195 9 -173.410370634 358.228306217 0.005 0.109 nan 0.25 0 300 69
196 0 -163.51196417 338.431493288 0.005 0.307 0.0 0.0540540540541 115 185 69
197 23 -189.033103071 389.473771091 0.005 0.109 0.333333333333 0.30303030303 3 297 69
198 8 -137.949714695 287.306994338 0.005 0.703 0.0 0.0 106 194 69
199 11 -161.103787229 333.615139407 0.005 0.307 0.0106382978723 0.0728155339806 94 206 69
200 22 -81.8154023965 175.038369742 0.005 1.0 0.0 0.00787401574803 46 254 69
202 17 -170.416152131 352.239869211 0.005 0.208 nan 0.233333333333 0 300 69
203 7 -94.9337611981 201.275087346 0.005 0.703 0.0 0.0306513409962 39 261 69
204 22 -156.337328781 324.082222511 0.005 0.307 0.0 0.101265822785 63 237 69
206 32 -152.98120586 317.369976669 0.005 0.307 0.0128205128205 0.0675675675676 78 222 69
207 6 -135.914065543 283.235696036 0.005 0.307 1.0 0.147157190635 1 299 69
208 34 -152.751378479 316.910321908 0.005 0.307 0.0 0.127413127413 41 259 69
212 1 -106.685852254 224.779269458 0.005 0.901 0.0 0.0 70 230 69
213 18 -208.002193482 427.411951914 0.205 0.01 0.548387096774 0.516728624535 31 269 69
215 8 -151.158932847 313.725430644 0.005 0.406 0.015625 0.0762711864407 64 236 69
216 1 -134.290395477 279.988355904 0.005 0.604 0.0 0.0269058295964 77 223 69
217 16 -177.580540673 366.568646296 0.005 0.109 nan 0.27 0 300 69
218 3 -159.175632314 329.758829578 0.005 0.208 nan 0.213333333333 0 300 69
220 26 -107.19255424 225.79267343 0.005 0.505 0.04 0.0618181818182 25 275 69
221 3 -164.765442795 340.938450539 0.005 0.208 0.25 0.212837837838 4 296 69
223 15 -116.694271355 244.796107659 0.005 0.604 0.0 0.0248962655602 59 241 69
225 4 -157.533623416 326.47481178 0.005 0.208 0.2 0.159322033898 5 295 69
226 22 -166.602007921 344.611580792 0.005 0.307 0.0102040816327 0.0742574257426 98 202 69
227 39 -122.86480246 257.13716987 0.005 0.802 0.0 0.00480769230769 92 208 69
228 12 -143.823299076 299.0541631 0.005 0.505 0.0 0.0103626943005 107 193 69
229 16 -168.466719149 348.341003247 0.005 0.208 0.0416666666667 0.202898550725 24 276 69
230 8 -120.439967553 252.287500055 0.005 0.604 0.0 0.0571428571429 55 245 69
231 40 -97.999423892 207.406412733 0.005 0.802 0.0 0.011583011583 41 259 69
232 7 -167.414661243 346.236887435 0.005 0.208 0.0 0.108597285068 79 221 69
234 8 -99.1806769019 209.768918753 0.005 1.0 0.0196078431373 0.00401606425703 51 249 69
235 11 -135.442974918 282.293514785 0.005 0.505 0.0 0.0361990950226 79 221 69
236 12 -151.58091485 314.56939465 0.005 0.406 0.0 0.030303030303 102 198 69
237 3 -78.1857473553 167.77905966 0.005 0.703 0.0 0.0290909090909 25 275 69
238 25 -179.092581556 369.592728061 0.005 0.208 0.0 0.191881918819 29 271 69
240 3 -171.544881909 354.497328768 0.005 0.307 0.0 0.0121951219512 136 164 69
241 4 -148.458878433 308.325321815 0.005 0.208 nan 0.183333333333 0 300 69
242 7 -146.944062094 305.295689137 0.005 0.406 0.0113636363636 0.0518867924528 88 212 69
243 13 -174.647940748 360.703446445 0.005 0.109 0.25 0.246621621622 4 296 69
244 28 -171.736223306 354.880011561 0.005 0.208 0.5 0.238255033557 2 298 69
245 9 -162.862144797 337.131854543 0.005 0.208 0.0 0.153846153846 53 247 69
247 15 -146.75638078 304.92032651 0.005 0.406 0.0 0.0343137254902 96 204 69
248 35 -134.67198525 280.751535449 0.005 0.406 0.0 0.0509803921569 45 255 69
253 4 -152.970383504 317.348331956 0.005 0.406 0.0 0.0657276995305 87 213 69
256 10 -153.793012664 318.993590277 0.005 0.406 0.0 0.0445544554455 98 202 69
257 24 -143.794966438 298.997497824 0.005 0.406 0.0 0.0691244239631 83 217 69
258 8 -176.447983347 364.303531643 0.005 0.109 nan 0.266666666667 0 300 69
259 14 -151.614243692 314.636052334 0.005 0.406 0.0 0.0539215686275 96 204 69
260 13 -164.101471157 339.610507263 0.005 0.208 0.0 0.119658119658 66 234 69
261 7 -192.903730513 397.215025975 0.01 0.109 nan 0.34 0 300 69
262 11 -152.338564058 316.084693066 0.005 0.505 0.0 0.0309278350515 106 194 69
263 8 -131.08156362 273.570692189 0.005 0.505 0.0 0.0355555555556 75 225 69
264 3 -97.0757045979 205.558974145 0.005 1.0 0.0 0.0 71 229 69
1519 17 -166.307862203 344.023289355 0.005 0.208 0.0 0.210884353741 6 294 69
1520 4 -129.977490325 271.362545599 0.005 0.604 0.0 0.0321100917431 82 218 69
1521 17 -117.941518451 247.290601851 0.005 0.901 0.0 0.00462962962963 84 216 69
1523 14 -175.28557826 361.978721469 0.005 0.109 nan 0.256666666667 0 300 69
1524 11 -171.316900077 354.041365103 0.005 0.307 0.0 0.0859728506787 79 221 69
1525 12 -192.276128909 395.959822767 0.005 0.109 0.0 0.174129353234 99 201 69
1526 11 -137.628830306 286.665225562 0.005 0.406 0.0 0.0468085106383 65 235 69
1527 15 -153.153259805 317.714084559 0.005 0.208 0.0 0.180555555556 12 288 69
1528 2 -161.418925519 334.245415988 0.005 0.208 0.0 0.1330472103 67 233 69
1529 2 -161.717313193 334.842191336 0.005 0.307 0.0246913580247 0.0730593607306 81 219 69
1530 15 -165.712729984 342.833024918 0.005 0.208 0.0147058823529 0.125 68 232 69
1531 10 -145.900106807 303.207778562 0.005 0.307 0.0 0.122222222222 30 270 69
1532 15 -139.086618041 289.580801032 0.005 0.505 0.0 0.0343347639485 67 233 69
1533 22 -118.572548673 248.552662296 0.005 0.802 0.0 0.0 86 214 69
1534 19 -182.333402935 376.074370819 0.005 0.109 nan 0.286666666667 0 300 69
1535 15 -193.299415174 398.006395298 0.005 0.208 0.0 0.0434782608696 162 138 69
1536 5 -177.221143372 365.849851694 0.005 0.109 nan 0.26 0 300 70
1537 12 -176.557633516 364.522831981 0.005 0.307 0.0183486238532 0.0523560209424 109 191 70
1538 32 -170.157837895 351.72324074 0.005 0.307 0.0 0.0220994475138 119 181 70
1539 24 -82.4697905175 176.347145984 0.005 1.0 0.0 0.0114068441065 37 263 70
1540 8 -174.039731925 359.4870288 0.005 0.307 0.00694444444444 0.0384615384615 144 156 70
1541 11 -172.665826062 356.739217073 0.02 0.208 0.666666666667 0.259259259259 3 297 70
1542 7 -164.310663827 340.028892603 0.005 0.307 0.0 0.0225988700565 123 177 70
1543 7 -128.86827229 269.144109529 0.005 0.505 0.0 0.0464135021097 63 237 70
1544 13 -162.87822125 337.164007448 0.005 0.208 nan 0.206666666667 0 300 70
1545 25 -164.938854434 341.285273818 0.005 0.208 nan 0.22 0 300 70
1546 12 -146.103111984 303.613788918 0.005 0.604 0.0 0.00558659217877 121 179 70
1547 23 -207.014872211 425.437309371 0.005 0.01 nan 0.44 0 300 70
1549 27 -162.325060895 336.057686738 0.005 0.307 0.0 0.04 125 175 70
1550 4 -173.65189214 358.711349229 0.005 0.208 0.0 0.174796747967 54 246 70
