1536 5 -152.185130035 315.777825019 0.005 0.208 0.0 0.158844765343 23 277 51
1537 12 -148.282662712 307.972890373 0.005 0.208 nan 0.196666666667 0 300 51
1538 32 -184.062019883 379.531604715 0.005 0.109 nan 0.3 0 300 51
1539 24 -140.71259601 292.832756968 0.005 0.307 0.0 0.0952380952381 48 252 51
1540 8 -124.487471116 260.382507181 0.005 0.406 0.0 0.0634328358209 32 268 51
1541 11 -171.816165296 355.039895541 0.005 0.208 0.0 0.23569023569 3 297 51
1542 7 -167.156421726 345.720408402 0.005 0.208 nan 0.226666666667 0 300 51
1543 7 -106.328001419 224.063567787 0.005 0.604 0.0 0.04 50 250 51
1544 13 -164.080501143 339.568567235 0.005 0.307 0.0 0.0520833333333 108 192 51
1545 25 -163.42756631 338.262697569 0.005 0.208 nan 0.226666666667 0 300 51
1546 12 -132.942020727 277.291606403 0.005 0.406 0.0 0.0546218487395 62 238 51
1547 23 -207.684654939 426.776874827 0.02 0.01 nan 0.483333333333 0 300 51
1549 27 -166.260070628 343.927706204 0.005 0.208 0.0 0.0982142857143 76 224 51
1550 4 -185.601945859 382.611456667 0.005 0.109 nan 0.31 0 300 51
1553 11 -166.180751149 343.769067246 0.005 0.208 nan 0.23 0 300 51
140 11 -156.055332683 323.518230315 0.005 0.406 0.02 0.04 100 200 51
141 4 -146.874011756 305.155588461 0.005 0.406 0.0 0.0663716814159 74 226 51
142 10 -93.0173729148 197.442310779 0.005 1.0 0.0 0.00418410041841 61 239 51
143 21 -186.84237147 385.092307889 0.005 0.109 nan 0.29 0 300 51
144 16 -127.38281754 266.17320003 0.005 0.802 0.0 0.0231481481481 84 216 51
145 10 -148.202447135 307.812459219 0.005 0.505 0.0 0.0201005025126 101 199 51
146 24 -158.924107103 329.255779156 0.005 0.208 0.0 0.2 30 270 51
147 11 -146.20188194 303.811328829 0.005 0.307 0.0 0.14590747331 19 281 51
148 3 -146.938609032 305.284783013 0.005 0.307 0.0 0.104417670683 51 249 51
149 5 -155.150965797 321.709496544 0.005 0.307 0.0128205128205 0.0720720720721 78 222 51
150 25 -105.410729344 222.229023638 0.005 0.802 0.0 0.0178571428571 76 224 51
151 21 -122.819767422 257.047099794 0.005 0.604 0.0 0.0338345864662 34 266 51
152 9 -154.946013113 321.299591176 0.005 0.505 0.0 0.0111731843575 121 179 51
153 15 -192.019642214 395.446849377 0.005 0.109 nan 0.33 0 300 51
154 3 -179.813361788 371.034288525 0.005 0.109 0.0232558139535 0.214007782101 43 257 51
155 0 -144.008514345 299.42459364 0.005 0.505 0.0 0.0204081632653 104 196 51
157 8 -185.523888573 382.455342096 0.005 0.109 nan 0.3 0 300 51
158 9 -133.769818482 278.947201913 0.005 0.307 0.027027027027 0.0950570342205 37 263 51
159 15 -128.123794338 267.655153626 0.005 0.406 0.025 0.0615384615385 40 260 51
160 29 -149.585557701 310.578680351 0.005 0.505 0.0 0.0 109 191 51
161 4 -112.831285111 237.070135172 0.005 0.802 0.0 0.0213675213675 66 234 51
162 19 -189.206533835 389.820632618 0.005 0.109 0.0 0.306397306397 3 297 51
163 3 -145.43102919 302.26962333 0.005 0.505 0.0 0.0210526315789 110 190 51
164 2 -151.466461905 314.340488759 0.005 0.208 0.166666666667 0.166666666667 6 294 51
165 12 -175.460834011 362.32923297 0.005 0.307 0.0 0.0232558139535 128 172 51
166 1 -153.82558809 319.058741129 0.005 0.208 nan 0.193333333333 0 300 51
168 37 -163.864493969 339.136552888 0.005 0.208 nan 0.23 0 300 51
170 12 -169.909984416 351.227533782 0.005 0.208 0.0 0.161157024793 58 242 51
171 5 -102.896061644 217.199688238 0.005 0.703 0.0 0.0241935483871 52 248 51
172 9 -168.707781941 348.823128831 0.005 0.208 0.0 0.212014134276 17 283 51
173 5 -136.489814724 284.387194398 0.005 0.406 0.0 0.0543933054393 61 239 51
174 1 -142.365505937 296.138576824 0.005 0.406 0.0 0.0506329113924 63 237 51
175 12 -145.417051638 302.241668224 0.005 0.406 0.0 0.0279069767442 85 215 51
176 21 -178.839043683 369.085652315 0.005 0.109 nan 0.273333333333 0 300 51
177 40 -195.844048932 403.095662814 0.05 0.109 0.75 0.368243243243 4 296 51
178 8 -132.350670024 276.108904998 0.005 0.307 0.166666666667 0.120567375887 18 282 51
179 4 -174.469484069 360.346533087 0.005 0.208 0.0 0.162162162162 78 222 51
180 8 -136.122429665 283.652424278 0.005 0.307 0.0 0.111111111111 12 288 51
181 4 -145.280532904 301.968630756 0.005 0.604 0.0 0.0 114 186 51
183 5 -157.484766855 326.37709866 0.005 0.406 0.0 0.0106951871658 113 187 51
184 3 -131.948396248 275.304357445 0.005 0.307 0.0 0.0971223021583 22 278 51
185 7 -129.775240323 270.958045596 0.005 0.406 0.0212765957447 0.0711462450593 47 253 51
186 11 -155.406854335 322.221273619 0.005 0.505 0.0 0.00564971751412 123 177 51
187 8 -140.262809402 291.933183753 0.005 0.406 0.0 0.0578512396694 58 242 51
188 20 -144.117724916 299.64301478 0.005 0.505 0.0 0.0253807106599 103 197 51
189 3 -155.68037258 322.76831011 0.005 0.208 1.0 0.19397993311 1 299 51
190 32 -195.033642132 401.474849213 0.03 0.109 1.0 0.361204013378 1 299 51
192 7 -129.293353132 269.994271213 0.005 0.604 0.0 0.0218340611354 71 229 51
193 2 -154.117545879 319.642656708 0.005 0.307 0.0 0.0727272727273 80 220 51
194 9 -87.2950228728 185.997610695 0.005 1.0 0.0 0.00793650793651 48 252 51
195 9 -156.124623804 323.656812558 0.005 0.208 0.0 0.142372881356 5 295 51
196 0 -151.750465822 314.908496594 0.005 0.208 0.0 0.170818505338 19 281 51
197 23 -194.938631245 401.28482744 0.005 0.109 nan 0.33 0 300 51
198 8 -131.757890624 274.923346197 0.005 0.505 0.0 0.0489795918367 55 245 51
199 11 -111.604139547 234.615844042 0.005 1.0 0.0 0.0 84 216 51
200 22 -131.766526394 274.940617736 0.005 0.604 0.0 0.0232558139535 85 215 51
202 17 -148.968638752 309.344842453 0.005 0.406 0.0 0.0338164251208 93 207 51
203 7 -121.592542738 254.592650425 0.005 0.604 0.0 0.0401606425703 51 249 51
204 22 -141.47438704 294.356339028 0.005 0.208 nan 0.19 0 300 51
206 32 -159.470102396 330.347769741 0.005 0.307 0.0 0.139344262295 56 244 51
207 6 -186.532849222 384.473263394 0.005 0.208 0.0 0.0394736842105 148 152 51
208 34 -160.734860431 332.877285812 0.005 0.208 0.0 0.183745583039 17 283 51
212 1 -146.024441967 303.456448884 0.005 0.307 0.0 0.10546875 44 256 51
213 18 -207.930305767 427.268176483 0.205 0.01 0.6 0.48679245283 35 265 51
215 8 -147.520848268 306.449261485 0.005 0.406 0.0 0.0358974358974 105 195 51
216 1 -147.849217165 307.105999279 0.005 0.406 0.0 0.0582959641256 77 223 51
217 16 -174.877183626 361.161932201 0.005 0.109 nan 0.263333333333 0 300 51
218 3 -147.56356713 306.534699209 0.005 0.208 nan 0.183333333333 0 300 51
220 26 -109.582445551 230.572456051 0.005 1.0 0.0 0.0 83 217 51
221 3 -107.113492206 225.634549361 0.005 0.802 0.0 0.016 50 250 51
223 15 -151.40412101 314.21580697 0.005 0.406 0.0113636363636 0.0377358490566 88 212 51
225 4 -147.410885647 306.229336244 0.005 0.505 0.0 0.0148514851485 98 202 51
226 22 -158.956084312 329.319733574 0.005 0.307 0.0 0.112554112554 69 231 51
227 39 -147.518701387 306.444967723 0.005 0.208 0.222222222222 0.161512027491 9 291 51
228 12 -131.47518314 274.357931229 0.005 0.604 0.0 0.0186046511628 85 215 51
229 16 -151.882998238 315.173561426 0.005 0.208 1.0 0.190635451505 1 299 51
230 8 -90.1043160475 191.616197044 0.005 0.802 0.0277777777778 0.0492424242424 36 264 51
231 40 -136.302661405 284.01288776 0.005 0.406 0.0 0.0661157024793 58 242 51
232 7 -152.365056553 316.137678056 0.005 0.208 0.0526315789474 0.156583629893 19 281 51
234 8 -127.259982728 265.927530405 0.005 0.604 0.0 0.0178571428571 76 224 51
235 11 -155.553025657 322.513616263 0.005 0.307 0.0 0.112449799197 51 249 51
236 12 -177.732689537 366.872944024 0.005 0.109 nan 0.283333333333 0 300 51
237 3 -162.154090724 335.715746397 0.005 0.208 nan 0.22 0 300 51
238 25 -151.465322311 314.338209571 0.005 0.406 0.0 0.0594059405941 98 202 51
240 3 -120.849470782 253.106506514 0.005 0.703 0.0128205128205 0.018018018018 78 222 51
241 4 -148.416316882 308.240198712 0.005 0.307 0.0833333333333 0.134057971014 24 276 51
242 7 -113.356027074 238.119619098 0.005 1.0 0.0 0.0 85 215 51
243 13 -131.883456944 275.174478837 0.005 0.307 0.0 0.0985401459854 26 274 51
244 28 -177.28356267 365.97469029 0.005 0.208 0.0 0.157657657658 78 222 51
245 9 -141.758838504 294.925241957 0.005 0.505 0.0 0.0242718446602 94 206 51
247 15 -165.781201352 342.969967652 0.005 0.208 0.0 0.19298245614 15 285 51
248 35 -189.950929257 391.309423463 0.005 0.109 nan 0.32 0 300 51
253 4 -172.417938458 356.243441865 0.005 0.307 0.0 0.043956043956 118 182 51
256 10 -138.930164689 289.267894328 0.005 0.307 0.0 0.0902255639098 34 266 51
257 24 -135.57081279 282.54919053 0.005 0.307 0.0 0.125850340136 6 294 51
258 8 -166.565498615 344.538562179 0.005 0.208 0.0 0.19723183391 11 289 51
259 14 -140.615183714 292.637932377 0.005 0.505 0.0 0.0353982300885 74 226 51
260 13 -151.349565484 314.106695917 0.005 0.208 0.0 0.134057971014 24 276 51
261 7 -193.416019174 398.239603298 0.02 0.109 nan 0.343333333333 0 300 51
262 11 -161.697684873 334.802934695 0.005 0.208 0.0 0.151750972763 43 257 51
263 8 -133.416997352 278.241559652 0.005 0.505 0.0 0.0560344827586 68 232 51
264 3 -153.327129713 318.061824374 0.005 0.406 0.0 0.0566037735849 88 212 51
1519 17 -154.96845059 321.34446613 0.005 0.307 0.0 0.106299212598 46 254 51
1520 4 -150.78944541 312.986455769 0.005 0.505 0.0 0.00591715976331 131 169 51
1521 17 -154.362558664 320.132682276 0.005 0.307 0.0 0.0963302752294 82 218 51
1523 14 -175.90007057 363.20770609 0.005 0.109 nan 0.246666666667 0 300 51
1524 11 -156.001939342 323.411443633 0.005 0.208 0.666666666667 0.185185185185 3 297 51
1525 12 -137.455092476 286.317749901 0.005 0.307 0.0 0.0882352941176 28 272 51
1526 11 -139.469418845 290.34640264 0.005 0.505 0.0 0.0330188679245 88 212 51
1527 15 -154.96950501 321.34657497 0.005 0.307 0.0131578947368 0.0714285714286 76 224 51
1528 2 -124.019306304 259.446177557 0.005 0.406 0.0217391304348 0.0472440944882 46 254 51
1529 2 -103.19350154 217.794568029 0.005 1.0 0.0 0.00460829493088 83 217 51
1530 15 -147.84498818 307.097541309 0.005 0.406 0.0 0.0392156862745 96 204 51
1531 10 -184.936364448 381.280293846 0.005 0.208 0.0 0.127071823204 119 181 51
1532 15 -155.062764198 321.533093346 0.005 0.307 0.0 0.117647058824 28 272 51
1533 22 -106.574367608 224.556300165 0.005 1.0 0.0 0.00429184549356 67 233 51
1534 19 -177.495342633 366.398250215 0.005 0.109 nan 0.263333333333 0 300 51
1535 15 -163.398991222 338.205547393 0.005 0.307 0.0 0.0564971751412 123 177 51
1536 5 -161.909834742 335.227234434 0.005 0.208 nan 0.23 0 300 52
1537 12 -170.046528428 351.500621806 0.005 0.307 0.0 0.063829787234 112 188 52
1538 32 -168.279153695 347.96587234 0.005 0.208 0.0869565217391 0.194945848375 23 277 52
1539 24 -128.603305005 268.614174959 0.005 0.307 nan 0.14 0 300 52
1540 8 -178.256228309 367.920021566 0.005 0.208 0.016393442623 0.196652719665 61 239 52
1541 11 -163.303412189 338.014389328 0.005 0.208 nan 0.226666666667 0 300 52
1542 7 -161.904907038 335.217379025 0.005 0.208 1.0 0.200668896321 1 299 52
1543 7 -147.10704993 305.621664809 0.005 0.307 0.0232558139535 0.0933852140078 43 257 52
1544 13 -127.164575218 265.736715385 0.005 0.505 0.0 0.0409836065574 56 244 52
1545 25 -129.551748882 270.511062714 0.005 0.406 0.0 0.0576131687243 57 243 52
1546 12 -140.149271826 291.706108601 0.005 0.406 0.0 0.05 80 220 52
1547 23 -207.571687195 426.55093934 0.005 0.01 nan 0.47 0 300 52
1549 27 -65.0344219009 141.476408751 0.005 1.0 0.0 0.00732600732601 27 273 52
1550 4 -145.047072617 301.501710184 0.005 0.406 0.0 0.04329004329 69 231 52
1553 11 -150.666159512 312.739883974 0.005 0.208 0.333333333333 0.15306122449 6 294 52
140 11 -148.063289855 307.53414466 0.005 0.505 0.0 0.025641025641 105 195 52
141 4 -130.888431327 273.184427603 0.005 0.307 0.0625 0.105633802817 16 284 52
142 10 -151.716313172 314.840191293 0.005 0.505 0.0 0.0054347826087 116 184 52
143 21 -190.812541108 393.032647165 0.005 0.109 nan 0.32 0 300 52
144 16 -151.363747949 314.135060847 0.005 0.505 0.0 0.020202020202 102 198 52
145 10 -117.354805213 246.117175376 0.005 0.505 0.0 0.0436507936508 48 252 52
146 24 -165.131168302 341.669901553 0.005 0.307 0.0 0.0641711229947 113 187 52
147 11 -151.892654391 315.192873731 0.005 0.208 0.0769230769231 0.18118466899 13 287 52
148 3 -137.230609991 285.868784932 0.005 0.406 0.0 0.0595238095238 48 252 52
149 5 -147.948528314 307.304621578 0.005 0.307 0.0 0.130597014925 32 268 52
150 25 -152.108472645 315.624510239 0.005 0.307 0.0 0.108 50 250 52
151 21 -121.440390566 254.288346081 0.005 0.307 0.0 0.115646258503 6 294 52
152 9 -125.884446264 263.176457477 0.005 0.604 0.0 0.0260869565217 70 230 52
153 15 -185.715410877 382.838386702 0.005 0.109 0.0 0.276223776224 14 286 52
154 3 -156.187181471 323.781927891 0.005 0.208 0.0 0.150183150183 27 273 52
155 0 -80.8168958697 173.041356689 0.005 1.0 0.0 0.0 57 243 52
157 8 -176.781660822 364.970886594 0.005 0.109 nan 0.273333333333 0 300 52
158 9 -141.701203397 294.809971744 0.005 0.406 0.0 0.0583333333333 60 240 52
159 15 -131.191005162 273.789575273 0.005 0.307 0.0 0.122807017544 15 285 52
160 29 -157.424236846 326.256038641 0.005 0.208 0.0909090909091 0.18345323741 22 278 52
161 4 -116.711542082 244.830649114 0.005 0.505 0.0 0.0597014925373 32 268 52
162 19 -193.309444203 398.026453356 0.005 0.109 nan 0.33 0 300 52
163 3 -159.576477438 330.560519825 0.005 0.208 1.0 0.207357859532 1 299 52
164 2 -154.527990352 320.463545653 0.005 0.307 0.0 0.0925925925926 84 216 52
165 12 -178.205033251 367.817631451 0.005 0.109 nan 0.26 0 300 52
166 1 -159.438452342 330.284469633 0.005 0.208 0.0 0.119834710744 58 242 52
168 37 -167.355102919 346.117770786 0.015 0.208 1.0 0.244147157191 1 299 52
170 12 -167.720255192 346.848075333 0.005 0.208 0.0 0.107981220657 87 213 52
171 5 -127.432510559 266.272586067 0.005 0.703 0.0 0.0141509433962 88 212 52
172 9 -171.868519084 355.144603117 0.005 0.208 0.0 0.165254237288 64 236 52
173 5 -156.627907396 324.663379741 0.005 0.307 0.0 0.104166666667 60 240 52
174 1 -167.229206661 345.865978272 0.005 0.307 0.0 0.0878048780488 95 205 52
175 12 -126.773187402 264.953939754 0.005 0.604 0.0 0.0257510729614 67 233 52
176 21 -141.191771348 293.791107645 0.005 0.604 0.0 0.0147058823529 96 204 52
177 40 -203.843199247 419.093963444 0.125 0.109 0.619047619048 0.408602150538 21 279 52
178 8 -123.914231897 259.236028743 0.005 0.505 0.0 0.0461538461538 40 260 52
179 4 -182.37777002 376.163104989 0.005 0.109 nan 0.29 0 300 52
180 8 -151.574892204 314.557349358 0.005 0.307 0.0 0.114942528736 39 261 52
181 4 -168.803212259 349.013989467 0.01 0.208 0.666666666667 0.23569023569 3 297 52
183 5 -146.110844661 303.629254272 0.005 0.307 0.0 0.0791666666667 60 240 52
184 3 -114.49497577 240.39751649 0.005 0.802 0.0 0.00961538461538 92 208 52
185 7 -131.262947049 273.933459048 0.005 0.505 0.0 0.0438247011952 49 251 52
186 11 -145.509570989 302.426706927 0.005 0.505 0.0 0.0338164251208 93 207 52
187 8 -156.238536154 323.884637258 0.005 0.307 0.0 0.111553784861 49 251 52
188 20 -168.110859568 347.629284085 0.005 0.208 0.166666666667 0.231292517007 6 294 52
189 3 -160.589957971 332.587480891 0.005 0.208 nan 0.22 0 300 52
190 32 -184.212352648 379.832270245 0.005 0.109 nan 0.29 0 300 52
192 7 -157.483292933 326.374150815 0.005 0.208 0.0 0.188405797101 24 276 52
193 2 -143.291990909 297.991546768 0.005 0.505 0.0 0.0275229357798 82 218 52
194 9 -118.029089812 247.465744574 0.005 0.703 0.0 0.00934579439252 86 214 52
195 9 -173.776018712 358.959602374 0.005 0.109 0.333333333333 0.225589225589 3 297 52
196 0 -152.633600215 316.674765379 0.005 0.307 0.0 0.0666666666667 90 210 52
197 23 -200.201323638 411.810212226 0.035 0.109 1.0 0.369127516779 2 298 52
198 8 -123.663071157 258.733707264 0.005 0.703 0.0 0.0093896713615 87 213 52
199 11 -162.692735799 336.793036548 0.005 0.208 0.0 0.135964912281 72 228 52
200 22 -107.263468051 225.934501052 0.005 0.703 0.0 0.0237154150198 47 253 52
202 17 -171.110402127 353.628369203 0.005 0.208 nan 0.233333333333 0 300 52
203 7 -108.871191388 229.149947725 0.005 0.901 0.0 0.00881057268722 73 227 52
204 22 -121.231342795 253.87025054 0.005 0.406 0.0 0.0643939393939 36 264 52
206 32 -139.752165378 290.911895705 0.005 0.505 0.0 0.036036036036 78 222 52
207 6 -117.361180401 246.129925752 0.005 0.802 0.0 0.0 89 211 52
208 34 -172.692805376 356.793175701 0.005 0.109 nan 0.246666666667 0 300 52
212 1 -147.173669699 305.754904348 0.005 0.307 0.0 0.124513618677 43 257 52
213 18 -207.216404787 425.840374524 0.005 0.01 nan 0.463333333333 0 300 52
215 8 -183.300529914 378.008624778 0.005 0.208 0.0 0.0182926829268 136 164 52
216 1 -147.60731013 306.62218521 0.005 0.307 0.031746031746 0.0801687763713 63 237 52
217 16 -150.264905385 311.937375719 0.005 0.307 0.030303030303 0.112359550562 33 267 52
218 3 -158.465278217 328.338121384 0.005 0.307 0.0 0.115702479339 58 242 52
220 26 -195.004722459 401.417009868 0.005 0.208 0.00689655172414 0.0322580645161 145 155 52
221 3 -105.008794943 221.425154835 0.005 0.802 0.0 0.0192307692308 40 260 52
223 15 -147.799460141 307.006485232 0.005 0.406 0.0111111111111 0.0571428571429 90 210 52
225 4 -149.70742922 310.822423389 0.005 0.406 0.0 0.0467289719626 86 214 52
226 22 -123.095695167 257.598955283 0.005 0.703 0.0 0.0 91 209 52
227 39 -148.283802836 307.975170621 0.005 0.307 0.0227272727273 0.1328125 44 256 52
228 12 -158.695892586 328.799350122 0.005 0.406 0.0 0.0478723404255 112 188 52
229 16 -158.134979626 327.677524202 0.005 0.406 0.0 0.0533980582524 94 206 52
230 8 -155.190458441 321.788481832 0.005 0.505 0.0166666666667 0.0166666666667 120 180 52
231 40 -130.009005447 271.425575844 0.005 0.406 0.0 0.0763358778626 38 262 52
232 7 -146.564647484 304.536859917 0.005 0.307 0.0 0.131205673759 18 282 52
234 8 -98.3964594171 208.200483784 0.005 1.0 0.0 0.0 69 231 52
235 11 -139.748633135 290.90483122 0.005 0.307 0.0 0.15331010453 13 287 52
236 12 -174.694382549 360.796330047 0.005 0.109 nan 0.263333333333 0 300 52
237 3 -152.990255769 317.388076487 0.005 0.208 0.5 0.174496644295 2 298 52
238 25 -158.487233099 328.382031148 0.005 0.208 nan 0.21 0 300 52
240 3 -117.121521716 245.650608382 0.005 0.802 0.0 0.0177777777778 75 225 52
241 4 -148.976622222 309.360809394 0.005 0.307 0.0 0.0897959183673 55 245 52
242 7 -180.095670819 371.598906587 0.005 0.307 0.0 0.0 151 149 52
243 13 -172.375074206 356.157713361 0.005 0.208 0.0 0.134328358209 99 201 52
244 28 -176.591815157 364.591195264 0.005 0.109 nan 0.25 0 300 52
245 9 -129.597103763 270.601772474 0.005 0.406 0.0 0.0548523206751 63 237 52
247 15 -150.772388252 312.952341452 0.005 0.208 nan 0.203333333333 0 300 52
248 35 -165.22418506 341.855935069 0.005 0.208 0.0909090909091 0.176470588235 11 289 52
253 4 -149.078855468 309.565275885 0.005 0.505 0.0 0.0104712041885 109 191 52
256 10 -145.46848195 302.344528849 0.005 0.307 0.0 0.10593220339 64 236 52
257 24 -139.107692166 289.62294928 0.005 0.703 0.0 0.00515463917526 106 194 52
258 8 -172.802725164 357.013015277 0.005 0.109 nan 0.253333333333 0 300 52
259 14 -153.671940381 318.751445712 0.005 0.307 0.0 0.119834710744 58 242 52
260 13 -173.988731736 359.385028421 0.005 0.208 0.0 0.190839694656 38 262 52
261 7 -198.079278079 407.566121107 0.01 0.109 0.0714285714286 0.34965034965 14 286 52
262 11 -163.13497678 337.67751851 0.005 0.307 0.0 0.0704225352113 87 213 52
263 8 -180.180216779 371.767998507 0.005 0.307 0.0 0.0134228187919 151 149 52
264 3 -152.864767037 317.137099023 0.005 0.406 0.0 0.0576923076923 92 208 52
1519 17 -184.217749371 379.843063691 0.005 0.109 nan 0.29 0 300 52
1520 4 -137.624308847 286.656182642 0.005 0.406 0.0 0.0590717299578 63 237 52
1521 17 -150.688127469 312.783819888 0.005 0.208 1.0 0.183946488294 1 299 52
1523 14 -159.764357749 330.936280448 0.005 0.208 nan 0.23 0 300 52
1524 11 -131.25404385 273.91565265 0.005 0.406 0.0 0.0711462450593 47 253 52
1525 12 -114.600022944 240.607610838 0.005 0.703 0.0 0.0212765957447 65 235 52
1526 11 -155.562482122 322.532529193 0.005 0.406 0.0 0.0215053763441 114 186 52
1527 15 -158.582359963 328.572284876 0.005 0.208 nan 0.203333333333 0 300 52
1528 2 -166.150876356 343.709317662 0.005 0.208 nan 0.23 0 300 52
1529 2 -138.624802036 288.657169022 0.005 0.604 0.0 0.00537634408602 114 186 52
1530 15 -119.120798322 249.649161593 0.005 0.505 0.0 0.0487804878049 54 246 52
1531 10 -181.20324279 373.814050529 0.005 0.208 0.0 0.121546961326 119 181 52
1532 15 -140.481884032 292.371333012 0.005 0.307 0.0232558139535 0.101167315175 43 257 52
1533 22 -154.717502076 320.842569101 0.005 0.307 0.0 0.0873015873016 48 252 52
1534 19 -133.332975607 278.073516164 0.005 0.307 0.0 0.095406360424 17 283 52
1535 15 -169.356955646 350.121476241 0.01 0.208 0.5 0.241610738255 2 298 52
1536 5 -159.158934786 329.725434522 0.005 0.208 0.222222222222 0.189003436426 9 291 53
1537 12 -170.40378555 352.21513605 0.005 0.208 0.333333333333 0.218855218855 3 297 53
1538 32 -185.097688687 381.602942324 0.005 0.109 nan 0.303333333333 0 300 53
1539 24 -123.423562698 258.254690346 0.005 0.604 0.0 0.0254237288136 64 236 53
1540 8 -170.541969391 352.491503732 0.01 0.208 0.5 0.244966442953 2 298 53
1541 11 -162.788954329 336.985473606 0.005 0.208 0.0 0.188191881919 29 271 53
1542 7 -75.1590540401 161.725673029 0.005 1.0 0.0 0.0 48 252 53
1543 7 -131.422472795 274.25251054 0.005 0.406 0.0169491525424 0.0746887966805 59 241 53
1544 13 -156.492110463 324.391785874 0.005 0.406 0.0 0.0536585365854 95 205 53
1545 25 -161.08778272 333.58313039 0.005 0.208 0.0 0.127049180328 56 244 53
1546 12 -105.990283786 223.388132522 0.005 1.0 0.0 0.0 75 225 53
1547 23 -207.562633634 426.532832218 0.005 0.01 nan 0.476666666667 0 300 53
1549 27 -186.020028871 383.447622692 0.005 0.208 0.0 0.08 125 175 53
1550 4 -165.074434279 341.556433507 0.005 0.208 0.0 0.160305343511 38 262 53
1553 11 -157.307795519 326.023155986 0.005 0.307 0.0 0.0555555555556 102 198 53
140 11 -147.729213799 306.865992547 0.005 0.208 0.111111111111 0.168384879725 9 291 53
141 4 -142.964617446 297.336799841 0.005 0.406 0.0175438596491 0.0740740740741 57 243 53
142 10 -155.967674769 323.342914486 0.005 0.406 0.0 0.0507614213198 103 197 53
143 21 -191.274573932 393.956712813 0.015 0.109 nan 0.333333333333 0 300 53
144 16 -161.554757528 334.517080005 0.005 0.406 0.0078125 0.0174418604651 128 172 53
145 10 -144.896142478 301.199849905 0.005 0.307 0.0 0.124528301887 35 265 53
146 24 -167.909878453 347.227321855 0.005 0.208 0.0188679245283 0.141700404858 53 247 53
147 11 -125.22607153 261.85970801 0.005 0.604 0.0 0.0226244343891 79 221 53
148 3 -162.262592504 335.932749958 0.005 0.208 0.0 0.174545454545 25 275 53
149 5 -152.365409569 316.138384087 0.005 0.505 0.0 0.00591715976331 131 169 53
150 25 -167.047025057 345.501615064 0.005 0.208 0.0 0.125 76 224 53
151 21 -131.220928247 273.849421444 0.005 0.604 0.0 0.005 100 200 53
152 9 -137.24042356 285.888412069 0.005 0.505 0.0 0.0550847457627 64 236 53
153 15 -191.186759579 393.781084107 0.12 0.208 0.6 0.32962962963 30 270 53
154 3 -141.596629374 294.600823697 0.005 0.406 0.0 0.0330188679245 88 212 53
155 0 -141.326609814 294.060784577 0.005 0.505 0.0 0.0380952380952 90 210 53
157 8 -145.342303373 302.092171696 0.005 0.406 0.0 0.0518867924528 88 212 53
158 9 -125.570996337 262.549557624 0.005 0.703 0.0 0.00505050505051 102 198 53
159 15 -127.120530375 265.648625698 0.005 0.505 0.0 0.0448979591837 55 245 53
160 29 -123.090499098 257.588563145 0.005 0.703 0.0 0.0175438596491 72 228 53
161 4 -106.722801927 224.853168803 0.005 0.802 0.0192307692308 0.0241935483871 52 248 53
162 19 -192.230792633 395.869150214 0.015 0.109 nan 0.343333333333 0 300 53
163 3 -130.991354626 273.390274202 0.005 0.604 0.0 0.0230414746544 83 217 53
164 2 -172.687070265 356.781705479 0.005 0.208 0.0 0.145374449339 73 227 53
165 12 -167.402063502 346.211691954 0.005 0.208 0.0 0.146718146718 41 259 53
166 1 -157.074685121 325.556935192 0.005 0.208 0.0212765957447 0.126482213439 47 253 53
168 37 -171.598429011 354.604422972 0.005 0.109 nan 0.246666666667 0 300 53
170 12 -175.950731057 363.309027064 0.005 0.208 0.0 0.105263157895 91 209 53
171 5 -132.780658936 276.968882822 0.005 0.505 0.0 0.051724137931 68 232 53
172 9 -159.210277004 329.828118958 0.005 0.406 0.0 0.0280898876404 122 178 53
173 5 -164.422501987 340.252568924 0.005 0.307 0.0 0.0769230769231 92 208 53
174 1 -144.815867842 301.039300634 0.005 0.406 0.0 0.0562770562771 69 231 53
175 12 -140.525636585 292.45883812 0.005 0.307 0.0588235294118 0.0864661654135 34 266 53
176 21 -158.213736989 327.835038927 0.005 0.208 0.0 0.172661870504 22 278 53
177 40 -205.819272193 423.046109336 0.06 0.109 0.272727272727 0.39928057554 22 278 53
178 8 -101.021759331 213.451083611 0.005 1.0 0.0 0.00862068965517 68 232 53
179 4 -161.605903354 334.619371658 0.005 0.307 0.0 0.0765765765766 78 222 53
180 8 -162.1781803 335.763925549 0.005 0.208 0.0 0.136186770428 43 257 53
181 4 -174.913702796 361.234970542 0.005 0.109 0.0 0.237288135593 5 295 53
183 5 -138.977742138 289.363049225 0.005 0.307 0.0666666666667 0.147368421053 15 285 53
184 3 -171.501139678 354.409844306 0.005 0.208 nan 0.24 0 300 53
185 7 -140.640945912 292.689456773 0.005 0.505 0.0117647058824 0.0325581395349 85 215 53
186 11 -130.430773303 272.269111554 0.005 0.604 0.0 0.0325581395349 85 215 53
187 8 -101.01713131 213.441827568 0.005 0.703 0.0 0.0167364016736 61 239 53
188 20 -183.570979325 378.549523599 0.005 0.208 0.0 0.0516129032258 145 155 53
189 3 -148.676278647 308.760122243 0.005 0.307 0.0166666666667 0.075 60 240 53
190 32 -197.243109695 405.893784339 0.015 0.109 nan 0.356666666667 0 300 53
192 7 -107.632995843 226.673556634 0.005 1.0 0.0 0.0 84 216 53
193 2 -151.84748071 315.10252637 0.005 0.307 0.0 0.0728155339806 94 206 53
194 9 -135.382891521 282.17334799 0.005 0.406 0.0 0.0737704918033 56 244 53
195 9 -142.487219094 296.382003138 0.005 0.307 0.0 0.08 50 250 53
196 0 -168.612582388 348.632729725 0.005 0.208 0.0135135135135 0.146017699115 74 226 53
197 23 -190.987183879 393.381932708 0.005 0.109 nan 0.316666666667 0 300 53
198 8 -174.922765391 361.253095732 0.005 0.406 0.0 0.0191082802548 143 157 53
199 11 -154.644880218 320.697325384 0.005 0.208 0.0 0.164912280702 15 285 53
200 22 -134.745209415 280.89798378 0.005 0.307 nan 0.163333333333 0 300 53
202 17 -160.583775954 332.575116858 0.005 0.208 0.0 0.123552123552 41 259 53
203 7 -135.341029663 282.089624275 0.005 0.505 0.0 0.0347826086957 70 230 53
204 22 -145.656736313 302.721037575 0.005 0.307 0.105263157895 0.131672597865 19 281 53
206 32 -133.427549202 278.262663353 0.005 0.604 0.0 0.0236966824645 89 211 53
207 6 -152.009597909 315.426760768 0.005 0.505 0.0 0.0328638497653 87 213 53
208 34 -109.590440477 230.588445902 0.005 0.802 0.0 0.0129310344828 68 232 53
212 1 -76.7421056489 164.891776247 0.005 1.0 0.0 0.00395256916996 47 253 53
213 18 -207.898928276 427.205421502 0.2 0.01 0.518518518519 0.509157509158 27 273 53
215 8 -132.447401969 276.302368887 0.005 0.406 0.0 0.0888030888031 41 259 53
216 1 -151.380498907 314.168562763 0.005 0.604 0.0 0.0 124 176 53
217 16 -164.082999619 339.573564188 0.005 0.208 0.0 0.128318584071 74 226 53
218 3 -132.961414522 277.330393992 0.005 0.703 0.0 0.0189573459716 89 211 53
220 26 -117.946105174 247.299775296 0.005 0.901 0.0 0.0 92 208 53
221 3 -146.013389977 303.434344903 0.005 0.406 0.0 0.0467289719626 86 214 53
223 15 -167.299104968 346.005774886 0.005 0.406 0.0 0.0 128 172 53
225 4 -118.700935574 248.809436098 0.005 0.703 0.0 0.0212765957447 65 235 53
226 22 -132.606193496 276.619951942 0.005 0.604 0.0 0.00970873786408 94 206 53
227 39 -152.727320167 316.862205283 0.005 0.307 0.0147058823529 0.0948275862069 68 232 53
228 12 -164.746521875 340.900608699 0.005 0.406 0.0 0.00621118012422 139 161 53
229 16 -174.539912796 360.487390541 0.005 0.307 0.0 0.028901734104 127 173 53
230 8 -176.875820083 365.159205116 0.005 0.307 0.0 0.0320512820513 144 156 53
231 40 -153.125939052 317.659443054 0.005 0.208 0.0 0.180212014134 17 283 53
232 7 -160.760243739 332.928052427 0.005 0.208 0.0 0.156488549618 38 262 53
234 8 -154.44355684 320.29467863 0.005 0.208 1.0 0.183946488294 1 299 53
235 11 -153.72952522 318.866615389 0.005 0.406 0.0 0.0394088669951 97 203 53
236 12 -176.546001992 364.499568934 0.005 0.109 0.0 0.248322147651 2 298 53
237 3 -143.088864688 297.585294325 0.005 0.505 0.0 0.0292682926829 95 205 53
238 25 -155.068271647 321.544108243 0.005 0.208 nan 0.176666666667 0 300 53
240 3 -138.617280123 288.642125195 0.005 0.307 0.0188679245283 0.085020242915 53 247 53
241 4 -135.812582186 283.032729322 0.005 0.406 0.0 0.080971659919 53 247 53
242 7 -160.363137682 332.133840313 0.005 0.406 0.0 0.0359281437126 133 167 53
243 13 -139.386370351 290.180305652 0.005 0.406 0.0 0.0734693877551 55 245 53
244 28 -186.156813892 383.721192734 0.005 0.109 nan 0.306666666667 0 300 53
245 9 -152.385769433 316.179103816 0.005 0.208 0.0 0.161870503597 22 278 53
247 15 -169.717946775 350.8434585 0.005 0.208 0.0 0.093023255814 85 215 53
248 35 -165.285171755 341.977908459 0.005 0.208 nan 0.233333333333 0 300 53
253 4 -131.593831486 274.595227921 0.005 0.703 0.0 0.0230414746544 83 217 53
256 10 -179.524149636 370.455864221 0.005 0.208 0.0 0.0643274853801 129 171 53
257 24 -133.183343201 277.774251352 0.005 0.703 0.0 0.00980392156863 96 204 53
258 8 -163.637108811 338.68178257 0.005 0.208 nan 0.226666666667 0 300 53
259 14 -77.3540254082 166.115615766 0.005 1.0 0.0 0.00401606425703 51 249 53
260 13 -168.296137126 347.999839201 0.005 0.208 0.0 0.180212014134 17 283 53
261 7 -189.593178857 390.593922662 0.005 0.109 nan 0.316666666667 0 300 53
262 11 -160.432753549 332.273072046 0.005 0.307 0.0 0.0492610837438 97 203 53
263 8 -134.566537658 280.540640265 0.005 0.307 0.0 0.116541353383 34 266 53
264 3 -119.420418364 250.248401677 0.005 0.505 0.0 0.0549019607843 45 255 53
1519 17 -179.143833953 369.695232855 0.005 0.109 nan 0.26 0 300 53
1520 4 -153.223654439 317.854873828 0.005 0.604 0.0 0.0 119 181 53
1521 17 -162.54348549 336.494535929 0.005 0.307 0.0112359550562 0.109004739336 89 211 53
1523 14 -180.679215004 372.765994957 0.005 0.109 0.0 0.25 20 280 53
1524 11 -159.099058348 329.605681645 0.005 0.307 0.0 0.0941704035874 77 223 53
1525 12 -155.175618572 321.758802094 0.005 0.406 0.0 0.030612244898 104 196 53
1526 11 -141.803696988 295.014958926 0.005 0.505 0.0 0.0105263157895 110 190 53
1527 15 -167.310675013 346.028914975 0.005 0.208 0.0 0.128205128205 66 234 53
1528 2 -159.677032883 330.761630716 0.005 0.406 0.0 0.0174418604651 128 172 53
1529 2 -144.247303398 299.902171745 0.005 0.604 0.0 0.00523560209424 109 191 53
1530 15 -159.91771054 331.24298603 0.005 0.307 0.0 0.0574162679426 91 209 53
1531 10 -139.889623299 291.186811547 0.005 0.505 0.0112359550562 0.0284360189573 89 211 53
1532 15 -148.618408718 308.644382386 0.005 0.208 nan 0.18 0 300 53
1533 22 -166.533480721 344.474526391 0.005 0.307 0.0 0.0338983050847 123 177 53
1534 19 -176.17066995 363.748904849 0.005 0.109 nan 0.266666666667 0 300 53
1535 15 -123.065087794 257.537740538 0.005 0.505 0.0 0.0498084291188 39 261 53
1536 5 -150.461251564 312.330068078 0.005 0.307 0.0 0.0843373493976 51 249 54
1537 12 -165.289744409 341.987053767 0.005 0.307 0.0 0.0588235294118 96 204 54
1538 32 -184.34345979 380.094484529 0.005 0.109 nan 0.27 0 300 54
1539 24 -147.709338868 306.826242685 0.005 0.208 0.0 0.163194444444 12 288 54
1540 8 -150.054574117 311.516713184 0.005 0.406 0.0 0.0660792951542 73 227 54
1541 11 -178.854099841 369.115764631 0.005 0.109 nan 0.273333333333 0 300 54
1542 7 -154.60059061 320.608746169 0.005 0.208 0.0588235294118 0.187279151943 17 283 54
1543 7 -142.204731681 295.817028312 0.005 0.505 0.0 0.0252525252525 102 198 54
1544 13 -148.317396589 308.042358128 0.005 0.406 0.0123456790123 0.0502283105023 81 219 54
1545 25 -169.862119668 351.131804286 0.005 0.208 0.0 0.213793103448 10 290 54
1546 12 -162.605171957 336.617908864 0.005 0.505 0.0 0.0059880239521 133 167 54
1547 23 -207.667321546 426.742208041 0.07 0.01 0.25 0.489864864865 4 296 54
1549 27 -153.543207857 318.493980664 0.005 0.406 0.0 0.030612244898 104 196 54
1550 4 -152.452945167 316.313455283 0.005 0.307 0.0 0.0886075949367 63 237 54
1553 11 -150.378293048 312.164151045 0.005 0.307 0.0 0.130434782609 24 276 54
140 11 -146.262037882 303.931640714 0.005 0.505 0.0 0.0307692307692 105 195 54
141 4 -144.095914314 299.599393576 0.005 0.307 0.0 0.100775193798 42 258 54
142 10 -128.734306432 268.876177814 0.005 0.406 0.0 0.0658914728682 42 258 54
143 21 -198.02861471 407.46479437 0.005 0.109 0.0555555555556 0.31914893617 18 282 54
144 16 -135.371560487 282.150685924 0.005 0.604 0.0 0.0 105 195 54
145 10 -130.474298649 272.356162247 0.005 0.505 0.0140845070423 0.0349344978166 71 229 54
146 24 -157.838299985 327.08416492 0.005 0.307 0.0 0.114893617021 65 235 54
147 11 -153.120437247 317.648439443 0.005 0.307 0.0 0.114942528736 39 261 54
148 3 -179.029474785 369.46651452 0.005 0.208 0.0 0.17 100 200 54
149 5 -156.004897056 323.417359062 0.005 0.406 0.0 0.0260416666667 108 192 54
150 25 -147.505191425 306.4179478 0.005 0.406 0.0104166666667 0.0392156862745 96 204 54
151 21 -141.895731461 295.199027871 0.005 0.406 0.0113636363636 0.0471698113208 88 212 54
152 9 -109.790797717 230.989160384 0.005 0.802 0.0 0.0132743362832 74 226 54
153 15 -194.450409323 400.308383596 0.005 0.109 nan 0.333333333333 0 300 54
154 3 -139.29724258 290.002050109 0.005 0.406 0.0 0.0728744939271 53 247 54
155 0 -149.584254613 310.576074174 0.005 0.307 0.0434782608696 0.14440433213 23 277 54
157 8 -151.287475453 313.982515856 0.005 0.307 0.0 0.104417670683 51 249 54
158 9 -133.508209257 278.423983463 0.005 0.802 0.0 0.0 102 198 54
159 15 -145.435632594 302.278830136 0.005 0.505 0.0 0.0106382978723 112 188 54
160 29 -163.755833485 338.919231918 0.005 0.307 0.0121951219512 0.0779816513761 82 218 54
161 4 -125.752877146 262.913319241 0.005 0.406 0.0 0.0697674418605 42 258 54
162 19 -176.918603605 365.244772159 0.005 0.208 0.0 0.148471615721 71 229 54
163 3 -142.151427143 295.710419236 0.005 0.307 0.0153846153846 0.0723404255319 65 235 54
164 2 -149.708641135 310.82484722 0.005 0.208 0.0 0.163763066202 13 287 54
165 12 -176.883382993 365.174330935 0.005 0.109 nan 0.273333333333 0 300 54
166 1 -130.121572133 271.650709216 0.005 0.703 0.0 0.0 102 198 54
168 37 -158.625479964 328.658524876 0.005 0.208 0.125 0.198630136986 8 292 54
170 12 -169.275292168 349.958149285 0.005 0.208 0.0 0.0995260663507 89 211 54
171 5 -121.673270234 254.754105417 0.005 0.604 0.0 0.00888888888889 75 225 54
172 9 -143.543807311 298.495179572 0.005 0.505 0.0 0.0315315315315 78 222 54
173 5 -114.744086014 240.895736977 0.005 0.406 0.0 0.0631970260223 31 269 54
174 1 -175.736653901 362.880872752 0.005 0.208 0.0 0.0595238095238 132 168 54
175 12 -175.336565841 362.080696631 0.005 0.307 0.0 0.00649350649351 146 154 54
176 21 -179.758663296 370.924891541 0.005 0.109 nan 0.243333333333 0 300 54
177 40 -200.834490243 413.076545435 0.03 0.109 0.111111111111 0.381443298969 9 291 54
178 8 -129.859597295 271.12675954 0.005 0.406 0.0 0.0515021459227 67 233 54
179 4 -170.86947506 353.146515069 0.005 0.208 0.0266666666667 0.124444444444 75 225 54
180 8 -156.944722566 325.297010082 0.005 0.208 0.0 0.148148148148 30 270 54
181 4 -179.744460516 370.896485981 0.005 0.109 nan 0.29 0 300 54
183 5 -103.293473879 217.994512707 0.005 0.703 0.0 0.032967032967 27 273 54
184 3 -155.452059746 322.311684442 0.005 0.208 0.0 0.135338345865 34 266 54
185 7 -145.558699811 302.524964571 0.005 0.208 nan 0.186666666667 0 300 54
186 11 -186.799650323 385.006865595 0.005 0.208 0.0172413793103 0.0978260869565 116 184 54
187 8 -132.393253659 276.194072268 0.005 0.406 0.0 0.0787401574803 46 254 54
188 20 -153.065886797 317.539338543 0.005 0.406 0.0 0.0380952380952 90 210 54
189 3 -147.357842323 306.123249595 0.005 0.208 nan 0.196666666667 0 300 54
190 32 -189.237952875 389.8834707 0.005 0.109 nan 0.326666666667 0 300 54
192 7 -119.191967122 249.791499192 0.005 0.604 0.0 0.025974025974 69 231 54
193 2 -117.953724165 247.31501328 0.005 0.802 0.0 0.00904977375566 79 221 54
194 9 -130.217156331 271.841877612 0.005 0.505 0.0 0.0361445783133 51 249 54
195 9 -151.33502091 314.07760677 0.005 0.208 nan 0.18 0 300 54
196 0 -155.503948844 322.415462638 0.005 0.406 0.0 0.031914893617 112 188 54
197 23 -194.05930452 399.526173989 0.02 0.109 0.5 0.348993288591 2 298 54
198 8 -112.634036043 236.675637034 0.005 0.901 0.0 0.00467289719626 86 214 54
199 11 -112.467606261 236.342777471 0.005 0.802 0.0 0.00446428571429 76 224 54
200 22 -152.185761458 315.779087866 0.005 0.208 0.125 0.154929577465 16 284 54
202 17 -176.81352291 365.034610769 0.005 0.109 nan 0.276666666667 0 300 54
203 7 -116.173371454 243.754307856 0.005 0.901 0.0 0.0 85 215 54
204 22 -170.676561884 352.760688717 0.005 0.208 0.0 0.0974358974359 105 195 54
206 32 -127.905792635 267.219150219 0.005 0.604 0.0 0.0137614678899 82 218 54
207 6 -167.509363551 346.426292051 0.005 0.406 0.0 0.0 139 161 54
208 34 -154.38781623 320.18319741 0.005 0.208 0.0 0.127272727273 25 275 54
212 1 -115.74565719 242.898879329 0.005 1.0 0.0 0.0093023255814 85 215 54
213 18 -207.156855554 425.721276057 0.005 0.01 nan 0.46 0 300 54
215 8 -150.597796409 312.603157766 0.005 0.307 0.0377358490566 0.109311740891 53 247 54
216 1 -173.095508172 357.598581294 0.005 0.208 0.0 0.0792079207921 98 202 54
217 16 -145.690889271 302.789343492 0.005 0.208 0.0 0.150170648464 7 293 54
218 3 -168.673198431 348.75396181 0.005 0.307 0.0 0.0220994475138 119 181 54
220 26 -130.110267341 271.62809963 0.005 0.703 0.0 0.00961538461538 92 208 54
221 3 -157.900182477 327.207929903 0.005 0.208 nan 0.206666666667 0 300 54
223 15 -101.956446351 215.320457652 0.005 0.604 0.0 0.0380228136882 37 263 54
225 4 -151.917413146 315.242391242 0.005 0.307 0.0 0.103846153846 40 260 54
226 22 -158.31283027 328.03322549 0.005 0.208 0.0 0.191780821918 8 292 54
227 39 -168.728578319 348.864721587 0.005 0.208 0.02 0.172 50 250 54
228 12 -168.616859971 348.641284892 0.005 0.307 0.0 0.0772946859903 93 207 54
229 16 -147.12909015 305.665745249 0.005 0.406 0.0135135135135 0.0575221238938 74 226 54
230 8 -154.706324996 320.820214941 0.005 0.604 0.0 0.010989010989 118 182 54
231 40 -144.117126992 299.641818934 0.005 0.307 0.0 0.0859375 44 256 54
232 7 -114.788940972 240.985446893 0.005 0.703 0.0 0.0132158590308 73 227 54
234 8 -124.771400052 260.950365053 0.005 0.703 0.0 0.00485436893204 94 206 54
235 11 -204.486986659 420.381538268 0.005 0.109 0.0 0.0178571428571 188 112 54
236 12 -182.249295262 375.906155473 0.005 0.109 0.0 0.275510204082 6 294 54
237 3 -132.271788118 275.951141185 0.005 0.604 0.0 0.0232558139535 85 215 54
238 25 -184.114285229 379.636135408 0.005 0.208 0.0 0.132653061224 104 196 54
240 3 -135.433648889 282.274862727 0.005 0.307 0.0 0.0988593155894 37 263 54
241 4 -105.291693886 221.990952722 0.005 0.802 0.0 0.0161943319838 53 247 54
242 7 -109.362830187 230.133225324 0.005 0.901 0.0 0.0 84 216 54
243 13 -110.530068619 232.467702187 0.005 1.0 0.0 0.0 80 220 54
244 28 -177.708438367 366.824441682 0.005 0.109 nan 0.263333333333 0 300 54
245 9 -171.598345751 354.60425645 0.005 0.208 0.0 0.112676056338 87 213 54
247 15 -122.583737654 256.575040257 0.005 0.406 0.0 0.0608365019011 37 263 54
248 35 -170.552857237 352.513279422 0.005 0.307 0.0 0.0188679245283 141 159 54
253 4 -107.31412084 226.03580663 0.005 0.901 0.0185185185185 0.0121951219512 54 246 54
256 10 -134.927711892 281.262988734 0.005 0.505 0.0 0.0318181818182 80 220 54
257 24 -149.387618623 310.182802195 0.005 0.505 0.0 0.0108108108108 115 185 54
258 8 -148.440891535 308.28934802 0.005 0.406 0.0 0.0361990950226 79 221 54
259 14 -150.948653862 313.304872674 0.005 0.208 1.0 0.180602006689 1 299 54
260 13 -149.685627753 310.778820455 0.005 0.604 0.0 0.0 127 173 54
261 7 -188.644302861 388.696170671 0.005 0.109 nan 0.313333333333 0 300 54
262 11 -145.60450755 302.61658005 0.005 0.406 0.0 0.0641025641026 66 234 54
263 8 -88.3858205514 188.179206052 0.005 1.0 0.0 0.0 63 237 54
264 3 -144.789797322 300.987159593 0.005 0.406 0.0 0.030303030303 102 198 54
1519 17 -173.479401859 358.366368667 0.005 0.109 nan 0.243333333333 0 300 54
1520 4 -91.7719904678 194.951545885 0.005 1.0 0.0 0.0 60 240 54
1521 17 -138.866806458 289.141177866 0.005 0.505 0.0 0.0284360189573 89 211 54
1523 14 -159.881031787 331.169628523 0.005 0.208 0.0 0.156934306569 26 274 54
1524 11 -161.2657256 333.939016149 0.005 0.208 nan 0.223333333333 0 300 54
1525 12 -156.774104395 324.95577374 0.005 0.307 0.0 0.0825688073394 82 218 54
1526 11 -145.052945886 301.513456722 0.005 0.208 0.333333333333 0.16835016835 3 297 54
1527 15 -176.51169662 364.43095819 0.005 0.109 nan 0.27 0 300 54
1528 2 -177.746136925 366.8998388 0.005 0.109 0.0 0.233449477352 13 287 54
1529 2 -124.996850655 261.401266259 0.005 0.703 0.0 0.0269058295964 77 223 54
1530 15 -146.293803128 303.995171206 0.005 0.307 0.0 0.0931174089069 53 247 54
1531 10 -138.625629256 288.658823461 0.005 0.406 0.0 0.0791666666667 60 240 54
1532 15 -131.259902924 273.927370797 0.005 0.505 0.0 0.0308370044053 73 227 54
1533 22 -112.657417109 236.722399168 0.005 0.901 0.0 0.00456621004566 81 219 54
1534 19 -182.823642649 377.054850247 0.005 0.109 nan 0.286666666667 0 300 54
1535 15 -160.764058032 332.935681014 0.005 0.208 nan 0.213333333333 0 300 54
1536 5 -117.361089803 246.129744556 0.005 0.604 0.0 0.0255319148936 65 235 55
1537 12 -139.842871768 291.093308485 0.005 0.406 0.0175438596491 0.0740740740741 57 243 55
1538 32 -169.585250034 350.578065018 0.005 0.208 0.0 0.138576779026 33 267 55
1539 24 -119.800846089 251.009257128 0.005 0.802 0.0 0.00952380952381 90 210 55
1540 8 -110.981500502 233.370565953 0.005 0.703 0.0 0.0255319148936 65 235 55
1541 11 -155.647501822 322.702568594 0.005 0.208 0.0 0.170818505338 19 281 55
1542 7 -139.324248583 290.056062115 0.005 0.604 0.0 0.0150753768844 101 199 55
1543 7 -151.863808631 315.135182212 0.005 0.406 0.0 0.0443349753695 97 203 55
1544 13 -127.189190912 265.785946774 0.005 0.505 0.0 0.0420168067227 62 238 55
1545 25 -130.568013138 272.543591225 0.005 0.406 0.0 0.0517928286853 49 251 55
1546 12 -103.430409758 218.268384465 0.005 0.901 0.0 0.00877192982456 72 228 55
1547 23 -206.183632594 423.774830136 0.2 0.109 0.509090909091 0.420408163265 55 245 55
1549 27 -173.527531685 358.462628319 0.005 0.109 nan 0.243333333333 0 300 55
1550 4 -125.403635747 262.214836443 0.005 0.604 0.0 0.0229357798165 82 218 55
1553 11 -134.711232592 280.830030133 0.005 0.604 0.0 0.00985221674877 97 203 55
140 11 -129.977856278 271.363277505 0.005 0.604 0.0 0.0183486238532 82 218 55
141 4 -148.804744842 309.017054634 0.005 0.307 0.025 0.107692307692 40 260 55
142 10 -130.279380188 271.966325326 0.005 0.505 0.0 0.0391304347826 70 230 55
143 21 -189.182604559 389.772774067 0.005 0.109 nan 0.316666666667 0 300 55
144 16 -136.882968406 285.17350176 0.005 0.703 0.0 0.00492610837438 97 203 55
145 10 -155.24850329 321.904571529 0.005 0.406 0.0 0.0357142857143 104 196 55
146 24 -195.584731735 402.577028419 0.005 0.208 0.0 0.0896551724138 155 145 55
147 11 -148.355286619 308.118138187 0.005 0.307 0.0 0.133333333333 30 270 55
148 3 -165.603022571 342.613610091 0.005 0.208 0.0 0.102222222222 75 225 55
149 5 -141.01823243 293.44402981 0.005 0.406 0.0 0.0734693877551 55 245 55
150 25 -162.643645002 336.694854954 0.005 0.406 0.00840336134454 0.0276243093923 119 181 55
151 21 -148.545711298 308.498987546 0.005 0.505 0.0 0.0104166666667 108 192 55
152 9 -167.274997168 345.957559286 0.005 0.406 0.0 0.0 146 154 55
153 15 -195.534812495 402.477189939 0.015 0.109 0.5 0.348993288591 2 298 55
154 3 -149.004036654 309.415638256 0.005 0.307 0.0 0.130597014925 32 268 55
155 0 -94.7142527698 200.836070489 0.005 1.0 0.0 0.0 67 233 55
157 8 -166.232307246 343.872179441 0.005 0.208 0.0357142857143 0.183823529412 28 272 55
158 9 -128.217322924 267.842210797 0.005 0.802 0.0 0.0 99 201 55
159 15 -129.809675371 271.02691569 0.005 0.901 0.0 0.0 97 203 55
160 29 -139.542593945 290.492752839 0.005 0.307 0.0 0.0926640926641 41 259 55
161 4 -127.481479745 266.37052444 0.005 0.604 0.0 0.0173913043478 70 230 55
162 19 -191.074045412 393.555655774 0.005 0.109 1.0 0.314381270903 1 299 55
163 3 -127.356335975 266.1202369 0.005 0.406 0.0384615384615 0.0802919708029 26 274 55
164 2 -172.695158133 356.797881216 0.005 0.307 0.0 0.0497237569061 119 181 55
165 12 -175.261795362 361.931155673 0.005 0.109 0.5 0.241610738255 2 298 55
166 1 -152.002009769 315.411584488 0.005 0.307 0.0 0.0886075949367 63 237 55
168 37 -155.517892678 322.443350306 0.005 0.307 0.0 0.102040816327 55 245 55
170 12 -163.437046411 338.281657771 0.005 0.208 0.0 0.139534883721 42 258 55
171 5 -118.105841196 247.619247341 0.005 0.901 0.0 0.00473933649289 89 211 55
172 9 -150.723960137 312.855485224 0.005 0.208 1.0 0.183946488294 1 299 55
173 5 -164.499280067 340.406125084 0.005 0.208 0.0487804878049 0.104247104247 41 259 55
174 1 -132.41783498 276.24323491 0.005 0.505 0.0 0.0401785714286 76 224 55
175 12 -152.803743707 317.015052364 0.005 0.505 0.00892857142857 0.0106382978723 112 188 55
176 21 -184.326183158 380.059931266 0.005 0.109 nan 0.296666666667 0 300 55
177 40 -204.227708972 419.862982894 0.18 0.109 0.5 0.438461538462 40 260 55
178 8 -153.752475081 318.912515112 0.005 0.406 0.0 0.030303030303 102 198 55
179 4 -151.286468128 313.980501206 0.005 0.307 0.0 0.0944206008584 67 233 55
180 8 -161.330720477 334.069005903 0.005 0.208 0.0 0.19298245614 15 285 55
181 4 -181.1375263 373.682617549 0.005 0.109 0.5 0.265100671141 2 298 55
183 5 -150.547554121 312.502673191 0.005 0.208 0.0666666666667 0.164912280702 15 285 55
184 3 -160.569482511 332.546529972 0.005 0.307 0.0108695652174 0.0769230769231 92 208 55
185 7 -133.627151689 278.661868327 0.005 0.505 0.0 0.0299145299145 66 234 55
186 11 -169.27191144 349.951387829 0.005 0.307 0.0 0.0380434782609 116 184 55
187 8 -82.7921356824 176.991836314 0.005 1.0 0.0 0.00803212851406 51 249 55
188 20 -153.677471286 318.762507522 0.005 0.307 0.0 0.115537848606 49 251 55
189 3 -175.649360479 362.706285907 0.005 0.109 0.0555555555556 0.241134751773 18 282 55
190 32 -180.06393266 371.53543027 0.005 0.109 nan 0.293333333333 0 300 55
192 7 -127.372380063 266.152325075 0.005 0.307 0.0285714285714 0.0943396226415 35 265 55
193 2 -148.512569366 308.432703682 0.005 0.505 0.0 0.0322580645161 83 217 55
194 9 -176.221629482 363.850823914 0.005 0.208 0.0 0.0851063829787 112 188 55
195 9 -176.369244092 364.146053133 0.005 0.109 0.0 0.242424242424 3 297 55
196 0 -133.980143703 279.367852356 0.005 0.604 0.0 0.0 104 196 55
197 23 -188.846620233 389.100805416 0.005 0.109 0.0238095238095 0.251937984496 42 258 55
198 8 -77.9160672888 167.239699527 0.005 1.0 0.0 0.004 50 250 55
199 11 -166.148413266 343.704391481 0.005 0.406 0.0 0.0162162162162 115 185 55
200 22 -150.534089237 312.475743424 0.005 0.406 0.0 0.0257731958763 106 194 55
202 17 -184.046923646 379.501412242 0.005 0.109 nan 0.296666666667 0 300 55
203 7 -103.20254083 217.812646609 0.005 1.0 0.0 0.0 70 230 55
204 22 -144.289644137 299.986853223 0.005 0.406 0.0 0.070796460177 74 226 55
206 32 -113.890896704 239.189358358 0.005 0.505 0.0 0.0649819494585 23 277 55
207 6 -151.510797378 314.429159705 0.005 0.307 0.0 0.116465863454 51 249 55
208 34 -153.152832261 317.713229471 0.005 0.208 0.125 0.188356164384 8 292 55
212 1 -143.946807906 299.301180761 0.005 0.307 0.0 0.0912698412698 48 252 55
213 18 -207.093454221 425.594473392 0.005 0.01 nan 0.453333333333 0 300 55
215 8 -113.955724459 239.319013868 0.005 0.505 0.0 0.0522388059701 32 268 55
216 1 -149.529852837 310.467270624 0.005 0.406 0.0 0.035175879397 101 199 55
217 16 -155.484809451 322.377183852 0.005 0.406 0.0 0.0416666666667 108 192 55
218 3 -139.382841196 290.173247341 0.005 0.406 0.0 0.047619047619 69 231 55
220 26 -123.259483435 257.926531819 0.005 0.505 0.0 0.0489795918367 55 245 55
221 3 -136.211678218 283.830921386 0.005 0.901 0.0 0.0 112 188 55
223 15 -120.96258446 253.33273387 0.005 0.802 0.0 0.0183486238532 82 218 55
225 4 -170.283475509 351.974515968 0.005 0.208 0.0454545454545 0.13671875 44 256 55
226 22 -153.753159622 318.913884193 0.005 0.208 0.0 0.156862745098 45 255 55
227 39 -154.53203215 320.471629249 0.005 0.208 0.047619047619 0.147286821705 42 258 55
228 12 -108.255894864 227.919354678 0.005 0.802 0.0 0.0 75 225 55
229 16 -163.727763473 338.863091896 0.005 0.208 0.0 0.153543307087 46 254 55
230 8 -127.888479004 267.184522957 0.005 0.703 0.0 0.00485436893204 94 206 55
231 40 -133.917889912 279.243344774 0.005 0.406 0.0 0.0468085106383 65 235 55
232 7 -139.3135418 290.034648549 0.005 0.406 0.0 0.0438596491228 72 228 55
234 8 -144.128765642 299.665096233 0.005 0.406 0.0 0.0717299578059 63 237 55
235 11 -139.946911517 291.301387984 0.005 0.406 0.0 0.0647773279352 53 247 55
236 12 -187.911029129 387.229623207 0.005 0.109 0.5 0.288590604027 2 298 55
237 3 -141.019157816 293.445880581 0.005 0.505 0.0 0.0379146919431 89 211 55
238 25 -136.85496713 285.11749921 0.005 0.307 0.0 0.0748031496063 46 254 55
240 3 -113.299780506 238.007125961 0.005 0.703 0.0166666666667 0.0208333333333 60 240 55
241 4 -149.800896307 311.009357564 0.005 0.208 0.2 0.176271186441 5 295 55
242 7 -100.436802374 212.281169698 0.005 0.901 0.0 0.00434782608696 70 230 55
243 13 -160.568494888 332.544554724 0.005 0.307 0.0 0.0776255707763 81 219 55
244 28 -127.645935473 266.699435896 0.005 0.604 0.0 0.0093023255814 85 215 55
245 9 -147.180828777 305.769222503 0.005 0.307 0.0 0.08984375 44 256 55
247 15 -147.911431664 307.230428278 0.005 0.307 0.037037037037 0.135531135531 27 273 55
248 35 -162.720670193 336.848905336 0.005 0.208 0.0 0.175182481752 26 274 55
253 4 -124.889953256 261.187471462 0.005 0.703 0.0 0.0 89 211 55
256 10 -151.453258948 314.314082846 0.005 0.406 0.0 0.0372340425532 112 188 55
257 24 -152.186038508 315.779641965 0.005 0.307 0.08 0.123636363636 25 275 55
258 8 -181.26080113 373.92916721 0.005 0.109 0.25 0.266891891892 4 296 55
259 14 -155.24653115 321.900627249 0.005 0.307 0.0 0.0871369294606 59 241 55
260 13 -163.278113791 337.963792531 0.005 0.208 nan 0.23 0 300 55
261 7 -197.792046852 406.991658654 0.005 0.109 nan 0.33 0 300 55
262 11 -178.115662939 367.638890826 0.005 0.307 0.0 0.0208333333333 156 144 55
263 8 -144.867480357 301.142525664 0.005 0.406 0.0 0.0526315789474 91 209 55
264 3 -142.293422768 295.994410485 0.005 0.406 0.0 0.0833333333333 60 240 55
1519 17 -159.055931342 329.519427633 0.005 0.208 0.125 0.188356164384 8 292 55
1520 4 -114.417728053 240.243021055 0.005 0.505 0.0 0.04296875 44 256 55
1521 17 -173.443006005 358.293576959 0.005 0.109 nan 0.253333333333 0 300 55
1523 14 -185.770971182 382.949507314 0.005 0.208 0.0 0.147959183673 104 196 55
1524 11 -149.391788159 310.191141266 0.005 0.208 nan 0.176666666667 0 300 55
1525 12 -148.689197134 308.785959217 0.005 0.307 0.0 0.0622222222222 75 225 55
1526 11 -133.85238611 279.112337169 0.005 0.505 0.0 0.0438596491228 72 228 55
1527 15 -149.870380776 311.148326501 0.005 0.307 0.0 0.087786259542 38 262 55
1528 2 -99.5993289587 210.606222867 0.005 1.0 0.0 0.0 72 228 55
1529 2 -168.796120154 348.999805257 0.005 0.307 0.0 0.0534759358289 113 187 55
1530 15 -125.966765192 263.341095334 0.005 0.703 0.0 0.00917431192661 82 218 55
1531 10 -147.291928175 305.991421299 0.005 0.505 0.0 0.0310880829016 107 193 55
1532 15 -165.601913784 342.611392518 0.005 0.307 0.0 0.0579710144928 93 207 55
1533 22 -107.890377302 227.188319552 0.005 0.802 0.0 0.0127659574468 65 235 55
1534 19 -173.090524716 357.588614381 0.005 0.109 nan 0.25 0 300 55
1535 15 -164.754261761 340.916088472 0.005 0.406 0.0 0.0121951219512 136 164 55
1536 5 -160.00092893 331.409422809 0.005 0.208 0.0 0.156363636364 25 275 56
1537 12 -168.736921775 348.8814085 0.005 0.307 0.019801980198 0.0603015075377 101 199 56
1538 32 -183.051863444 377.511291837 0.005 0.109 0.0 0.204819277108 51 249 56
1539 24 -87.1484400692 185.704445088 0.005 1.0 0.0 0.0 60 240 56
1540 8 -156.273943485 323.955451919 0.005 0.406 0.0 0.0232558139535 128 172 56
1541 11 -153.14975788 317.70708071 0.005 0.208 0.0714285714286 0.181818181818 14 286 56
1542 7 -134.429420735 280.266406418 0.005 0.307 0.0833333333333 0.121527777778 12 288 56
1543 7 -119.991269068 251.390103086 0.005 0.604 0.0 0.0329218106996 57 243 56
1544 13 -141.507831452 294.423227853 0.005 0.406 0.0 0.0645161290323 52 248 56
1545 25 -139.67133498 290.750234909 0.005 0.307 0.0 0.125899280576 22 278 56
1546 12 -120.694412591 252.796390131 0.005 1.0 0.0 0.0 95 205 56
1547 23 -207.567762053 426.543089055 0.025 0.01 1.0 0.47491638796 1 299 56
1549 27 -152.691122704 316.789810358 0.005 0.406 0.0 0.0366492146597 109 191 56
1550 4 -171.244274634 353.896114217 0.005 0.208 0.0 0.148471615721 71 229 56
1553 11 -151.078733635 313.56503222 0.005 0.307 0.027027027027 0.133079847909 37 263 56
140 11 -114.741064177 240.889693303 0.005 0.802 0.0 0.0046511627907 85 215 56
141 4 -163.958235953 339.324036855 0.005 0.307 0.0 0.0166666666667 120 180 56
142 10 -124.078204013 259.563972975 0.005 0.901 0.0 0.00485436893204 94 206 56
143 21 -168.482565466 348.372695881 0.005 0.208 0.0 0.151750972763 43 257 56
144 16 -173.889076463 359.185717875 0.005 0.406 0.0 0.00662251655629 149 151 56
145 10 -153.418589868 318.244744686 0.005 0.307 0.0166666666667 0.1125 60 240 56
146 24 -147.96343454 307.334434029 0.005 0.307 0.03125 0.100746268657 32 268 56
147 11 -142.668198762 296.743962473 0.005 0.703 0.0 0.0 108 192 56
148 3 -144.116565019 299.640694986 0.005 0.505 0.0 0.0384615384615 92 208 56
149 5 -145.927227137 303.262019224 0.005 0.406 0.0126582278481 0.0497737556561 79 221 56
150 25 -136.3347039 284.07697275 0.005 0.505 0.0140845070423 0.0349344978166 71 229 56
151 21 -134.967117558 281.341800065 0.005 0.406 0.0 0.0491803278689 56 244 56
152 9 -131.32248156 274.052528069 0.005 0.406 0.0 0.0617283950617 57 243 56
153 15 -193.278355994 397.964276937 0.015 0.109 nan 0.34 0 300 56
154 3 -123.756799292 258.921163534 0.005 0.505 0.0 0.037037037037 57 243 56
155 0 -152.244379895 315.89632474 0.005 0.406 0.0 0.0353535353535 102 198 56
157 8 -162.139922447 335.687409844 0.005 0.208 0.0 0.141342756184 17 283 56
158 9 -101.45145958 214.31048411 0.005 1.0 0.0 0.0 72 228 56
159 15 -173.681265994 358.770096938 0.005 0.307 0.0 0.0421686746988 134 166 56
160 29 -153.467212138 318.341989226 0.005 0.307 0.0 0.084388185654 63 237 56
161 4 -139.824473408 291.056511766 0.005 0.703 0.0 0.0105263157895 110 190 56
162 19 -204.371044757 420.149654463 0.005 0.109 nan 0.36 0 300 56
163 3 -144.534133582 300.475832113 0.005 0.406 0.0125 0.0590909090909 80 220 56
164 2 -134.00342115 279.41440725 0.005 0.406 0.03125 0.0783582089552 32 268 56
165 12 -193.237716232 397.882997413 0.025 0.109 1.0 0.351170568562 1 299 56
166 1 -137.035973669 285.479512288 0.005 0.406 0.0 0.0698689956332 71 229 56
168 37 -161.023993896 333.455552741 0.005 0.208 nan 0.216666666667 0 300 56
170 12 -150.500641943 312.408848836 0.005 0.307 0.0 0.1 60 240 56
171 5 -151.754962639 314.917490227 0.005 0.505 0.0 0.0103626943005 107 193 56
172 9 -169.439393572 350.286352094 0.005 0.307 0.0 0.0561797752809 122 178 56
173 5 -109.180875662 229.769316274 0.005 1.0 0.0 0.0 85 215 56
174 1 -148.145526085 307.698617119 0.005 0.307 0.0 0.0833333333333 48 252 56
175 12 -147.8077859 307.023136749 0.005 0.307 0.0 0.111940298507 32 268 56
176 21 -165.219899704 341.847364357 0.005 0.208 0.0 0.160784313725 45 255 56
177 40 -191.395792507 394.199149963 0.01 0.109 nan 0.333333333333 0 300 56
178 8 -127.072862829 265.553290608 0.005 0.505 0.0 0.0391304347826 70 230 56
179 4 -174.840692893 361.088950734 0.005 0.109 nan 0.263333333333 0 300 56
180 8 -156.300300778 324.008166505 0.005 0.406 0.0 0.0212765957447 112 188 56
181 4 -185.750228068 382.908021085 0.005 0.109 nan 0.313333333333 0 300 56
183 5 -126.683044738 264.773654426 0.005 0.406 0.03125 0.0820895522388 32 268 56
184 3 -159.078553593 329.564672135 0.005 0.307 0.0 0.0816326530612 104 196 56
185 7 -135.893411811 283.194388572 0.005 0.505 0.0 0.0144230769231 92 208 56
186 11 -159.885497638 331.178560226 0.005 0.307 0.0 0.0492610837438 97 203 56
187 8 -120.318546548 252.044658045 0.005 0.505 0.0 0.0578512396694 58 242 56
188 20 -139.266318374 289.940201697 0.005 0.505 0.0 0.0279069767442 85 215 56
189 3 -161.660795207 334.729155364 0.005 0.208 nan 0.213333333333 0 300 56
190 32 -188.393875605 388.195316159 0.015 0.109 nan 0.33 0 300 56
192 7 -137.796173325 286.9999116 0.005 0.307 0.0 0.102661596958 37 263 56
193 2 -153.226659709 317.860884368 0.005 0.406 0.0 0.0545454545455 80 220 56
194 9 -143.078922213 297.565409374 0.005 0.307 0.0 0.122222222222 30 270 56
195 9 -155.24989972 321.907364389 0.005 0.208 0.25 0.185810810811 4 296 56
196 0 -179.611040817 370.629646584 0.005 0.307 0.0 0.0555555555556 138 162 56
197 23 -192.030839611 395.469244172 0.005 0.109 nan 0.323333333333 0 300 56
198 8 -159.67734787 330.762260689 0.005 0.406 0.0 0.0454545454545 102 198 56
199 11 -153.967083636 319.341732221 0.005 0.505 0.0 0.0247524752475 98 202 56
200 22 -133.789189965 278.98594488 0.005 0.307 nan 0.156666666667 0 300 56
202 17 -183.150170397 377.707905743 0.005 0.109 nan 0.283333333333 0 300 56
203 7 -140.714138549 292.835842047 0.005 0.505 0.0 0.00956937799043 91 209 56
204 22 -126.110027004 263.627618958 0.005 0.406 0.0 0.106529209622 9 291 56
206 32 -137.320043741 286.047652431 0.005 0.604 0.0 0.0 111 189 56
207 6 -154.450447366 320.308459682 0.005 0.406 0.0 0.0105263157895 110 190 56
208 34 -180.988535208 373.384635364 0.005 0.109 nan 0.286666666667 0 300 56
212 1 -105.880607074 223.168779098 0.005 0.901 0.0 0.00858369098712 67 233 56
213 18 -206.412133965 424.23183288 0.205 0.109 0.595238095238 0.449612403101 42 258 56
215 8 -134.082022519 279.571609988 0.005 0.505 0.0 0.00966183574879 93 207 56
216 1 -125.734787162 262.877139273 0.005 0.505 0.0 0.025974025974 69 231 56
217 16 -159.902535434 331.212635817 0.005 0.208 nan 0.226666666667 0 300 56
218 3 -163.155634351 337.718833651 0.005 0.307 0.0 0.0625 92 208 56
220 26 -77.3714433775 166.150451704 0.005 1.0 0.0 0.00395256916996 47 253 56
221 3 -174.862499917 361.132564784 0.005 0.109 nan 0.256666666667 0 300 56
223 15 -177.139732704 365.687030357 0.005 0.307 0.0 0.0426829268293 136 164 56
225 4 -140.864391626 293.136348202 0.005 0.406 0.0 0.038961038961 69 231 56
226 22 -156.280846546 323.969258041 0.005 0.208 0.166666666667 0.200680272109 6 294 56
227 39 -166.067367674 343.542300298 0.005 0.208 0.0 0.144927536232 24 276 56
228 12 -159.711045022 330.829654994 0.005 0.307 0.0108695652174 0.0769230769231 92 208 56
229 16 -137.812529845 287.032624639 0.005 0.307 0.05 0.114285714286 20 280 56
230 8 -108.984877669 229.377320288 0.005 0.802 0.015625 0.0169491525424 64 236 56
231 40 -197.49011502 406.387794988 0.005 0.109 0.0 0.0596026490066 149 151 56
232 7 -156.711220611 324.830006172 0.005 0.208 0.0 0.140562248996 51 249 56
234 8 -142.100302317 295.608169584 0.005 0.505 0.0 0.039603960396 98 202 56
235 11 -160.834786753 333.077138456 0.005 0.208 0.0 0.160583941606 26 274 56
236 12 -175.948371593 363.304308135 0.005 0.109 nan 0.253333333333 0 300 56
237 3 -126.743604687 264.894774323 0.005 0.604 0.0 0.0223214285714 76 224 56
238 25 -142.614795079 296.637155108 0.005 0.208 0.25 0.165540540541 4 296 56
240 3 -118.030418745 247.46840244 0.005 0.505 0.0 0.0447154471545 54 246 56
241 4 -150.944884882 313.297334713 0.005 0.208 0.0 0.160839160839 14 286 56
242 7 -155.906940227 323.221445404 0.005 0.307 0.0 0.101382488479 83 217 56
243 13 -156.058543901 323.524652751 0.005 0.406 0.0 0.0571428571429 90 210 56
244 28 -179.638256109 370.684077167 0.005 0.109 0.2 0.254237288136 5 295 56
245 9 -166.324219991 344.056004931 0.005 0.208 0.0 0.141078838174 59 241 56
247 15 -115.34900831 242.10558157 0.005 0.901 0.0 0.0 84 216 56
248 35 -182.918677525 377.24492 0.005 0.109 nan 0.3 0 300 56
253 4 -131.979333316 275.366231582 0.005 0.604 0.0 0.0048309178744 93 207 56
256 10 -153.039042311 317.485649571 0.005 0.406 0.0 0.0607476635514 86 214 56
257 24 -162.9590892 337.32574335 0.005 0.406 0.0 0.0331491712707 119 181 56
258 8 -167.813719689 347.035004327 0.005 0.307 0.0 0.043956043956 118 182 56
259 14 -141.447923289 294.303411528 0.005 0.406 0.0 0.0557939914163 67 233 56
260 13 -140.289210969 291.985986886 0.005 0.307 0.0 0.0983606557377 56 244 56
261 7 -176.270564672 363.948694294 0.005 0.109 0.0 0.224489795918 6 294 56
262 11 -172.736629059 356.880823068 0.005 0.406 0.0 0.0 149 151 56
263 8 -105.484316273 222.376197495 0.005 1.0 0.0 0.00442477876106 74 226 56
264 3 -136.897688177 285.202941303 0.005 0.505 0.0 0.0339805825243 94 206 56
1519 17 -171.597466431 354.602497811 0.005 0.208 0.05 0.2 20 280 56
1520 4 -147.004051281 305.41566751 0.005 0.604 0.0 0.00537634408602 114 186 56
1521 17 -138.696232685 288.80003032 0.005 0.307 0.0 0.134482758621 10 290 56
1523 14 -111.657996122 234.723557194 0.005 0.901 0.0 0.0131578947368 72 228 56
1524 11 -147.455592612 306.318750173 0.005 0.307 0.0294117647059 0.116541353383 34 266 56
1525 12 -163.339870972 338.087306893 0.005 0.406 0.0 0.0116959064327 129 171 56
1526 11 -155.823359042 323.054283033 0.005 0.406 0.0 0.0637254901961 96 204 56
1527 15 -149.073633929 309.554832808 0.005 0.208 0.0 0.177700348432 13 287 56
1528 2 -145.987322348 303.382209646 0.005 0.505 0.0 0.025 100 200 56
1529 2 -137.915119976 287.237804902 0.005 0.505 0.0 0.00970873786408 94 206 56
1530 15 -134.755243867 280.918052683 0.005 0.802 0.00980392156863 0.0 102 198 56
1531 10 -167.868520552 347.144606053 0.005 0.307 0.0 0.0502512562814 101 199 56
1532 15 -156.979248729 325.366062407 0.005 0.406 0.0 0.0555555555556 102 198 56
1533 22 -152.049305555 315.50617606 0.005 0.406 0.0 0.04 100 200 56
1534 19 -179.047834052 369.503233054 0.005 0.109 nan 0.27 0 300 56
1535 15 -125.565354135 262.538273219 0.005 0.505 0.0 0.0564516129032 52 248 56
1536 5 -142.259482333 295.926529615 0.005 0.406 0.0153846153846 0.0723404255319 65 235 57
1537 12 -164.321711434 340.050987817 0.005 0.307 0.0 0.0681818181818 80 220 57
