1536 5 -130.071789618 271.551144186 0.005 0.406 0.030303030303 0.0823970037453 33 267 41
1537 12 -168.744517497 348.896599943 0.01 0.208 nan 0.24 0 300 41
1538 32 -158.45646682 328.32049859 0.005 0.208 0.0425531914894 0.142292490119 47 253 41
1539 24 -145.870833088 303.149231126 0.005 0.505 0.0 0.0418604651163 85 215 41
1540 8 -148.785626803 308.978818556 0.005 0.208 nan 0.2 0 300 41
1541 11 -187.803605775 387.014776499 0.005 0.109 nan 0.313333333333 0 300 41
1542 7 -153.531336357 318.470237664 0.005 0.307 0.0 0.0700934579439 86 214 41
1543 7 -136.106354852 283.620274654 0.005 0.604 0.0 0.0196078431373 96 204 41
1544 13 -167.333902053 346.075369054 0.005 0.406 0.0 0.0236686390533 131 169 41
1545 25 -155.096291511 321.600147972 0.005 0.307 0.0 0.0704845814978 73 227 41
1546 12 -136.73664222 284.88084939 0.005 0.406 0.0 0.0819672131148 56 244 41
1547 23 -207.480090368 426.367745686 0.005 0.01 nan 0.466666666667 0 300 41
1549 27 -123.396449253 258.200463455 0.005 0.406 0.0 0.0729927007299 26 274 41
1550 4 -161.843274883 335.094114715 0.005 0.208 0.2 0.196610169492 5 295 41
1553 11 -161.555849808 334.519264565 0.005 0.208 0.0 0.111111111111 66 234 41
140 11 -182.582332265 376.57222948 0.005 0.307 0.00719424460432 0.0434782608696 139 161 41
141 4 -159.300365256 330.008295462 0.005 0.307 0.0 0.0747663551402 86 214 41
142 10 -135.704982835 282.81753062 0.005 0.703 0.0 0.0 104 196 41
143 21 -185.722032633 382.851630216 0.005 0.109 nan 0.296666666667 0 300 41
144 16 -135.194979746 281.797524441 0.005 0.703 0.0 0.0 107 193 41
145 10 -155.92225503 323.252075009 0.005 0.208 nan 0.22 0 300 41
146 24 -172.907734659 357.223034267 0.005 0.208 0.021978021978 0.114832535885 91 209 41
147 11 -146.548572415 304.50470978 0.005 0.505 0.0 0.0307692307692 105 195 41
148 3 -148.585966786 308.579498521 0.005 0.505 0.0 0.00518134715026 107 193 41
149 5 -137.204781003 285.817126956 0.005 0.604 0.0 0.0152284263959 103 197 41
150 25 -155.1935724 321.79470975 0.005 0.307 0.0 0.0909090909091 80 220 41
151 21 -141.847447857 295.102460664 0.005 0.406 0.0125 0.05 80 220 41
152 9 -137.508943211 286.425451372 0.005 0.604 0.0 0.010582010582 111 189 41
153 15 -197.838378586 407.08432212 0.025 0.109 0.5 0.362416107383 2 298 41
154 3 -132.910477563 277.228520075 0.005 0.307 0.0 0.0922509225092 29 271 41
155 0 -144.353351735 300.114268419 0.005 0.505 0.0 0.0291262135922 94 206 41
157 8 -182.620699309 376.648963568 0.005 0.109 nan 0.296666666667 0 300 41
158 9 -144.617819379 300.643203707 0.005 0.307 0.0 0.123505976096 49 251 41
159 15 -112.009062121 235.42568919 0.005 1.0 0.0 0.00446428571429 76 224 41
160 29 -142.9062824 297.220129749 0.005 0.208 nan 0.176666666667 0 300 41
161 4 -146.9531309 305.313826749 0.005 0.307 0.0169491525424 0.0746887966805 59 241 41
162 19 -194.223932208 399.855429365 0.01 0.109 nan 0.35 0 300 41
163 3 -133.655423322 278.718411592 0.005 0.505 0.0 0.042735042735 66 234 41
164 2 -117.182258188 245.772081326 0.005 0.703 0.0 0.00909090909091 80 220 41
165 12 -165.600454329 342.608473606 0.005 0.208 0.2 0.196610169492 5 295 41
166 1 -155.86859932 323.144763589 0.005 0.307 0.0 0.0815450643777 67 233 41
168 37 -160.871397409 333.150359766 0.005 0.208 0.0 0.129032258065 52 248 41
170 12 -150.593516457 312.594597863 0.005 0.208 0.0 0.149466192171 19 281 41
171 5 -155.315019474 322.037603898 0.005 0.307 0.0 0.121739130435 70 230 41
172 9 -163.166413956 337.740392862 0.005 0.208 0.0666666666667 0.20701754386 15 285 41
173 5 -143.032152407 297.471869764 0.005 0.307 0.0285714285714 0.0754716981132 35 265 41
174 1 -152.438114169 316.283793286 0.005 0.307 0.105263157895 0.131672597865 19 281 41
175 12 -144.597853513 300.603271975 0.005 0.505 0.0 0.010989010989 118 182 41
176 21 -168.960309347 349.328183643 0.005 0.406 0.0 0.0 146 154 41
177 40 -204.693793618 420.795152185 0.135 0.109 0.5 0.416058394161 26 274 41
178 8 -158.945178308 329.297921564 0.005 0.208 0.0 0.127192982456 72 228 41
179 4 -162.394005784 336.195576518 0.005 0.208 nan 0.22 0 300 41
180 8 -136.36678289 284.141130729 0.005 0.307 0.0 0.118466898955 13 287 41
181 4 -158.621080724 328.649726397 0.005 0.208 nan 0.206666666667 0 300 41
183 5 -179.467734285 370.343033518 0.005 0.109 0.0740740740741 0.238095238095 27 273 41
184 3 -139.117476334 289.642517618 0.005 0.406 0.0138888888889 0.0570175438596 72 228 41
185 7 -158.03197828 327.471521509 0.005 0.406 0.0 0.0168539325843 122 178 41
186 11 -123.837826848 259.083218646 0.005 0.604 0.0151515151515 0.0213675213675 66 234 41
187 8 -139.442181578 290.291928104 0.005 0.406 0.0 0.041095890411 81 219 41
188 20 -147.774812185 306.957189319 0.005 0.505 0.0 0.0104166666667 108 192 41
189 3 -165.394919302 342.197403552 0.005 0.208 nan 0.226666666667 0 300 41
190 32 -191.18233814 393.772241229 0.005 0.109 nan 0.326666666667 0 300 41
192 7 -146.570113409 304.547791767 0.005 0.208 0.5 0.151006711409 2 298 41
193 2 -137.865679397 287.138923743 0.005 0.406 0.0 0.0557939914163 67 233 41
194 9 -135.95926046 283.32608587 0.005 0.406 0.0 0.0660792951542 73 227 41
195 9 -170.479001924 352.365568798 0.005 0.208 0.0 0.09 100 200 41
196 0 -121.135856319 253.679277586 0.005 0.604 0.0 0.0177777777778 75 225 41
197 23 -187.752902371 386.913369692 0.005 0.109 nan 0.316666666667 0 300 41
198 8 -98.0839780819 207.575521113 0.005 0.703 0.0 0.0239043824701 49 251 41
199 11 -149.125514809 309.658594568 0.005 0.307 0.0 0.0717488789238 77 223 41
200 22 -142.546787465 296.50113988 0.005 0.307 0.0416666666667 0.126811594203 24 276 41
202 17 -160.110917786 331.629400522 0.005 0.208 0.0 0.121673003802 37 263 41
203 7 -146.328964444 304.065493837 0.005 0.604 0.0 0.0 118 182 41
204 22 -115.503152762 242.413870474 0.005 1.0 0.0 0.0 96 204 41
206 32 -121.876535556 255.160636061 0.005 1.0 0.0 0.0 92 208 41
207 6 -171.67982756 354.767220069 0.005 0.307 0.00900900900901 0.0529100529101 111 189 41
208 34 -151.715019121 314.837603191 0.005 0.208 nan 0.19 0 300 41
212 1 -144.100210629 299.607986207 0.005 0.406 0.0 0.0393013100437 71 229 41
213 18 -207.872325705 427.152216359 0.185 0.01 0.472222222222 0.496212121212 36 264 41
215 8 -162.560608863 336.528782676 0.005 0.307 0.00854700854701 0.0491803278689 117 183 41
216 1 -144.986140917 301.379846784 0.005 0.406 0.0 0.0486725663717 74 226 41
217 16 -169.393906656 350.195378262 0.005 0.208 0.0 0.10775862069 68 232 41
218 3 -159.904645183 331.216855315 0.005 0.208 nan 0.216666666667 0 300 41
220 26 -118.004292069 247.416149087 0.005 0.604 0.0 0.0316205533597 47 253 41
221 3 -161.482776029 334.373117008 0.005 0.208 0.0 0.14552238806 32 268 41
223 15 -101.668194583 214.743954116 0.005 0.901 0.0 0.0169491525424 64 236 41
225 4 -106.70533491 224.818234769 0.005 0.703 0.0 0.0251046025105 61 239 41
226 22 -134.382884975 280.173334898 0.005 0.307 0.0 0.0992063492063 48 252 41
227 39 -167.871403975 347.1503729 0.005 0.406 0.0 0.00649350649351 146 154 41
228 12 -142.46327454 296.334114028 0.005 0.307 0.0 0.123188405797 24 276 41
229 16 -161.982523159 335.372611267 0.005 0.307 0.0 0.0628019323671 93 207 41
230 8 -152.637824588 316.683214124 0.005 0.307 0.0128205128205 0.0810810810811 78 222 41
231 40 -148.904390577 309.216346104 0.005 0.208 0.111111111111 0.164948453608 9 291 41
232 7 -134.238965374 279.885495698 0.005 0.406 0.0 0.0575221238938 74 226 41
234 8 -132.031902126 275.471369201 0.005 0.505 0.0 0.0331950207469 59 241 41
235 11 -151.872448365 315.15246168 0.005 0.208 0.5 0.168918918919 4 296 41
236 12 -167.393930536 346.195426022 0.005 0.208 0.0 0.170818505338 19 281 41
237 3 -150.521382338 312.450329626 0.005 0.406 0.0 0.0363636363636 80 220 41
238 25 -153.860965118 319.129495186 0.005 0.307 0.0 0.101960784314 45 255 41
240 3 -155.283807449 321.975179848 0.005 0.208 0.0 0.144628099174 58 242 41
241 4 -180.733496443 372.874557835 0.005 0.208 0.0 0.152380952381 90 210 41
242 7 -147.989605946 307.38677684 0.005 0.307 0.0 0.0916666666667 60 240 41
243 13 -176.77497872 364.957522389 0.005 0.208 0.0 0.102040816327 104 196 41
244 28 -176.179071937 363.765708823 0.005 0.109 nan 0.26 0 300 41
245 9 -115.544199183 242.495963314 0.005 0.703 0.0135135135135 0.0176991150442 74 226 41
247 15 -161.544168761 334.495902471 0.005 0.406 0.0 0.0054347826087 116 184 41
248 35 -166.471137458 344.349839866 0.01 0.208 nan 0.25 0 300 41
253 4 -152.164942521 315.737449991 0.005 0.307 0.0 0.117408906883 53 247 41
256 10 -128.310115393 268.027795735 0.005 0.307 0.0 0.109154929577 16 284 41
257 24 -106.106052968 223.619670885 0.005 0.901 0.0 0.00851063829787 65 235 41
258 8 -150.812925355 313.033415659 0.005 0.208 0.0833333333333 0.152777777778 12 288 41
259 14 -151.27133714 313.950239228 0.005 0.307 0.0126582278481 0.113122171946 79 221 41
260 13 -156.871628259 325.150821468 0.005 0.307 0.0149253731343 0.0987124463519 67 233 41
261 7 -180.947210641 373.301986232 0.005 0.109 nan 0.276666666667 0 300 41
262 11 -141.64436268 294.696290309 0.005 0.307 0.0 0.105839416058 26 274 41
263 8 -105.469764174 222.347093297 0.005 1.0 0.0 0.00865800865801 69 231 41
264 3 -120.074220853 251.556006656 0.005 0.604 0.0 0.0295358649789 63 237 41
1519 17 -182.986513003 377.380590955 0.005 0.109 nan 0.283333333333 0 300 41
1520 4 -118.570670473 248.548905895 0.005 0.802 0.0 0.0244897959184 55 245 41
1521 17 -152.519988104 316.447541157 0.005 0.307 0.0 0.114503816794 38 262 41
1523 14 -169.790707284 350.988979517 0.01 0.208 nan 0.243333333333 0 300 41
1524 11 -156.723016495 324.853597939 0.005 0.307 0.0 0.0833333333333 60 240 41
1525 12 -148.127049308 307.661663566 0.005 0.307 0.0909090909091 0.111510791367 22 278 41
1526 11 -144.610288568 300.628142086 0.005 0.406 0.0135135135135 0.070796460177 74 226 41
1527 15 -152.228996414 315.865557776 0.005 0.307 0.0 0.0909090909091 69 231 41
1528 2 -176.137258411 363.682081772 0.005 0.109 0.0 0.222222222222 3 297 41
1529 2 -146.254000728 303.915566406 0.005 0.406 0.0 0.0514018691589 86 214 41
1530 15 -147.915605719 307.238776386 0.005 0.505 0.0 0.025641025641 105 195 41
1531 10 -187.32544713 386.058459209 0.005 0.208 0.0 0.0479452054795 154 146 41
1532 15 -149.09893016 309.60542527 0.005 0.505 0.0 0.015 100 200 41
1533 22 -135.198848855 281.80526266 0.005 0.406 0.0192307692308 0.0645161290323 52 248 41
1534 19 -184.794974084 380.997513117 0.005 0.109 0.0384615384615 0.248175182482 26 274 41
1535 15 -176.362635309 364.132835567 0.005 0.208 0.0 0.160377358491 88 212 41
1536 5 -159.761834997 330.931234944 0.005 0.208 nan 0.213333333333 0 300 42
1537 12 -172.482436382 356.372437712 0.005 0.208 0.037037037037 0.227106227106 27 273 42
1538 32 -184.319300388 380.046165725 0.005 0.109 0.25 0.277027027027 4 296 42
1539 24 -145.545026882 302.497618714 0.005 0.307 0.0 0.141818181818 25 275 42
1540 8 -168.64990292 348.707370789 0.005 0.208 0.333333333333 0.222222222222 3 297 42
1541 11 -146.009875528 303.427316006 0.005 0.406 0.0 0.0622222222222 75 225 42
1542 7 -184.517558076 380.442681101 0.005 0.109 0.5 0.265100671141 2 298 42
1543 7 -114.052987714 239.513540378 0.005 0.802 0.0 0.00881057268722 73 227 42
1544 13 -157.167932461 325.743429872 0.005 0.307 0.0 0.0869565217391 70 230 42
1545 25 -146.7438242 304.895213349 0.005 0.307 0.0 0.0836501901141 37 263 42
1546 12 -151.754088195 314.91574134 0.005 0.406 0.00943396226415 0.0257731958763 106 194 42
1547 23 -207.370132736 426.147830421 0.205 0.109 0.487804878049 0.482625482625 41 259 42
1549 27 -151.955531732 315.318628412 0.005 0.307 0.027027027027 0.12927756654 37 263 42
1550 4 -156.185301736 323.778168421 0.005 0.307 0.0 0.135458167331 49 251 42
1553 11 -137.915905585 287.239376119 0.005 0.406 0.0 0.04329004329 69 231 42
140 11 -139.459941869 290.327448686 0.005 0.505 0.013698630137 0.0352422907489 73 227 42
141 4 -126.759006512 264.925577973 0.005 0.307 nan 0.14 0 300 42
142 10 -130.945223952 273.298012853 0.005 0.604 0.0 0.0231481481481 84 216 42
143 21 -187.534103325 386.475771599 0.005 0.109 nan 0.306666666667 0 300 42
144 16 -118.344883568 248.097332086 0.005 0.703 0.0 0.0174672489083 71 229 42
145 10 -159.496047392 330.399659734 0.005 0.307 0.0 0.0631067961165 94 206 42
146 24 -167.982681022 347.372926993 0.005 0.208 0.0 0.107317073171 95 205 42
147 11 -138.701566004 288.810696957 0.005 0.406 0.0140845070423 0.0393013100437 71 229 42
148 3 -175.042455211 361.492475372 0.005 0.109 nan 0.26 0 300 42
149 5 -167.515239389 346.438043727 0.005 0.307 0.0 0.0575916230366 109 191 42
150 25 -133.655367421 278.718299792 0.005 0.307 nan 0.16 0 300 42
151 21 -136.079641356 283.566847662 0.005 0.505 0.0 0.0373831775701 86 214 42
152 9 -144.312479856 300.032524662 0.005 0.406 0.0 0.0448430493274 77 223 42
153 15 -185.362065828 382.131696606 0.01 0.109 nan 0.313333333333 0 300 42
154 3 -140.464790368 292.337145686 0.005 0.406 0.0 0.0642570281124 51 249 42
155 0 -156.919873619 325.247312188 0.005 0.307 0.0 0.0769230769231 92 208 42
157 8 -170.187360273 351.782285496 0.01 0.208 nan 0.246666666667 0 300 42
158 9 -132.330755646 276.069076241 0.005 0.406 0.0169491525424 0.0663900414938 59 241 42
159 15 -158.842565411 329.092695771 0.005 0.307 0.0 0.0862068965517 68 232 42
160 29 -144.882470213 301.172505375 0.005 0.505 0.0 0.0238095238095 90 210 42
161 4 -161.961074521 335.329713992 0.005 0.406 0.0 0.031914893617 112 188 42
162 19 -192.111683127 395.630931203 0.005 0.109 0.333333333333 0.323232323232 3 297 42
163 3 -145.398400418 302.204365786 0.005 0.208 0.111111111111 0.144329896907 9 291 42
164 2 -168.444430008 348.296424966 0.005 0.208 0.0 0.20233463035 43 257 42
165 12 -124.477100724 260.361766398 0.005 0.505 0.0 0.04296875 44 256 42
166 1 -176.568885831 364.545336611 0.005 0.109 0.285714285714 0.232081911263 7 293 42
168 37 -161.57980623 334.567177409 0.005 0.208 0.0 0.206896551724 10 290 42
170 12 -168.768668873 348.944902694 0.005 0.406 0.0 0.0243902439024 136 164 42
171 5 -151.780713447 314.968991843 0.005 0.406 0.0 0.0666666666667 90 210 42
172 9 -167.89652143 347.200607809 0.005 0.208 0.0212765957447 0.166007905138 47 253 42
173 5 -171.838329078 355.084223104 0.005 0.208 0.0 0.123222748815 89 211 42
174 1 -142.842624555 297.09281406 0.005 0.307 0.0 0.0847457627119 64 236 42
175 12 -153.16617893 317.739922809 0.005 0.307 0.0 0.110638297872 65 235 42
176 21 -190.935143638 393.277852225 0.005 0.109 0.0 0.319444444444 12 288 42
177 40 -195.165546924 401.738658796 0.02 0.109 nan 0.353333333333 0 300 42
178 8 -100.825179613 213.057924175 0.005 0.604 0.0 0.0374531835206 33 267 42
179 4 -173.701257876 358.810080702 0.005 0.208 0.0 0.208480565371 17 283 42
180 8 -160.115649911 331.638864772 0.005 0.208 nan 0.223333333333 0 300 42
181 4 -173.872214905 359.15199476 0.005 0.109 0.5 0.248322147651 2 298 42
183 5 -152.64068283 316.688930608 0.005 0.406 0.0 0.0456852791878 103 197 42
184 3 -166.029309012 343.466182973 0.005 0.208 0.0 0.189189189189 4 296 42
185 7 -157.640377461 326.688319871 0.005 0.208 0.0555555555556 0.159574468085 18 282 42
186 11 -120.267694698 251.942954345 0.005 0.901 0.0 0.00925925925926 84 216 42
187 8 -141.739224729 294.886014408 0.005 0.307 0.0 0.119047619048 48 252 42
188 20 -152.996697507 317.400959964 0.005 0.208 nan 0.206666666667 0 300 42
189 3 -159.710867502 330.829299953 0.005 0.307 0.0 0.106299212598 46 254 42
190 32 -187.889194307 387.185953564 0.005 0.109 nan 0.313333333333 0 300 42
192 7 -141.877277077 295.162119104 0.005 0.307 0.0909090909091 0.117647058824 11 289 42
193 2 -152.686982924 316.781530798 0.005 0.307 0.0384615384615 0.131386861314 26 274 42
194 9 -146.88280773 305.173180409 0.005 0.406 0.0 0.042194092827 63 237 42
195 9 -142.091298175 295.590161299 0.005 0.307 0.0 0.0804597701149 39 261 42
196 0 -125.949363291 263.306291531 0.005 0.505 0.0 0.0445344129555 53 247 42
197 23 -181.913163868 375.233892684 0.005 0.109 nan 0.273333333333 0 300 42
198 8 -107.076315397 225.560195744 0.005 0.901 0.0 0.017094017094 66 234 42
199 11 -165.105882295 341.61932954 0.005 0.406 0.0 0.0122699386503 137 163 42
200 22 -160.34718471 332.101934369 0.005 0.307 0.0113636363636 0.0660377358491 88 212 42
202 17 -157.010908901 325.429382751 0.005 0.208 0.0 0.151202749141 9 291 42
203 7 -176.180473128 363.768511205 0.005 0.307 0.00729927007299 0.0245398773006 137 163 42
204 22 -149.512119062 310.431803073 0.005 0.307 0.0172413793103 0.119834710744 58 242 42
206 32 -151.492459546 314.392484041 0.005 0.208 0.0 0.166089965398 11 289 42
207 6 -119.796320487 251.000205923 0.005 0.505 0.0175438596491 0.0493827160494 57 243 42
208 34 -157.653382218 326.714329385 0.005 0.208 nan 0.203333333333 0 300 42
212 1 -152.816874424 317.041313798 0.005 0.505 0.0 0.00574712643678 126 174 42
213 18 -207.445503066 426.298571081 0.005 0.01 nan 0.466666666667 0 300 42
215 8 -152.57281357 316.55319209 0.005 0.208 0.2 0.18275862069 10 290 42
216 1 -156.051715426 323.510995801 0.005 0.208 0.0 0.12109375 44 256 42
217 16 -157.513162825 326.433890599 0.005 0.208 0.333333333333 0.20202020202 3 297 42
218 3 -113.156074018 237.719712986 0.005 0.505 0.0 0.0375939849624 34 266 42
220 26 -104.854820743 221.117206436 0.005 1.0 0.0 0.0 75 225 42
221 3 -175.475688589 362.358942127 0.005 0.109 nan 0.256666666667 0 300 42
223 15 -139.33328692 290.07413879 0.005 0.505 0.0 0.041095890411 81 219 42
225 4 -152.318734781 316.04503451 0.005 0.505 0.0 0.010752688172 114 186 42
226 22 -151.63818628 314.683937509 0.005 0.208 0.0434782608696 0.148014440433 23 277 42
227 39 -158.648256435 328.704077819 0.005 0.208 0.333333333333 0.205387205387 3 297 42
228 12 -149.615219291 310.638003531 0.005 0.406 0.0 0.0428571428571 90 210 42
229 16 -159.500284916 330.408134782 0.005 0.307 0.0 0.0813397129187 91 209 42
230 8 -119.284495548 249.976556046 0.005 0.703 0.016393442623 0.0334728033473 61 239 42
231 40 -155.910534288 323.228633525 0.005 0.307 0.0 0.113821138211 54 246 42
232 7 -167.893977242 347.195519433 0.005 0.307 0.0 0.0680628272251 109 191 42
234 8 -144.627500927 300.662566803 0.005 0.307 0.0 0.107296137339 67 233 42
235 11 -141.428215129 294.263995207 0.005 0.406 0.0 0.0748031496063 46 254 42
236 12 -174.981059452 361.369683853 0.005 0.109 0.5 0.244966442953 2 298 42
237 3 -146.528755954 304.465076858 0.005 0.208 1.0 0.1872909699 1 299 42
238 25 -155.599953337 322.607471622 0.005 0.307 0.0 0.08 75 225 42
240 3 -120.480843956 252.369252861 0.005 0.505 0.0 0.0511811023622 46 254 42
241 4 -134.599298139 280.606161227 0.005 0.307 0.0 0.0805860805861 27 273 42
242 7 -153.513801425 318.435167798 0.005 0.505 0.0 0.0108108108108 115 185 42
243 13 -162.527615778 336.462796505 0.005 0.208 0.5 0.184563758389 2 298 42
244 28 -179.940464576 371.288494101 0.005 0.109 0.0454545454545 0.241007194245 22 278 42
245 9 -173.881663399 359.170891748 0.005 0.208 0.08 0.225454545455 25 275 42
247 15 -153.132110269 317.671785487 0.005 0.208 0.105263157895 0.14590747331 19 281 42
248 35 -162.659217023 336.725998996 0.005 0.208 0.0 0.174242424242 36 264 42
253 4 -132.855882406 277.119329761 0.005 0.406 0.0 0.0661157024793 58 242 42
256 10 -113.546849388 238.501263725 0.005 0.703 0.0 0.0221238938053 74 226 42
257 24 -96.9237912099 205.255147369 0.005 0.703 0.0 0.0335820895522 32 268 42
258 8 -161.230189267 333.867943483 0.005 0.307 0.0 0.0954545454545 80 220 42
259 14 -158.047911771 327.503388491 0.005 0.406 0.0 0.0121212121212 135 165 42
260 13 -195.48907916 402.385723269 0.005 0.208 0.0 0.0774193548387 145 155 42
261 7 -191.123331454 393.654227857 0.015 0.109 nan 0.34 0 300 42
262 11 -135.480490559 282.368546068 0.005 0.406 0.0 0.0658914728682 42 258 42
263 8 -145.154473126 301.716511202 0.005 0.505 0.0 0.0251256281407 101 199 42
264 3 -137.213019421 285.833603791 0.005 0.406 0.0192307692308 0.0645161290323 52 248 42
1519 17 -171.093180646 353.593926241 0.01 0.208 0.0 0.244147157191 1 299 42
1520 4 -154.263652163 319.934869276 0.005 0.406 0.012987012987 0.0582959641256 77 223 42
1521 17 -169.822520214 351.052605377 0.005 0.208 0.0555555555556 0.200757575758 36 264 42
1523 14 -157.259998263 325.927561476 0.005 0.307 0.0 0.123456790123 57 243 42
1524 11 -159.467476449 330.342517847 0.005 0.307 0.0 0.0917431192661 82 218 42
1525 12 -176.710398989 364.828362927 0.005 0.208 0.0 0.203921568627 45 255 42
1526 11 -104.60673535 220.62103565 0.005 0.802 0.0 0.00423728813559 64 236 42
1527 15 -164.303809155 340.015183259 0.005 0.406 0.0 0.0368421052632 110 190 42
1528 2 -140.049794832 291.507154613 0.005 0.406 0.0208333333333 0.0595238095238 48 252 42
1529 2 -123.914145493 259.235855935 0.005 0.703 0.0 0.00490196078431 96 204 42
1530 15 -142.266394478 295.940353905 0.005 0.505 0.0 0.0309278350515 106 194 42
1531 10 -155.950003707 323.307572363 0.005 0.208 0.125 0.178082191781 8 292 42
1532 15 -124.659980033 260.727525015 0.005 0.604 0.0 0.0371900826446 58 242 42
1533 22 -114.341469559 240.090504067 0.005 0.604 0.0 0.0321285140562 51 249 42
1534 19 -181.13797185 373.68350865 0.005 0.109 0.0 0.229927007299 26 274 42
1535 15 -137.693064514 286.793693977 0.005 0.604 0.0 0.0190476190476 90 210 42
1536 5 -144.065668671 299.538902292 0.005 0.307 0.0208333333333 0.0912698412698 48 252 43
1537 12 -160.246150208 331.899865365 0.005 0.307 0.0 0.114624505929 47 253 43
1538 32 -168.928406391 349.26437773 0.005 0.208 0.2 0.206896551724 10 290 43
1539 24 -165.372501767 342.152568483 0.005 0.406 0.0 0.0181818181818 135 165 43
1540 8 -143.328518601 298.064602151 0.005 0.208 0.111111111111 0.168384879725 9 291 43
1541 11 -153.660142854 318.727850657 0.005 0.208 1.0 0.177257525084 1 299 43
1542 7 -146.387496576 304.182558101 0.005 0.307 0.0 0.114173228346 46 254 43
1543 7 -155.64132056 322.690206069 0.005 0.406 0.0 0.0353535353535 102 198 43
1544 13 -177.586333045 366.580231039 0.005 0.307 0.0 0.0135135135135 152 148 43
1545 25 -163.70347551 338.81451597 0.005 0.208 0.0 0.161290322581 21 279 43
1546 12 -115.931219622 243.270004193 0.005 0.604 0.0 0.04 50 250 43
1547 23 -202.856485677 417.120536302 0.13 0.109 0.541666666667 0.409420289855 24 276 43
1549 27 -179.002833386 369.413231721 0.005 0.109 0.125 0.246575342466 8 292 43
1550 4 -159.528849219 330.465263388 0.005 0.208 nan 0.223333333333 0 300 43
1553 11 -144.312941274 300.033447498 0.005 0.307 0.0 0.0956175298805 49 251 43
140 11 -166.37555068 344.15866631 0.005 0.406 0.0 0.0 134 166 43
141 4 -158.145655283 327.698875515 0.005 0.307 0.0 0.0505050505051 102 198 43
142 10 -128.421251348 268.250067644 0.005 0.307 0.047619047619 0.111111111111 21 279 43
143 21 -191.791245262 394.990055473 0.005 0.109 nan 0.326666666667 0 300 43
144 16 -129.514880381 270.437325711 0.005 0.505 0.0149253731343 0.0343347639485 67 233 43
145 10 -147.40306558 306.213696109 0.005 0.406 0.0 0.0439024390244 95 205 43
146 24 -180.603024131 372.613613211 0.005 0.109 nan 0.29 0 300 43
147 11 -82.6299651895 176.667495328 0.005 1.0 0.0 0.00772200772201 41 259 43
148 3 -97.0263052544 205.460175458 0.005 0.802 0.0 0.0233463035019 43 257 43
149 5 -143.043828409 297.495221768 0.005 0.406 0.0 0.0717299578059 63 237 43
150 25 -158.2517498 327.91106455 0.005 0.406 0.0 0.0487804878049 95 205 43
151 21 -141.648624439 294.704813828 0.005 0.604 0.0 0.0142857142857 90 210 43
152 9 -141.329954915 294.067474779 0.005 0.604 0.00961538461538 0.0204081632653 104 196 43
153 15 -197.346110564 406.099786077 0.005 0.109 nan 0.343333333333 0 300 43
154 3 -164.88011914 341.16780323 0.005 0.307 0.0 0.0967741935484 83 217 43
155 0 -137.47484487 286.35725469 0.005 0.406 0.0 0.051724137931 68 232 43
157 8 -162.98639487 337.380354689 0.005 0.208 0.0 0.210884353741 6 294 43
158 9 -134.633215135 280.673995219 0.005 0.505 0.013698630137 0.0396475770925 73 227 43
159 15 -166.016347128 343.440259206 0.005 0.406 0.0 0.0171428571429 125 175 43
160 29 -154.344468388 320.096501726 0.005 0.208 0.0 0.182142857143 20 280 43
161 4 -104.463581382 220.334727714 0.005 0.901 0.0142857142857 0.0173913043478 70 230 43
162 19 -198.991508697 409.390582343 0.02 0.109 0.0 0.367132867133 14 286 43
163 3 -153.511994908 318.431554765 0.005 0.208 0.0 0.161512027491 9 291 43
164 2 -110.128968877 231.665502703 0.005 0.901 0.0 0.0131004366812 71 229 43
165 12 -175.35405908 362.11568311 0.005 0.109 nan 0.236666666667 0 300 43
166 1 -142.835817915 297.079200779 0.005 0.406 0.0 0.0557939914163 67 233 43
168 37 -160.072617842 331.552800634 0.005 0.307 0.0 0.104166666667 60 240 43
170 12 -154.810668634 321.028902218 0.005 0.208 0.0 0.161073825503 2 298 43
171 5 -141.48673233 294.38102961 0.005 0.307 0.0 0.152027027027 4 296 43
172 9 -176.304569113 364.016703176 0.005 0.109 nan 0.27 0 300 43
173 5 -137.759160718 286.925886384 0.005 0.307 0.1 0.124137931034 10 290 43
174 1 -164.899681265 341.20692748 0.005 0.208 0.0 0.167938931298 38 262 43
175 12 -163.931359082 339.270283114 0.005 0.406 0.0 0.0225988700565 123 177 43
176 21 -176.096258078 363.600081106 0.005 0.109 nan 0.246666666667 0 300 43
177 40 -202.069208731 415.545982411 0.095 0.109 0.428571428571 0.397849462366 21 279 43
178 8 -146.272546956 303.952658862 0.005 0.307 0.0 0.0779816513761 82 218 43
179 4 -183.17533446 377.758233869 0.005 0.109 0.0 0.236162361624 29 271 43
180 8 -166.005146299 343.417857547 0.015 0.208 nan 0.246666666667 0 300 43
181 4 -166.319655074 344.046875097 0.005 0.208 0.0 0.141176470588 45 255 43
183 5 -164.0992987 339.60616235 0.005 0.208 0.0 0.168582375479 39 261 43
184 3 -130.125715396 271.658995741 0.005 0.703 0.0 0.0140845070423 87 213 43
185 7 -145.071704337 301.550973622 0.005 0.406 0.0 0.029702970297 98 202 43
186 11 -121.406801578 254.221168106 0.005 0.406 0.0555555555556 0.0851063829787 18 282 43
187 8 -126.382368499 264.172301948 0.005 0.406 0.0 0.0595744680851 65 235 43
188 20 -148.432682048 308.272929045 0.005 0.208 nan 0.2 0 300 43
189 3 -161.890466229 335.188497407 0.005 0.208 0.0384615384615 0.197080291971 26 274 43
190 32 -191.726007762 394.859580474 0.01 0.109 nan 0.333333333333 0 300 43
192 7 -144.476431596 300.360428142 0.005 0.406 0.0166666666667 0.0625 60 240 43
193 2 -144.135956662 299.679478274 0.005 0.307 0.105263157895 0.120996441281 19 281 43
194 9 -144.435523497 300.278611944 0.005 0.406 0.0 0.0514018691589 86 214 43
195 9 -142.583742071 296.575049091 0.005 0.406 0.0 0.0488888888889 75 225 43
196 0 -134.403616038 280.214797025 0.005 0.505 0.0 0.027027027027 78 222 43
197 23 -193.974666109 399.356897168 0.02 0.109 1.0 0.342281879195 2 298 43
198 8 -149.429252171 310.266069292 0.005 0.505 0.0102040816327 0.0346534653465 98 202 43
199 11 -156.649977869 324.707520687 0.005 0.307 0.0 0.0928270042194 63 237 43
200 22 -136.929945551 285.267456051 0.005 0.406 0.0 0.0515873015873 48 252 43
202 17 -186.041301562 383.490168073 0.005 0.109 nan 0.313333333333 0 300 43
203 7 -140.036366028 291.480297006 0.005 0.505 0.0 0.0307692307692 105 195 43
204 22 -145.502884472 302.413333894 0.005 0.406 0.0 0.070796460177 74 226 43
206 32 -125.456365197 262.320295344 0.005 0.604 0.0 0.0186046511628 85 215 43
207 6 -156.214460093 323.836485136 0.005 0.406 0.0 0.0309278350515 106 194 43
208 34 -164.358843286 340.125251522 0.005 0.208 0.0 0.204013377926 1 299 43
212 1 -141.179666925 293.766898799 0.005 0.703 0.0 0.0 107 193 43
213 18 -207.489656441 426.386877831 0.005 0.01 nan 0.46 0 300 43
215 8 -127.624906596 266.657378142 0.005 0.307 0.0769230769231 0.128919860627 13 287 43
216 1 -145.154396117 301.716357183 0.005 0.406 0.0 0.0518867924528 88 212 43
217 16 -156.206290489 323.820145927 0.005 0.307 0.0 0.073732718894 83 217 43
218 3 -148.265097972 307.937760893 0.005 0.208 nan 0.19 0 300 43
220 26 -97.0574359356 205.522436821 0.005 1.0 0.0 0.00420168067227 62 238 43
221 3 -159.970106003 331.347776955 0.005 0.208 1.0 0.197324414716 1 299 43
223 15 -134.878648389 281.164861727 0.005 0.604 0.0 0.0240384615385 92 208 43
225 4 -181.934101721 375.275768392 0.005 0.208 0.0153846153846 0.204255319149 65 235 43
226 22 -162.901777005 337.21111896 0.005 0.406 0.0 0.0 133 167 43
227 39 -149.134078362 309.675721673 0.005 0.208 0.0588235294118 0.183745583039 17 283 43
228 12 -134.336470719 280.080506388 0.005 0.406 0.0 0.0524193548387 52 248 43
229 16 -154.108120347 319.623805643 0.005 0.307 0.0208333333333 0.111111111111 48 252 43
230 8 -136.341965486 284.091495922 0.005 0.604 0.0 0.0048309178744 93 207 43
231 40 -157.455724733 326.319014415 0.005 0.208 0.130434782609 0.180505415162 23 277 43
232 7 -173.378158727 358.163882403 0.005 0.307 0.0 0.0729166666667 108 192 43
234 8 -119.198249122 249.804063193 0.005 0.307 0.111111111111 0.113402061856 9 291 43
235 11 -157.519616591 326.446798131 0.005 0.307 0.0 0.095652173913 70 230 43
236 12 -166.513268113 344.434101174 0.005 0.208 0.0 0.149635036496 26 274 43
237 3 -138.480522334 288.368609617 0.005 0.604 0.0 0.0 110 190 43
238 25 -178.173313979 367.754192907 0.005 0.208 0.0121951219512 0.151376146789 82 218 43
240 3 -106.031951331 223.471467612 0.005 0.901 0.0 0.0042194092827 63 237 43
241 4 -154.231476829 319.870518607 0.005 0.307 0.0 0.0833333333333 72 228 43
242 7 -97.4559482197 206.319461389 0.005 1.0 0.0 0.011811023622 46 254 43
243 13 -140.339679515 292.08692398 0.005 0.406 0.0 0.0510638297872 65 235 43
244 28 -122.287905599 255.983376147 0.005 0.703 0.0 0.0 95 205 43
245 9 -157.053941405 325.515447759 0.005 0.208 nan 0.216666666667 0 300 43
247 15 -125.303808776 262.015182501 0.005 0.505 0.0166666666667 0.05 60 240 43
248 35 -187.783900922 386.975366794 0.005 0.109 nan 0.32 0 300 43
253 4 -142.424521203 296.256607355 0.005 0.604 0.0 0.00980392156863 96 204 43
256 10 -131.79538273 274.998330409 0.005 0.307 0.333333333333 0.141414141414 3 297 43
257 24 -161.465112105 334.33778916 0.005 0.208 0.0 0.114678899083 82 218 43
258 8 -174.36327759 360.134120129 0.005 0.208 0.0 0.222614840989 17 283 43
259 14 -161.667244124 334.742053197 0.005 0.307 0.0 0.0663265306122 104 196 43
260 13 -178.472407085 368.352379119 0.005 0.109 nan 0.283333333333 0 300 43
261 7 -195.302436082 402.012437114 0.005 0.109 nan 0.333333333333 0 300 43
262 11 -191.084737504 393.577039958 0.005 0.208 0.0 0.041095890411 154 146 43
263 8 -102.917111209 217.241787367 0.005 0.802 0.0 0.0164609053498 57 243 43
264 3 -175.169219406 361.746003762 0.005 0.307 0.0 0.0119047619048 132 168 43
1519 17 -148.83353997 309.07464489 0.005 0.307 0.0 0.110687022901 38 262 43
1520 4 -134.160322951 279.728210851 0.005 0.307 0.0625 0.130281690141 16 284 43
1521 17 -143.81640851 299.040381969 0.005 0.604 0.0 0.0108108108108 115 185 43
1523 14 -168.258599991 347.92476493 0.005 0.208 nan 0.22 0 300 43
1524 11 -104.697674898 220.802914746 0.005 0.703 0.0172413793103 0.0165289256198 58 242 43
1525 12 -160.677029051 332.761623051 0.005 0.208 0.0454545454545 0.169064748201 22 278 43
1526 11 -130.843541534 273.094648018 0.005 0.406 0.0232558139535 0.0622568093385 43 257 43
1527 15 -148.358104561 308.123774071 0.005 0.505 0.0 0.0151515151515 102 198 43
1528 2 -150.315423255 312.038411459 0.005 0.208 0.0 0.130081300813 54 246 43
1529 2 -137.117257485 285.642079919 0.005 0.703 0.0 0.0 102 198 43
1530 15 -96.6538774967 204.715319943 0.005 0.802 0.0 0.0124481327801 59 241 43
1531 10 -166.530729749 344.469024447 0.005 0.307 0.0 0.0314136125654 109 191 43
1532 15 -128.811257742 269.030080434 0.005 0.406 0.0 0.0677966101695 64 236 43
1533 22 -149.464106528 310.335778006 0.005 0.307 0.0138888888889 0.0921052631579 72 228 43
1534 19 -183.071831261 377.551227472 0.005 0.109 nan 0.283333333333 0 300 43
1535 15 -142.217729751 295.843024452 0.005 0.307 0.0192307692308 0.0806451612903 52 248 43
1536 5 -139.815840362 291.039245674 0.005 0.307 0.0 0.1 30 270 44
1537 12 -163.08430385 337.576172649 0.005 0.406 0.0 0.0376344086022 114 186 44
1538 32 -106.762955348 224.933475645 0.005 0.703 0.0 0.0165975103734 59 241 44
1539 24 -144.221175064 299.849915077 0.005 0.505 0.0 0.0157894736842 110 190 44
1540 8 -131.5914124 274.590389749 0.005 0.604 0.0 0.0146341463415 95 205 44
1541 11 -156.993375926 325.394316802 0.005 0.208 0.0 0.146853146853 14 286 44
1542 7 -152.683442652 316.774450254 0.005 0.208 0.030303030303 0.134831460674 33 267 44
1543 7 -198.107983529 407.623532007 0.005 0.208 0.0 0.0542635658915 171 129 44
1544 13 -143.004731365 297.41702768 0.005 0.307 0.0 0.0980392156863 45 255 44
1545 25 -175.846985744 363.101536437 0.005 0.109 nan 0.24 0 300 44
1546 12 -154.279305466 319.966175881 0.005 0.406 0.0 0.0366492146597 109 191 44
1547 23 -207.258813529 425.925192006 0.005 0.01 nan 0.463333333333 0 300 44
1549 27 -158.016253729 327.440072407 0.005 0.208 0.0 0.124087591241 26 274 44
1550 4 -160.059610688 331.526786325 0.005 0.208 0.125 0.202054794521 8 292 44
1553 11 -175.064493387 361.536551723 0.005 0.208 0.0 0.121951219512 95 205 44
140 11 -129.675334101 270.75823315 0.005 0.604 0.0 0.0281690140845 87 213 44
141 4 -127.529069518 266.465703985 0.005 0.505 0.0 0.0296610169492 64 236 44
142 10 -142.639767098 296.687099145 0.005 0.406 0.0126582278481 0.0452488687783 79 221 44
143 21 -182.332743629 376.073052207 0.005 0.109 nan 0.303333333333 0 300 44
144 16 -163.416355122 338.240275194 0.005 0.406 0.0 0.00609756097561 136 164 44
145 10 -144.682022899 300.771610748 0.005 0.604 0.0 0.00512820512821 105 195 44
146 24 -136.379372402 284.166309753 0.005 0.505 0.0 0.0387931034483 68 232 44
147 11 -146.26983512 303.947235189 0.005 0.208 0.0 0.175862068966 10 290 44
148 3 -175.05284302 361.513250989 0.005 0.208 0.0769230769231 0.211678832117 26 274 44
149 5 -137.913406083 287.234377115 0.005 0.406 0.0 0.0582959641256 77 223 44
150 25 -132.079833227 275.567231404 0.005 0.604 0.0 0.0140186915888 86 214 44
151 21 -87.0024478455 185.41246064 0.005 1.0 0.0 0.0 65 235 44
152 9 -100.044421285 211.496407518 0.005 0.901 0.0144927536232 0.012987012987 69 231 44
153 15 -206.099275192 423.606115333 0.005 0.01 0.0434782608696 0.361010830325 23 277 44
154 3 -174.111956787 359.631478522 0.005 0.208 0.0833333333333 0.222222222222 12 288 44
155 0 -131.224809306 273.857183562 0.005 0.604 0.0 0.0182648401826 81 219 44
157 8 -183.06703536 377.54163567 0.005 0.109 0.133333333333 0.242105263158 15 285 44
158 9 -101.447456666 214.302478281 0.005 0.802 0.0166666666667 0.0125 60 240 44
159 15 -157.414930327 326.237425604 0.005 0.505 0.0 0.0201005025126 101 199 44
160 29 -188.068795355 387.54515566 0.005 0.208 0.00884955752212 0.149732620321 113 187 44
161 4 -150.127863216 311.663291382 0.005 0.505 0.0 0.00549450549451 118 182 44
162 19 -186.163408339 383.734381628 0.005 0.109 nan 0.313333333333 0 300 44
163 3 -150.378792203 312.165149355 0.005 0.208 0.0 0.146853146853 14 286 44
164 2 -112.242877052 235.893319053 0.005 0.505 0.0 0.0559440559441 14 286 44
165 12 -177.404202192 366.215969334 0.005 0.109 nan 0.273333333333 0 300 44
166 1 -140.392562041 292.192689032 0.005 0.505 0.0 0.0246305418719 97 203 44
168 37 -157.045294171 325.498153291 0.005 0.208 0.0 0.15331010453 13 287 44
170 12 -155.387918406 322.183401761 0.005 0.208 nan 0.206666666667 0 300 44
171 5 -130.4284965 272.264557949 0.005 0.406 0.0666666666667 0.103703703704 30 270 44
172 9 -177.408670427 366.224905803 0.005 0.109 0.0833333333333 0.243055555556 12 288 44
173 5 -135.161021549 281.729608047 0.005 0.406 0.0175438596491 0.0699588477366 57 243 44
174 1 -163.04672359 337.501012129 0.005 0.208 0.0 0.141666666667 60 240 44
175 12 -109.161103748 229.729772444 0.005 0.505 0.0 0.0648854961832 38 262 44
176 21 -177.909316289 367.226197528 0.005 0.109 0.0 0.261016949153 5 295 44
177 40 -206.289323009 423.986210968 0.005 0.01 nan 0.416666666667 0 300 44
178 8 -123.467166278 258.341897506 0.005 0.703 0.0 0.00921658986175 83 217 44
179 4 -174.705215624 360.817996196 0.005 0.109 nan 0.263333333333 0 300 44
180 8 -149.157376687 309.722318323 0.005 0.406 0.0 0.0506912442396 83 217 44
181 4 -172.267237616 355.942040181 0.005 0.109 nan 0.243333333333 0 300 44
183 5 -130.617282513 272.642129975 0.005 0.307 0.0 0.113138686131 26 274 44
184 3 -120.110042512 251.627649974 0.005 0.604 0.0 0.0177777777778 75 225 44
185 7 -159.211368881 329.830302712 0.005 0.307 0.0 0.0862068965517 68 232 44
186 11 -127.078700138 265.564965225 0.005 0.505 0.0 0.0294117647059 62 238 44
187 8 -138.979466502 289.366497954 0.005 0.406 0.0 0.052 50 250 44
188 20 -172.772478461 356.95252187 0.005 0.109 nan 0.243333333333 0 300 44
189 3 -146.601307942 304.610180833 0.005 0.307 0.0 0.107142857143 20 280 44
190 32 -199.817103733 411.041772415 0.01 0.109 nan 0.36 0 300 44
192 7 -154.715465236 320.838495421 0.005 0.307 0.0 0.101167315175 43 257 44
193 2 -135.661683697 282.730932342 0.005 0.604 0.0 0.0229357798165 82 218 44
194 9 -165.410268652 342.228102253 0.005 0.307 0.0 0.0612244897959 104 196 44
195 9 -131.619183463 274.645931876 0.005 0.505 0.0128205128205 0.036036036036 78 222 44
196 0 -153.163017501 317.733599952 0.005 0.208 0.0 0.135338345865 34 266 44
197 23 -182.778598157 376.964761264 0.005 0.109 nan 0.283333333333 0 300 44
198 8 -147.585728693 306.579022334 0.005 0.505 0.0 0.0108108108108 115 185 44
199 11 -165.49524872 342.398062389 0.005 0.307 0.0 0.0466321243523 107 193 44
200 22 -145.156605948 301.720776846 0.005 0.307 0.03125 0.126865671642 32 268 44
202 17 -152.118584229 315.644733408 0.005 0.307 0.0 0.109090909091 25 275 44
203 7 -136.336079756 284.079724461 0.005 0.604 0.0 0.00975609756098 95 205 44
204 22 -157.720007366 326.847579682 0.005 0.307 0.0 0.0707547169811 88 212 44
206 32 -142.304917379 296.017399708 0.005 0.307 0.0322580645161 0.122676579926 31 269 44
207 6 -154.616954122 320.641473194 0.005 0.406 0.0 0.0309278350515 106 194 44
208 34 -143.994198644 299.395962238 0.005 0.505 0.0 0.029702970297 98 202 44
212 1 -163.097722451 337.603009852 0.005 0.406 0.0 0.0374331550802 113 187 44
213 18 -208.106539546 427.62064404 0.205 0.01 0.472222222222 0.522727272727 36 264 44
215 8 -160.822167578 333.051900106 0.005 0.406 0.0 0.040404040404 102 198 44
216 1 -118.631530804 248.670626557 0.005 0.505 0.0 0.0361445783133 51 249 44
217 16 -157.81699952 327.041563989 0.005 0.208 0.0 0.113553113553 27 273 44
218 3 -154.570160665 320.54788628 0.005 0.208 nan 0.196666666667 0 300 44
220 26 -113.453569464 238.314703878 0.005 0.703 0.0178571428571 0.0245901639344 56 244 44
221 3 -174.625149193 360.657863335 0.005 0.307 0.0 0.0584795321637 129 171 44
223 15 -133.560476025 278.528517 0.005 0.307 0.25 0.14527027027 4 296 44
225 4 -149.162151414 309.731867778 0.005 0.307 0.0 0.0966542750929 31 269 44
226 22 -126.471148303 264.349861555 0.005 0.505 0.0 0.0379746835443 63 237 44
227 39 -179.617203514 370.641971977 0.005 0.208 0.0 0.0493827160494 138 162 44
228 12 -132.318340931 276.044246812 0.005 0.505 0.0 0.0413533834586 34 266 44
229 16 -148.099173038 307.605911025 0.005 0.307 0.0 0.138059701493 32 268 44
230 8 -148.389458557 308.186482062 0.005 0.406 0.0 0.0493273542601 77 223 44
231 40 -154.589168794 320.585902538 0.005 0.208 0.03125 0.160447761194 32 268 44
232 7 -145.438450418 302.284465786 0.005 0.208 nan 0.176666666667 0 300 44
234 8 -139.181389541 289.770344031 0.005 0.406 0.0181818181818 0.0530612244898 55 245 44
235 11 -142.57455601 296.556676968 0.005 0.703 0.0 0.0 118 182 44
236 12 -175.673430121 362.754425191 0.005 0.208 0.0 0.107843137255 96 204 44
237 3 -152.802482821 317.01253059 0.005 0.208 0.0 0.156488549618 38 262 44
238 25 -185.86820554 383.143976029 0.005 0.109 0.0 0.232653061224 55 245 44
240 3 -127.557484483 266.522533916 0.005 0.802 0.0108695652174 0.0144230769231 92 208 44
241 4 -151.885858072 315.179281094 0.005 0.208 1.0 0.1872909699 1 299 44
242 7 -141.596018409 294.599601767 0.005 0.505 0.0 0.0138248847926 83 217 44
243 13 -148.470880117 308.349325183 0.005 0.307 0.0 0.107407407407 30 270 44
244 28 -161.12029752 333.648159989 0.005 0.208 0.0 0.134387351779 47 253 44
245 9 -168.288825398 347.985215745 0.005 0.208 0.0 0.106976744186 85 215 44
247 15 -163.332833072 338.073231094 0.005 0.307 0.0 0.100418410042 61 239 44
248 35 -180.308849058 372.025263066 0.005 0.109 0.5 0.258389261745 2 298 44
253 4 -127.402707866 266.212980681 0.005 0.703 0.0 0.00961538461538 92 208 44
256 10 -166.102411924 343.612388797 0.005 0.406 0.0 0.0229885057471 126 174 44
257 24 -122.372714012 256.152992973 0.005 0.406 0.0 0.0447154471545 54 246 44
258 8 -162.239268351 335.886101652 0.005 0.208 nan 0.226666666667 0 300 44
259 14 -174.888821611 361.185208172 0.005 0.208 0.0 0.10582010582 111 189 44
260 13 -163.245289298 337.898143545 0.005 0.208 0.0 0.122950819672 56 244 44
261 7 -194.496443097 400.400451144 0.035 0.109 0.666666666667 0.353535353535 3 297 44
262 11 -146.018299054 303.444163057 0.005 0.307 0.0 0.0871212121212 36 264 44
263 8 -136.093407472 283.594379894 0.005 0.505 0.0 0.0272727272727 80 220 44
264 3 -146.106737021 303.62103899 0.005 0.307 0.0 0.124528301887 35 265 44
1519 17 -178.398287314 368.204139577 0.005 0.109 nan 0.266666666667 0 300 44
1520 4 -123.630403895 258.66837274 0.005 0.604 0.0 0.0257510729614 67 233 44
1521 17 -155.203565079 321.814695107 0.005 0.307 0.0 0.116279069767 42 258 44
1523 14 -178.044020547 367.495606043 0.005 0.109 0.0 0.256756756757 4 296 44
1524 11 -159.8880481 331.183661149 0.005 0.406 0.0 0.0111731843575 121 179 44
1525 12 -164.208567427 339.824699804 0.005 0.307 0.0 0.0333333333333 120 180 44
1526 11 -137.447047266 286.301659482 0.005 0.307 0.027027027027 0.117870722433 37 263 44
1527 15 -158.923731424 329.255027797 0.005 0.208 0.333333333333 0.198653198653 3 297 44
1528 2 -170.66407798 352.735720909 0.005 0.208 0.0 0.157676348548 59 241 44
1529 2 -140.41102383 292.229612608 0.005 0.505 0.0 0.0331753554502 89 211 44
1530 15 -186.734245246 384.876055442 0.005 0.208 0.0 0.0337837837838 152 148 44
1531 10 -137.950936495 287.30943794 0.005 0.505 0.0161290322581 0.0588235294118 62 238 44
1532 15 -136.275491429 283.958547808 0.005 0.505 0.0 0.0478260869565 70 230 44
1533 22 -112.936865015 237.281294979 0.005 0.802 0.0 0.00869565217391 70 230 44
1534 19 -155.241446294 321.890457537 0.005 0.208 0.0 0.126353790614 23 277 44
1535 15 -169.886910023 351.181384996 0.005 0.208 0.0 0.129310344828 68 232 44
