1536 5 -168.474613893 348.356792735 0.005 0.307 0.0 0.0926829268293 95 205 31
1537 12 -127.641275257 266.690115464 0.005 0.604 0.0 0.0264317180617 73 227 31
1538 32 -172.054548445 355.51666184 0.005 0.208 0.2 0.233898305085 5 295 31
1539 24 -157.762493485 326.932551919 0.005 0.208 0.0 0.132231404959 58 242 31
1540 8 -169.893009978 351.193584906 0.005 0.208 0.0 0.223443223443 27 273 31
1541 11 -169.630001878 350.667568706 0.005 0.208 0.0 0.109004739336 89 211 31
1542 7 -144.683448401 300.774461751 0.005 0.505 0.0 0.015306122449 104 196 31
1543 7 -142.744971504 296.897507957 0.005 0.505 0.0 0.0154639175258 106 194 31
1544 13 -165.585525347 342.578615644 0.005 0.208 0.0 0.165354330709 46 254 31
1545 25 -151.588975163 314.585515274 0.005 0.505 0.0 0.0172413793103 126 174 31
1546 12 -115.85047131 243.10850757 0.005 0.703 0.0 0.0132743362832 74 226 31
1547 23 -206.890216768 425.187998485 0.005 0.01 nan 0.443333333333 0 300 31
1549 27 -170.170353836 351.748272621 0.005 0.208 0.0 0.178294573643 42 258 31
1550 4 -163.226910877 337.861386703 0.005 0.208 0.0 0.183098591549 16 284 31
1553 11 -181.26721994 373.942004829 0.005 0.109 nan 0.286666666667 0 300 31
140 11 -137.884707929 287.176980808 0.005 0.307 0.0192307692308 0.104838709677 52 248 31
141 4 -153.992889863 319.393344675 0.005 0.208 0.0555555555556 0.148936170213 18 282 31
142 10 -130.92647427 273.26051349 0.005 0.703 0.0 0.0143540669856 91 209 31
143 21 -189.346838818 390.101242586 0.005 0.109 nan 0.313333333333 0 300 31
144 16 -166.518687242 344.444939433 0.005 0.406 0.0 0.00595238095238 132 168 31
145 10 -172.106106042 355.619777033 0.005 0.307 0.0 0.0684210526316 110 190 31
146 24 -117.346341296 246.100247541 0.005 0.802 0.0 0.0168776371308 63 237 31
147 11 -115.309886662 242.027338273 0.005 0.802 0.0 0.0122448979592 55 245 31
148 3 -149.920254625 311.248074199 0.005 0.406 0.0 0.0582959641256 77 223 31
149 5 -167.015910519 345.439385988 0.005 0.307 0.0 0.0673575129534 107 193 31
150 25 -173.165034376 357.737633701 0.005 0.406 0.0 0.0125 140 160 31
151 21 -150.149819618 311.707204185 0.005 0.505 0.0 0.0161290322581 114 186 31
152 9 -118.723292811 248.854150572 0.005 0.604 0.0 0.0423728813559 64 236 31
153 15 -190.771330184 392.950225317 0.005 0.109 nan 0.326666666667 0 300 31
154 3 -154.847936347 321.103437643 0.005 0.307 0.0142857142857 0.0869565217391 70 230 31
155 0 -165.34452141 342.096607769 0.005 0.208 0.0 0.115384615385 92 208 31
157 8 -165.305530026 342.018625002 0.005 0.307 0.0 0.0780487804878 95 205 31
158 9 -151.301213602 314.009992154 0.005 0.406 0.0112359550562 0.0521327014218 89 211 31
159 15 -121.101807413 253.611179774 0.005 0.406 0.0 0.0845588235294 28 272 31
160 29 -147.302022518 306.011609986 0.005 0.406 0.0 0.0486725663717 74 226 31
161 4 -129.838803531 271.085172012 0.005 0.604 0.0 0.0281690140845 87 213 31
162 19 -198.102309381 407.612183712 0.025 0.109 nan 0.37 0 300 31
163 3 -158.651403475 328.7103719 0.005 0.406 0.0 0.0418848167539 109 191 31
164 2 -98.9281291119 209.263823173 0.005 1.0 0.0 0.00420168067227 62 238 31
165 12 -175.261259547 361.930084043 0.005 0.109 0.5 0.241610738255 2 298 31
166 1 -154.844189458 321.095943866 0.005 0.208 0.0 0.151408450704 16 284 31
168 37 -140.662709659 292.732984267 0.005 0.307 nan 0.15 0 300 31
170 12 -154.706457101 320.820479151 0.005 0.208 0.0 0.121212121212 36 264 31
171 5 -164.307840661 340.023246271 0.005 0.406 0.0 0.0121212121212 135 165 31
172 9 -143.600259074 298.608083097 0.005 0.208 0.2 0.162711864407 5 295 31
173 5 -140.80027377 293.008112489 0.005 0.406 0.016393442623 0.0627615062762 61 239 31
174 1 -146.637389135 304.682343219 0.005 0.406 0.0 0.045871559633 82 218 31
175 12 -178.70486977 368.81730449 0.005 0.307 0.0 0.0129032258065 145 155 31
176 21 -174.614711317 360.636987583 0.005 0.208 0.0384615384615 0.21897810219 26 274 31
177 40 -202.267617304 415.942799558 0.03 0.109 0.25 0.380136986301 8 292 31
178 8 -128.642906492 268.693377933 0.005 0.406 0.0 0.0524193548387 52 248 31
179 4 -157.787078938 326.981722825 0.005 0.307 0.0 0.0840336134454 62 238 31
180 8 -138.91534476 289.238254469 0.005 0.505 0.0 0.0236966824645 89 211 31
181 4 -185.488104746 382.383774442 0.005 0.109 0.142857142857 0.293515358362 7 293 31
183 5 -162.966322805 337.340210559 0.005 0.307 0.0 0.0863636363636 80 220 31
184 3 -158.42346973 328.25450441 0.005 0.208 nan 0.203333333333 0 300 31
185 7 -145.160271802 301.728108552 0.005 0.604 0.0 0.0106951871658 113 187 31
186 11 -117.153932521 245.715429991 0.005 0.703 0.0 0.0251046025105 61 239 31
187 8 -140.380411993 292.168388936 0.005 0.307 0.0 0.0961538461538 40 260 31
188 20 -128.573482601 268.554530152 0.005 0.406 0.0238095238095 0.062015503876 42 258 31
189 3 -169.545367101 350.49829915 0.005 0.307 0.0 0.0772532188841 67 233 31
190 32 -188.776665295 388.960895539 0.005 0.109 0.2 0.308474576271 5 295 31
192 7 -170.480403098 352.368371145 0.005 0.208 0.0 0.14859437751 51 249 31
193 2 -100.440103649 212.287772247 0.005 1.0 0.0 0.00826446280992 58 242 31
194 9 -157.090925455 325.589415859 0.005 0.505 0.00877192982456 0.010752688172 114 186 31
195 9 -168.877964619 349.163494188 0.005 0.208 nan 0.223333333333 0 300 31
196 0 -163.948317281 339.304199511 0.005 0.208 0.0 0.146153846154 40 260 31
197 23 -187.52388444 386.455333829 0.005 0.109 0.166666666667 0.28125 12 288 31
198 8 -124.443158398 260.293881745 0.005 0.703 0.0 0.0186046511628 85 215 31
199 11 -148.386120854 308.179806657 0.005 0.307 0.0454545454545 0.10546875 44 256 31
200 22 -132.02262411 275.45281317 0.005 0.307 0.0294117647059 0.0977443609023 34 266 31
202 17 -150.118910826 311.645386601 0.005 0.208 nan 0.196666666667 0 300 31
203 7 -131.324565224 274.056695398 0.005 0.406 0.0 0.0537190082645 58 242 31
204 22 -114.743189408 240.893943765 0.005 0.901 0.0 0.00913242009132 81 219 31
206 32 -149.570617428 310.548799806 0.005 0.505 0.0 0.0285714285714 90 210 31
207 6 -123.785864499 258.979293947 0.005 0.505 0.0 0.0414937759336 59 241 31
208 34 -149.198801763 309.805168475 0.005 0.208 0.0 0.136882129278 37 263 31
212 1 -171.579982447 354.567529843 0.005 0.208 0.0 0.12676056338 87 213 31
213 18 -207.238836264 425.885237478 0.005 0.01 nan 0.456666666667 0 300 31
215 8 -116.707020634 244.821606217 0.005 0.703 0.0 0.027027027027 78 222 31
216 1 -157.182805121 325.773175192 0.005 0.406 0.0 0.0362694300518 107 193 31
217 16 -176.011761119 363.431087188 0.005 0.109 0.0769230769231 0.233449477352 13 287 31
218 3 -108.933738303 229.275041555 0.005 0.802 0.0 0.00456621004566 81 219 31
220 26 -149.779865169 310.967295288 0.005 0.406 0.0224719101124 0.0379146919431 89 211 31
221 3 -154.497832771 320.40323049 0.005 0.307 0.0 0.0822510822511 69 231 31
223 15 -144.426677032 300.260919014 0.005 0.604 0.0 0.00518134715026 107 193 31
225 4 -89.4661609661 190.339886882 0.005 0.901 0.0 0.0190114068441 37 263 31
226 22 -128.335315674 268.078196297 0.005 0.505 0.0161290322581 0.0504201680672 62 238 31
227 39 -139.642810173 290.693185295 0.005 0.604 0.0 0.010752688172 114 186 31
228 12 -149.111057805 309.629680559 0.005 0.406 0.0 0.0443349753695 97 203 31
229 16 -146.507968038 304.423501026 0.005 0.208 0.25 0.168918918919 4 296 31
230 8 -119.913440218 251.234445384 0.005 0.604 0.0217391304348 0.0354330708661 46 254 31
231 40 -148.390831527 308.189228002 0.005 0.307 0.03125 0.119402985075 32 268 31
232 7 -144.422614773 300.252794495 0.005 0.406 0.0 0.0655021834061 71 229 31
234 8 -115.030553807 241.468672564 0.005 0.802 0.0 0.00888888888889 75 225 31
235 11 -132.153835422 275.715235793 0.005 0.505 0.0 0.0367346938776 55 245 31
236 12 -134.600209059 280.607983067 0.005 0.505 0.0 0.03125 76 224 31
237 3 -152.866286599 317.140138148 0.005 0.307 0.0 0.0654205607477 86 214 31
238 25 -151.906443122 315.220451192 0.005 0.208 0.0263157894737 0.152671755725 38 262 31
240 3 -179.949131142 371.305827233 0.005 0.307 0.0 0.0355029585799 131 169 31
241 4 -178.780042317 368.967649583 0.005 0.208 0.0 0.0625 124 176 31
242 7 -137.733102993 286.873770936 0.005 0.406 0.0 0.0580357142857 76 224 31
243 13 -159.07007575 329.54771645 0.005 0.208 0.0 0.160142348754 19 281 31
244 28 -170.906622354 353.220809657 0.015 0.208 0.25 0.25 4 296 31
245 9 -157.448496048 326.304557045 0.005 0.406 0.0 0.0358974358974 105 195 31
247 15 -164.809637512 341.026839973 0.005 0.307 0.0 0.0857142857143 90 210 31
248 35 -182.139646778 375.686858506 0.005 0.109 nan 0.283333333333 0 300 31
253 4 -126.39390972 264.195384389 0.005 0.406 0.0 0.0942028985507 24 276 31
256 10 -117.652643136 246.712851222 0.005 0.901 0.0 0.00462962962963 84 216 31
257 24 -145.659666361 302.726897672 0.005 0.307 0.0344827586207 0.10332103321 29 271 31
258 8 -161.621848308 334.651261566 0.005 0.208 0.0 0.14693877551 55 245 31
259 14 -118.288050116 247.983665181 0.005 0.901 0.0 0.0 91 209 31
260 13 -166.641870707 344.691306364 0.005 0.208 nan 0.223333333333 0 300 31
261 7 -189.111780048 389.631125045 0.005 0.109 0.5 0.305369127517 2 298 31
262 11 -160.241148852 331.889862653 0.005 0.208 0.2 0.171929824561 15 285 31
263 8 -120.05382174 251.515208429 0.005 0.703 0.0 0.00921658986175 83 217 31
264 3 -138.197303507 287.802171963 0.005 0.604 0.0 0.015 100 200 31
1519 17 -148.650152295 308.70786954 0.005 0.307 0.0 0.0967741935484 52 248 31
1520 4 -142.505341201 296.418247351 0.005 0.307 0.0 0.0840336134454 62 238 31
1521 17 -149.496157978 310.399880906 0.005 0.406 0.0 0.0492610837438 97 203 31
1523 14 -169.581784774 350.571134497 0.005 0.208 0.0 0.106837606838 66 234 31
1524 11 -137.796247878 287.000060705 0.005 0.307 0.0 0.101503759398 34 266 31
1525 12 -155.302730815 322.013026579 0.005 0.208 0.166666666667 0.180272108844 6 294 31
1526 11 -105.778706765 222.964978479 0.005 0.703 0.0 0.0243902439024 54 246 31
1527 15 -144.500042013 300.407648976 0.005 0.406 0.0 0.0422535211268 87 213 31
1528 2 -145.532491867 302.472548684 0.005 0.505 0.0 0.0104712041885 109 191 31
1529 2 -140.723402093 292.854369136 0.005 0.604 0.0 0.015 100 200 31
1530 15 -149.40081963 310.209204209 0.005 0.505 0.0 0.0 123 177 31
1531 10 -76.2655255911 163.938616131 0.005 1.0 0.0 0.00387596899225 42 258 31
1532 15 -146.49185846 304.391281869 0.005 0.406 0.0 0.0414746543779 83 217 31
1533 22 -150.2196246 311.84681415 0.005 0.406 0.0 0.0358974358974 105 195 31
1534 19 -179.823293898 371.054152745 0.005 0.109 nan 0.27 0 300 31
1535 15 -180.228682062 371.864929073 0.005 0.208 0.0 0.19918699187 54 246 31
1536 5 -159.377108538 330.161782026 0.005 0.406 0.0 0.0418848167539 109 191 32
1537 12 -173.629366016 358.66629698 0.005 0.208 0.0 0.19391634981 37 263 32
1538 32 -131.865294961 275.13815487 0.005 0.604 0.0 0.0184331797235 83 217 32
1539 24 -145.948106685 303.30377832 0.005 0.307 0.0 0.0882352941176 62 238 32
1540 8 -151.599355542 314.606276033 0.005 0.406 0.0103092783505 0.0492610837438 97 203 32
1541 11 -181.255832356 373.919229661 0.005 0.109 0.0263157894737 0.229007633588 38 262 32
1542 7 -160.44029496 332.28815487 0.005 0.208 0.1 0.2 10 290 32
1543 7 -115.141277204 241.690119357 0.005 0.604 0.0 0.0398406374502 49 251 32
1544 13 -121.253139976 253.913844902 0.005 0.505 0.0 0.0454545454545 58 242 32
1545 25 -155.469114253 322.345793455 0.005 0.307 0.0 0.100418410042 61 239 32
1546 12 -130.331668625 272.070902199 0.005 0.901 0.0 0.0 98 202 32
1547 23 -207.33222129 426.07200753 0.005 0.01 nan 0.463333333333 0 300 32
1549 27 -155.238310612 321.884186174 0.005 0.307 0.0 0.0762331838565 77 223 32
1550 4 -175.857252718 363.122070385 0.005 0.109 nan 0.263333333333 0 300 32
1553 11 -167.392730073 346.193025096 0.005 0.208 0.0 0.112107623318 77 223 32
140 11 -109.400747485 230.209059919 0.005 1.0 0.0 0.00448430493274 77 223 32
141 4 -133.648762318 278.705089585 0.005 0.307 0.0 0.105839416058 26 274 32
142 10 -116.859234882 245.126034714 0.005 0.703 0.0135135135135 0.0265486725664 74 226 32
143 21 -186.566530245 384.540625439 0.01 0.109 nan 0.32 0 300 32
144 16 -128.959053042 269.325671034 0.005 0.901 0.0 0.0 95 205 32
145 10 -118.981334105 249.370233158 0.005 0.604 0.0175438596491 0.0329218106996 57 243 32
146 24 -176.266232344 363.940029637 0.005 0.208 0.0 0.2 50 250 32
147 11 -155.225893787 321.859352523 0.005 0.307 0.0128205128205 0.0585585585586 78 222 32
148 3 -150.696749477 312.801063903 0.005 0.505 0.0 0.0106382978723 112 188 32
149 5 -89.3294270892 190.066419128 0.005 1.0 0.0 0.0 66 234 32
150 25 -164.941345284 341.290255518 0.005 0.307 0.0 0.0909090909091 80 220 32
151 21 -146.06244438 303.53245371 0.005 0.307 0.0 0.0975609756098 54 246 32
152 9 -120.030210606 251.467986162 0.005 0.901 0.0 0.00471698113208 88 212 32
153 15 -192.526462527 396.460490003 0.015 0.109 nan 0.336666666667 0 300 32
154 3 -152.819239434 317.046043818 0.005 0.208 0.0 0.166666666667 18 282 32
155 0 -114.977371509 241.362307967 0.005 0.802 0.0 0.0133333333333 75 225 32
157 8 -168.642939288 348.693443525 0.005 0.208 0.0 0.156378600823 57 243 32
158 9 -171.333972482 354.075509914 0.005 0.307 0.0 0.0299401197605 133 167 32
159 15 -128.945763647 269.299092243 0.005 0.505 0.0 0.0502092050209 61 239 32
160 29 -142.576579353 296.560723654 0.005 0.406 0.0 0.0430622009569 91 209 32
161 4 -153.426596768 318.260758486 0.005 0.406 0.0 0.0217391304348 116 184 32
162 19 -192.172481195 395.752527339 0.005 0.109 nan 0.33 0 300 32
163 3 -169.827433685 351.062432319 0.005 0.208 0.2 0.230508474576 5 295 32
164 2 -158.627591883 328.662748715 0.005 0.505 0.0 0.0171428571429 125 175 32
165 12 -184.948751651 381.305068252 0.01 0.109 0.5 0.295302013423 2 298 32
166 1 -157.830120206 327.067805362 0.005 0.208 0.2 0.18275862069 10 290 32
168 37 -166.492616105 344.392797158 0.005 0.307 0.0 0.0686274509804 96 204 32
170 12 -165.832453008 343.072470964 0.005 0.208 0.0 0.162790697674 42 258 32
171 5 -134.166936794 279.741438537 0.005 0.406 0.0 0.0600858369099 67 233 32
172 9 -141.582005841 294.57157663 0.005 0.604 0.0 0.0 110 190 32
173 5 -147.487600869 306.382766687 0.005 0.307 0.0 0.132575757576 36 264 32
174 1 -120.024460791 251.456486531 0.005 0.406 0.0 0.0634328358209 32 268 32
175 12 -102.423300976 216.254166902 0.005 0.802 0.0 0.0165289256198 58 242 32
176 21 -173.837511189 359.082587328 0.005 0.109 nan 0.24 0 300 32
177 40 -204.602252678 420.612070305 0.095 0.109 0.458333333333 0.394927536232 24 276 32
178 8 -154.775759889 320.959084727 0.005 0.505 0.0 0.0114285714286 125 175 32
179 4 -175.019995211 361.447555371 0.005 0.109 nan 0.256666666667 0 300 32
180 8 -159.224495766 329.856556481 0.005 0.208 0.0 0.15625 44 256 32
181 4 -171.823996673 355.055558295 0.005 0.109 nan 0.246666666667 0 300 32
183 5 -162.441086224 336.289737398 0.005 0.406 0.0 0.0171428571429 125 175 32
184 3 -157.666286782 326.740138512 0.005 0.208 0.0434782608696 0.137184115523 23 277 32
185 7 -152.487954588 316.383474126 0.005 0.505 0.00787401574803 0.0 127 173 32
186 11 -153.974405946 319.356376841 0.005 0.307 0.0 0.0934579439252 86 214 32
187 8 -121.551967516 254.51149998 0.005 0.802 0.0128205128205 0.018018018018 78 222 32
188 20 -157.884535181 327.17663531 0.01 0.208 0.0 0.220735785953 1 299 32
189 3 -160.64864441 332.704853769 0.005 0.406 0.0 0.030612244898 104 196 32
190 32 -198.479715065 408.366995079 0.01 0.109 0.333333333333 0.346801346801 3 297 32
192 7 -123.279173189 257.965911327 0.005 0.505 0.0 0.046511627907 42 258 32
193 2 -136.720932544 284.849430037 0.005 0.604 0.0 0.00512820512821 105 195 32
194 9 -138.71632128 288.84020751 0.005 0.307 0.0 0.114942528736 39 261 32
195 9 -168.291195312 347.989955573 0.005 0.208 nan 0.23 0 300 32
196 0 -164.589607272 340.586779493 0.005 0.307 0.0 0.0883720930233 85 215 32
197 23 -181.291252674 373.990070298 0.005 0.109 nan 0.293333333333 0 300 32
198 8 -157.385241928 326.178048806 0.005 0.406 0.0 0.00558659217877 121 179 32
199 11 -160.90544288 333.21845071 0.005 0.208 0.0 0.179211469534 21 279 32
200 22 -113.485983498 238.379531946 0.005 0.802 0.0 0.00904977375566 79 221 32
202 17 -160.046107592 331.499780134 0.005 0.208 nan 0.216666666667 0 300 32
203 7 -144.035653635 299.47887222 0.005 0.505 0.0 0.0277777777778 84 216 32
204 22 -102.603580362 216.614725673 0.005 0.802 0.0 0.0163265306122 55 245 32
206 32 -149.413871754 310.235308458 0.005 0.307 0.0185185185185 0.105691056911 54 246 32
207 6 -129.303187143 270.013939236 0.005 0.703 0.0 0.0192307692308 92 208 32
208 34 -174.741806767 360.891178484 0.005 0.109 0.0625 0.235915492958 16 284 32
212 1 -119.816168383 251.039901715 0.005 0.604 0.0 0.0214592274678 67 233 32
213 18 -207.361468516 426.130501981 0.005 0.01 nan 0.466666666667 0 300 32
215 8 -138.636693936 288.680952822 0.005 0.406 0.0 0.0495495495495 78 222 32
216 1 -126.396702693 264.200970336 0.005 0.604 0.0 0.0263157894737 72 228 32
217 16 -175.229363143 361.866291234 0.005 0.109 0.0 0.233215547703 17 283 32
218 3 -127.756581014 266.920726977 0.005 0.406 0.0 0.046875 44 256 32
220 26 -108.727555071 228.862675091 0.005 1.0 0.0 0.00436681222707 71 229 32
221 3 -160.028769176 331.465103301 0.005 0.208 0.0 0.141176470588 45 255 32
223 15 -143.076755953 297.561076856 0.005 0.406 0.0 0.0502283105023 81 219 32
225 4 -143.250825223 297.909215395 0.005 0.406 0.0 0.0138888888889 84 216 32
226 22 -147.450715129 306.308995206 0.005 0.505 0.0 0.020202020202 102 198 32
227 39 -176.618621419 364.644807788 0.005 0.208 0.0 0.0829015544041 107 193 32
228 12 -151.12550322 313.658571389 0.005 0.307 0.037037037037 0.124542124542 27 273 32
229 16 -180.184714571 371.776994092 0.005 0.208 0.0 0.121212121212 102 198 32
230 8 -140.952562183 293.312689314 0.005 0.406 0.0 0.0851063829787 65 235 32
231 40 -131.903928097 275.215421143 0.005 0.505 0.0 0.041095890411 81 219 32
232 7 -161.230819166 333.869203282 0.005 0.208 0.0 0.122270742358 71 229 32
234 8 -188.657676609 388.722918167 0.005 0.208 0.0 0.0 161 139 32
235 11 -161.252311695 333.912188339 0.005 0.307 0.0149253731343 0.115879828326 67 233 32
236 12 -182.548073509 376.503711967 0.005 0.109 0.0416666666667 0.260869565217 24 276 32
237 3 -161.894810438 335.197185825 0.005 0.307 0.0 0.0697674418605 85 215 32
238 25 -166.458065412 344.323695773 0.005 0.208 0.0555555555556 0.219858156028 18 282 32
240 3 -116.070114918 243.547794786 0.005 1.0 0.0 0.0 86 214 32
241 4 -155.981444148 323.370453246 0.005 0.307 0.0 0.113924050633 63 237 32
242 7 -87.7181946407 186.843954231 0.005 0.802 0.0 0.0216606498195 23 277 32
243 13 -121.457233414 254.322031778 0.005 0.604 0.0188679245283 0.0404858299595 53 247 32
244 28 -173.836917416 359.081399781 0.005 0.109 nan 0.246666666667 0 300 32
245 9 -147.633541473 306.674647895 0.005 0.307 0.0151515151515 0.0555555555556 66 234 32
247 15 -146.578717413 304.564999776 0.005 0.208 nan 0.173333333333 0 300 32
248 35 -182.611768164 376.631101276 0.005 0.109 nan 0.286666666667 0 300 32
253 4 -162.231571677 335.870708303 0.005 0.307 0.0 0.107296137339 67 233 32
256 10 -139.85817504 291.12391503 0.005 0.406 0.0 0.0452488687783 79 221 32
257 24 -136.807708745 285.022982439 0.005 0.307 0.0 0.143884892086 22 278 32
258 8 -180.470698288 372.348961526 0.005 0.109 nan 0.283333333333 0 300 32
259 14 -160.81629188 333.04014871 0.005 0.208 0.0 0.151394422311 49 251 32
260 13 -158.653206545 328.71397804 0.005 0.307 0.0131578947368 0.09375 76 224 32
261 7 -179.316743417 370.041051784 0.005 0.109 nan 0.27 0 300 32
262 11 -169.800103733 351.007772416 0.005 0.406 0.0 0.0128205128205 144 156 32
263 8 -84.872801887 181.153168723 0.005 0.901 0.0 0.0186567164179 32 268 32
264 3 -172.880225339 357.168015627 0.005 0.307 0.0 0.0216216216216 115 185 32
1519 17 -147.421445153 306.250455255 0.005 0.406 0.0 0.047619047619 90 210 32
1520 4 -152.243339299 315.894243547 0.005 0.406 0.0 0.0504587155963 82 218 32
1521 17 -131.782749908 274.973064764 0.005 0.307 0.0 0.0860215053763 21 279 32
1523 14 -167.958187778 347.323940506 0.005 0.208 0.0 0.148760330579 58 242 32
1524 11 -161.632112587 334.671790123 0.005 0.208 0.0185185185185 0.138211382114 54 246 32
1525 12 -132.259770141 275.927105232 0.005 0.604 0.0 0.0194174757282 94 206 32
1526 11 -128.292868027 267.993301003 0.005 0.703 0.0 0.0182648401826 81 219 32
1527 15 -169.728192718 350.863950385 0.005 0.208 nan 0.236666666667 0 300 32
1528 2 -138.652330306 288.712225562 0.005 0.307 0.0 0.09963099631 29 271 32
1529 2 -149.0040636 309.415692149 0.005 0.307 0.0 0.133333333333 45 255 32
1530 15 -149.738474138 310.884513226 0.005 0.208 0.0 0.157142857143 20 280 32
1531 10 -161.027414597 333.462394144 0.005 0.208 0.0 0.198606271777 13 287 32
1532 15 -168.093367453 347.594299856 0.005 0.406 0.0 0.0178571428571 132 168 32
1533 22 -95.9397354497 203.287035849 0.005 0.802 0.0 0.0151515151515 36 264 32
1534 19 -136.954211501 285.315987951 0.005 0.307 0.0 0.0954198473282 38 262 32
1535 15 -174.696395733 360.800356415 0.005 0.109 0.0555555555556 0.234042553191 18 282 32
1536 5 -162.659604189 336.726773327 0.005 0.406 0.0 0.0425531914894 112 188 33
1537 12 -163.545719162 338.499003273 0.005 0.208 nan 0.226666666667 0 300 33
1538 32 -132.946015842 277.299596632 0.005 0.406 0.0 0.0537190082645 58 242 33
1539 24 -149.158483292 309.724531532 0.005 0.208 0.0 0.166666666667 6 294 33
1540 8 -145.418114969 302.243794887 0.005 0.307 0.0 0.104247104247 41 259 33
1541 11 -162.220926271 335.849417492 0.005 0.208 0.0 0.1125 60 240 33
1542 7 -183.132490041 377.67254503 0.005 0.109 0.0 0.193965517241 68 232 33
1543 7 -121.76237615 254.93231725 0.005 0.406 0.0208333333333 0.0714285714286 48 252 33
1544 13 -120.630736662 252.669038274 0.005 0.505 0.0 0.03861003861 41 259 33
1545 25 -169.943714577 351.294994102 0.005 0.208 0.5 0.234899328859 2 298 33
1546 12 -163.839359944 339.086284838 0.005 0.406 0.0 0.0114285714286 125 175 33
1547 23 -208.040538452 427.488641854 0.205 0.01 0.628571428571 0.501886792453 35 265 33
1549 27 -157.263648333 325.934861615 0.005 0.406 0.0 0.0510204081633 104 196 33
1550 4 -171.919876861 355.247318671 0.005 0.109 nan 0.246666666667 0 300 33
1553 11 -148.649423176 308.706411301 0.005 0.307 0.0 0.102189781022 26 274 33
140 11 -112.591068299 236.589701548 0.005 0.703 0.0 0.0207468879668 59 241 33
141 4 -129.252328568 269.912222085 0.005 0.307 0.0 0.115384615385 14 286 33
142 10 -78.622472629 168.652510207 0.005 1.0 0.0 0.00393700787402 46 254 33
143 21 -196.722539004 404.852642957 0.01 0.109 nan 0.343333333333 0 300 33
144 16 -119.439256628 250.286078205 0.005 0.901 0.0 0.0047619047619 90 210 33
145 10 -115.556518019 242.520600988 0.005 1.0 0.0 0.0 86 214 33
146 24 -168.189868091 347.787301132 0.005 0.208 nan 0.23 0 300 33
147 11 -109.376866331 230.161297611 0.005 0.505 0.0769230769231 0.0627177700348 13 287 33
148 3 -177.277149371 365.961863691 0.005 0.208 0.0 0.186311787072 37 263 33
149 5 -142.147548141 295.702661231 0.005 0.208 nan 0.17 0 300 33
150 25 -149.913959513 311.235483974 0.005 0.307 0.025 0.142307692308 40 260 33
151 21 -124.0834775 259.574519949 0.005 0.703 0.0 0.0138248847926 83 217 33
152 9 -141.825980296 295.059525542 0.005 0.505 0.0 0.0196078431373 96 204 33
153 15 -202.85728816 417.12214127 0.02 0.109 0.25 0.375 4 296 33
154 3 -171.799338292 355.006241534 0.005 0.208 0.0 0.0927835051546 106 194 33
155 0 -131.989322615 275.386210179 0.005 0.604 0.0 0.0218340611354 71 229 33
157 8 -188.226904822 387.861374593 0.005 0.109 nan 0.303333333333 0 300 33
158 9 -128.807562634 269.022690217 0.005 0.604 0.0 0.0221238938053 74 226 33
159 15 -148.599709149 308.606983248 0.005 0.505 0.0 0.0108108108108 115 185 33
160 29 -157.046821924 325.501208798 0.005 0.307 0.0 0.0526315789474 91 209 33
161 4 -149.444742472 310.297049893 0.005 0.505 0.0 0.0160427807487 113 187 33
162 19 -189.18499788 389.77756071 0.005 0.109 nan 0.31 0 300 33
163 3 -148.869545169 309.146655287 0.005 0.208 0.0 0.142335766423 26 274 33
164 2 -127.131656379 265.670877707 0.005 0.505 0.0 0.0391304347826 70 230 33
165 12 -168.66679863 348.741162209 0.005 0.307 0.0 0.0717703349282 91 209 33
166 1 -169.610466986 350.628498921 0.005 0.208 nan 0.236666666667 0 300 33
168 37 -174.53400189 360.475568729 0.005 0.109 nan 0.246666666667 0 300 33
170 12 -123.800013093 259.007591135 0.005 0.604 0.0 0.0379746835443 63 237 33
171 5 -167.762611238 346.932787426 0.005 0.406 0.0 0.0437158469945 117 183 33
172 9 -149.059074524 309.525713998 0.005 0.307 0.0 0.106995884774 57 243 33
173 5 -120.543592923 252.494750796 0.005 0.505 0.0 0.046875 44 256 33
174 1 -172.347198659 356.101962267 0.005 0.208 0.0375 0.145454545455 80 220 33
175 12 -143.667834336 298.743233621 0.005 0.307 0.222222222222 0.158075601375 9 291 33
176 21 -182.892773392 377.193111732 0.005 0.109 0.25 0.273648648649 4 296 33
177 40 -204.376083609 420.159732167 0.11 0.109 0.529411764706 0.390977443609 34 266 33
178 8 -126.057956011 263.523476971 0.005 0.505 0.0 0.034188034188 66 234 33
179 4 -150.709654273 312.826873495 0.005 0.208 0.0 0.128404669261 43 257 33
180 8 -162.630642913 336.668850774 0.005 0.406 0.0 0.0 139 161 33
181 4 -176.483545601 364.374656152 0.005 0.109 nan 0.263333333333 0 300 33
183 5 -133.436605799 278.280776547 0.005 0.406 0.0 0.0440528634361 73 227 33
184 3 -162.628214412 336.663993772 0.005 0.208 0.0 0.124 50 250 33
185 7 -150.892235695 313.19203634 0.005 0.307 0.012987012987 0.085201793722 77 223 33
186 11 -155.536074086 322.479713121 0.005 0.406 0.0 0.00555555555556 120 180 33
187 8 -143.333735983 298.075036915 0.005 0.307 0.0 0.085020242915 53 247 33
188 20 -131.736606043 274.880777036 0.005 0.307 0.0 0.111111111111 21 279 33
189 3 -156.185567517 323.778699984 0.005 0.208 nan 0.21 0 300 33
190 32 -189.521281278 390.450127505 0.005 0.109 nan 0.323333333333 0 300 33
192 7 -164.154755641 339.717076231 0.005 0.208 0.0232558139535 0.167315175097 43 257 33
193 2 -168.20617022 347.819905389 0.005 0.208 1.0 0.220735785953 1 299 33
194 9 -112.995659404 237.398883758 0.005 0.901 0.0 0.00456621004566 81 219 33
195 9 -148.604705141 308.616975232 0.005 0.208 nan 0.2 0 300 33
196 0 -124.286911704 259.981388358 0.005 0.406 0.0 0.062015503876 42 258 33
197 23 -185.792431893 382.992428735 0.005 0.109 nan 0.3 0 300 33
198 8 -120.512839503 252.433243956 0.005 0.505 0.0 0.0468085106383 65 235 33
199 11 -142.598382977 296.604330904 0.005 0.505 0.0 0.0204081632653 104 196 33
200 22 -105.823199986 223.053964922 0.005 0.604 0.025 0.0384615384615 40 260 33
202 17 -186.766309342 384.940183632 0.005 0.109 nan 0.316666666667 0 300 33
203 7 -143.673663828 298.754892606 0.005 0.406 0.0128205128205 0.0585585585586 78 222 33
204 22 -166.705243223 344.818051395 0.005 0.307 0.0 0.0526315789474 110 190 33
206 32 -142.961853375 297.331271699 0.005 0.505 0.0 0.037037037037 84 216 33
207 6 -120.841687408 253.090939765 0.005 0.901 0.0 0.00917431192661 82 218 33
208 34 -139.021801781 289.451168512 0.005 0.406 0.0 0.0423728813559 64 236 33
212 1 -151.586070985 314.579706919 0.005 0.307 0.0 0.100436681223 71 229 33
213 18 -204.789329937 420.986224822 0.205 0.109 0.512195121951 0.440154440154 41 259 33
215 8 -133.322612565 278.05279008 0.005 0.406 0.0 0.0944881889764 46 254 33
216 1 -139.970289505 291.348143959 0.005 0.307 0.0 0.0983606557377 56 244 33
217 16 -126.87587118 265.159307309 0.005 0.703 0.0 0.0045871559633 82 218 33
218 3 -129.304019835 270.015604619 0.005 0.703 0.0 0.0 101 199 33
220 26 -141.645908726 294.699382402 0.005 0.505 0.00990099009901 0.0251256281407 101 199 33
221 3 -151.464206066 314.335977081 0.005 0.208 0.0 0.137037037037 30 270 33
223 15 -146.811773486 305.031111921 0.005 0.406 0.0 0.0336538461538 92 208 33
225 4 -144.517314659 300.442194267 0.005 0.307 0.0 0.111111111111 48 252 33
226 22 -154.150130277 319.707825504 0.005 0.505 0.0 0.00581395348837 128 172 33
227 39 -115.82726404 243.062093029 0.005 0.505 0.0294117647059 0.0451127819549 34 266 33
228 12 -117.744414539 246.896394028 0.005 0.505 0.0 0.0367346938776 55 245 33
229 16 -158.892762903 329.193090756 0.005 0.208 0.0 0.157303370787 33 267 33
230 8 -124.099390479 259.606345908 0.005 0.604 0.0 0.042735042735 66 234 33
231 40 -107.485161589 226.377888127 0.005 1.0 0.0 0.00438596491228 72 228 33
232 7 -132.701641785 276.810848519 0.005 0.307 nan 0.14 0 300 33
234 8 -140.717274865 292.842114679 0.005 0.307 0.0 0.15306122449 6 294 33
235 11 -153.523616529 318.454798007 0.005 0.307 0.0185185185185 0.0975609756098 54 246 33
236 12 -188.988637607 389.384840163 0.01 0.109 1.0 0.317725752508 1 299 33
237 3 -159.459304514 330.326173977 0.005 0.208 0.1 0.203448275862 10 290 33
238 25 -179.044262614 369.496090177 0.005 0.208 0.0 0.113402061856 106 194 33
240 3 -137.990224193 287.388013335 0.005 0.406 0.0 0.0627802690583 77 223 33
241 4 -139.126426049 289.660417048 0.005 0.307 0.0 0.103448275862 39 261 33
242 7 -125.186727064 261.781019077 0.005 0.604 0.0 0.0452674897119 57 243 33
243 13 -148.875398744 309.158362437 0.005 0.406 0.0 0.0480769230769 92 208 33
244 28 -141.434505104 294.276575158 0.005 0.307 0.0 0.125899280576 22 278 33
245 9 -161.01309014 333.433745229 0.005 0.406 0.0 0.0360824742268 106 194 33
247 15 -161.522828249 334.453221447 0.005 0.406 0.0 0.032967032967 118 182 33
248 35 -172.100376044 355.608317037 0.005 0.208 0.0 0.227891156463 6 294 33
253 4 -177.204081554 365.815728058 0.005 0.307 0.0 0.0365853658537 136 164 33
256 10 -121.20078321 253.80913137 0.005 0.406 0.25 0.0878378378378 4 296 33
257 24 -108.885139419 229.177843787 0.005 0.901 0.0 0.0175438596491 72 228 33
258 8 -137.019465313 285.446495575 0.005 0.406 0.0 0.0504201680672 62 238 33
259 14 -156.733380325 324.8743256 0.005 0.406 0.0 0.0471204188482 109 191 33
260 13 -161.957604771 335.322774492 0.005 0.208 nan 0.216666666667 0 300 33
261 7 -188.520759531 388.449084012 0.005 0.109 nan 0.31 0 300 33
262 11 -158.122260019 327.652084987 0.005 0.307 0.0 0.0909090909091 80 220 33
263 8 -95.7654695012 202.938503952 0.005 1.0 0.0 0.0123966942149 58 242 33
264 3 -147.298959569 306.005484088 0.005 0.604 0.0 0.0110497237569 119 181 33
1519 17 -152.726462258 316.860489466 0.005 0.307 0.0 0.114285714286 55 245 33
1520 4 -166.768652108 344.944869165 0.005 0.307 0.0 0.0430107526882 114 186 33
1521 17 -153.574148776 318.555862501 0.005 0.208 nan 0.21 0 300 33
1523 14 -177.775796017 366.959156983 0.005 0.109 0.166666666667 0.255102040816 6 294 33
1524 11 -130.752225614 272.912016178 0.005 0.406 0.0 0.0734693877551 55 245 33
1525 12 -156.895547691 325.198660331 0.005 0.208 0.0 0.142857142857 48 252 33
1526 11 -149.096103951 309.599772852 0.005 0.307 0.0322580645161 0.126394052045 31 269 33
1527 15 -146.604052672 304.615670293 0.005 0.307 0.0 0.106617647059 28 272 33
1528 2 -156.913921731 325.235408412 0.005 0.208 0.0 0.160305343511 38 262 33
1529 2 -144.563334936 300.534234822 0.005 0.604 0.0 0.0146341463415 95 205 33
1530 15 -128.239524814 267.886614577 0.005 0.604 0.0 0.0349344978166 71 229 33
1531 10 -107.375371091 226.158307132 0.005 1.0 0.0 0.004329004329 69 231 33
1532 15 -130.842461355 273.092487659 0.005 0.505 0.0 0.0321100917431 82 218 33
1533 22 -156.033589114 323.474743178 0.005 0.208 0.125 0.154929577465 16 284 33
1534 19 -171.96800736 355.343579669 0.005 0.208 0.0 0.198606271777 13 287 33
1535 15 -145.848766403 303.105097756 0.005 0.307 0.0 0.104 50 250 33
1536 5 -166.949149595 345.30586414 0.005 0.208 0.0133333333333 0.133333333333 75 225 34
1537 12 -105.96496402 223.337492989 0.005 0.703 0.0 0.0291666666667 60 240 34
1538 32 -176.380009305 364.16758356 0.005 0.109 0.0 0.233676975945 9 291 34
1539 24 -125.396131247 262.199827444 0.005 0.505 0.0 0.046218487395 62 238 34
1540 8 -148.101541022 307.610646993 0.005 0.406 0.0 0.0424528301887 88 212 34
1541 11 -177.032290088 365.472145126 0.005 0.109 0.0769230769231 0.236933797909 13 287 34
1542 7 -155.143293903 321.694152756 0.005 0.307 0.0 0.125475285171 37 263 34
1543 7 -127.073488267 265.554541483 0.005 0.604 0.0 0.0133333333333 75 225 34
1544 13 -118.783618858 248.974802666 0.005 0.604 0.0 0.0171673819742 67 233 34
1545 25 -173.21621672 357.839998389 0.005 0.208 0.133333333333 0.2 15 285 34
1546 12 -125.128494839 261.664554627 0.005 0.604 0.0 0.0184331797235 83 217 34
1547 23 -207.069652624 425.546870197 0.005 0.01 nan 0.456666666667 0 300 34
1549 27 -163.777278504 338.962121958 0.005 0.406 0.0 0.0276243093923 119 181 34
1550 4 -163.254692396 337.916949742 0.005 0.208 0.5 0.182432432432 4 296 34
1553 11 -139.785275195 290.978115339 0.005 0.406 0.0 0.0478260869565 70 230 34
140 11 -123.509267364 258.426099678 0.005 0.703 0.0 0.00456621004566 81 219 34
141 4 -159.767627504 330.942819958 0.005 0.307 0.0 0.0676328502415 93 207 34
142 10 -118.155645921 247.718856792 0.005 0.802 0.0 0.0 91 209 34
143 21 -194.73919547 400.885955889 0.01 0.109 nan 0.346666666667 0 300 34
144 16 -146.922644556 305.25285406 0.005 0.505 0.0 0.0366492146597 109 191 34
145 10 -169.20824172 349.824048389 0.005 0.208 0.0114942528736 0.117370892019 87 213 34
146 24 -141.889679634 295.186924217 0.005 0.406 0.0 0.057268722467 73 227 34
147 11 -161.799982377 335.007529703 0.005 0.208 0.0555555555556 0.187943262411 18 282 34
148 3 -166.386042169 344.179649287 0.005 0.307 0.0 0.0656565656566 102 198 34
149 5 -137.841011107 287.089587162 0.005 0.505 0.0 0.0357142857143 76 224 34
150 25 -157.721882136 326.851329221 0.005 0.208 0.0 0.173431734317 29 271 34
151 21 -161.021183511 333.44993197 0.005 0.406 0.0 0.0117647058824 130 170 34
152 9 -113.059146694 237.525858338 0.005 0.802 0.0 0.0 93 207 34
153 15 -193.131909301 397.671383551 0.02 0.109 nan 0.346666666667 0 300 34
154 3 -160.314654843 332.036874636 0.005 0.307 0.0 0.0825242718447 94 206 34
155 0 -138.033676966 287.474918881 0.005 0.406 0.0344827586207 0.0661157024793 58 242 34
157 8 -160.113145722 331.633856394 0.005 0.208 0.0 0.160583941606 26 274 34
158 9 -171.667967086 354.743499121 0.005 0.307 0.00884955752212 0.0748663101604 113 187 34
159 15 -133.342995976 278.093556901 0.005 0.505 0.0 0.0272727272727 80 220 34
160 29 -163.213593041 337.834751032 0.005 0.208 nan 0.216666666667 0 300 34
161 4 -126.309851192 264.027267333 0.005 0.406 0.0357142857143 0.0882352941176 28 272 34
162 19 -189.466992668 390.341550286 0.005 0.109 nan 0.323333333333 0 300 34
163 3 -153.532376153 318.472317255 0.005 0.208 nan 0.19 0 300 34
164 2 -167.294058863 345.995682675 0.005 0.307 0.0 0.0769230769231 92 208 34
165 12 -109.977159938 231.361884826 0.005 0.505 0.0344827586207 0.0553505535055 29 271 34
166 1 -158.022593667 327.452752282 0.005 0.208 nan 0.19 0 300 34
168 37 -141.620790516 294.649145982 0.005 0.406 0.0 0.0696721311475 56 244 34
170 12 -171.651703268 354.710971485 0.005 0.109 nan 0.243333333333 0 300 34
171 5 -156.577778637 324.563122223 0.005 0.208 0.0 0.160839160839 14 286 34
172 9 -157.793723223 326.995011396 0.005 0.208 nan 0.21 0 300 34
173 5 -159.921868099 331.251301148 0.005 0.208 nan 0.213333333333 0 300 34
174 1 -141.890562979 295.188690907 0.005 0.307 0.0 0.0779220779221 69 231 34
175 12 -180.854535811 373.116636572 0.005 0.208 0.0 0.0514285714286 125 175 34
176 21 -166.59216624 344.59189743 0.01 0.208 nan 0.24 0 300 34
177 40 -205.348307101 422.104179151 0.195 0.109 0.431034482759 0.421487603306 58 242 34
178 8 -148.141665336 307.690895622 0.005 0.505 0.0 0.0108108108108 115 185 34
179 4 -143.315076367 298.037717684 0.005 0.406 0.0 0.0324074074074 84 216 34
180 8 -148.131553084 307.670671118 0.005 0.505 0.0 0.00490196078431 96 204 34
181 4 -178.120753799 367.649072548 0.005 0.109 nan 0.276666666667 0 300 34
183 5 -168.137065006 347.681694962 0.005 0.208 0.2 0.210169491525 5 295 34
184 3 -132.239248729 275.886062406 0.005 0.307 0.4 0.142372881356 5 295 34
185 7 -142.620464644 296.648494238 0.005 0.406 0.0 0.061135371179 71 229 34
186 11 -175.06605016 361.539665268 0.005 0.208 0.0 0.0934065934066 118 182 34
187 8 -146.754822529 304.917210008 0.005 0.406 0.0 0.0530973451327 74 226 34
188 20 -116.185874044 243.779313038 0.005 0.703 0.0 0.0133333333333 75 225 34
189 3 -175.792312127 362.992189202 0.005 0.307 0.0 0.0621761658031 107 193 34
190 32 -187.786337969 386.980240888 0.005 0.109 nan 0.3 0 300 34
192 7 -113.477808929 238.363182807 0.005 0.505 0.0 0.0408921933086 31 269 34
193 2 -139.614440935 290.636446818 0.005 0.307 0.05 0.0730769230769 40 260 34
194 9 -104.839335414 221.086235778 0.005 1.0 0.0 0.0 80 220 34
195 9 -160.652262459 332.712089867 0.005 0.208 0.0 0.135593220339 64 236 34
196 0 -161.572784605 334.55313416 0.005 0.307 0.0 0.114406779661 64 236 34
197 23 -197.906065105 407.219695159 0.01 0.109 1.0 0.347826086957 1 299 34
198 8 -124.344224528 260.096014005 0.005 0.802 0.0 0.0 98 202 34
199 11 -172.449678189 356.306921327 0.005 0.307 0.0 0.063829787234 112 188 34
200 22 -137.03125415 285.47007325 0.005 0.307 0.047619047619 0.100775193798 42 258 34
202 17 -182.035826499 375.479217947 0.005 0.109 0.0487804878049 0.223938223938 41 259 34
203 7 -149.835258319 311.078081588 0.005 0.505 0.0 0.0261780104712 109 191 34
204 22 -129.081345065 269.57025508 0.005 0.604 0.0 0.0222222222222 75 225 34
206 32 -187.276153915 385.959872778 0.005 0.307 0.0 0.0144927536232 162 138 34
207 6 -148.848964457 309.105493863 0.005 0.505 0.0 0.00540540540541 115 185 34
208 34 -180.411603162 372.230771273 0.005 0.109 0.166666666667 0.258503401361 6 294 34
212 1 -132.031122126 275.469809201 0.005 0.307 0.0625 0.0985915492958 16 284 34
213 18 -207.516837476 426.441239901 0.005 0.01 nan 0.47 0 300 34
215 8 -158.779769342 328.967103633 0.005 0.406 0.0 0.0327868852459 117 183 34
216 1 -175.571761865 362.55108868 0.005 0.307 0.0 0.0201342281879 151 149 34
217 16 -168.136367365 347.680299679 0.005 0.208 0.0 0.156862745098 45 255 34
218 3 -142.13785145 295.683267849 0.005 0.505 0.0 0.0205128205128 105 195 34
220 26 -114.43661688 240.28079871 0.005 0.802 0.0 0.0210084033613 62 238 34
221 3 -163.140815058 337.689195065 0.005 0.208 0.0 0.118644067797 64 236 34
223 15 -161.063425049 333.534415047 0.005 0.406 0.0 0.0176470588235 130 170 34
225 4 -131.411777912 274.231120774 0.005 0.703 0.0 0.0 104 196 34
226 22 -107.480044805 226.367654559 0.005 0.802 0.0 0.0123456790123 57 243 34
227 39 -169.179887555 349.76734006 0.005 0.208 nan 0.223333333333 0 300 34
228 12 -152.252615806 315.912796561 0.005 0.406 0.0 0.0452261306533 101 199 34
229 16 -163.996974668 339.401514286 0.005 0.208 0.0140845070423 0.131004366812 71 229 34
230 8 -176.939821184 365.287207318 0.005 0.406 0.0 0.00671140939597 151 149 34
231 40 -156.268295978 323.944156905 0.005 0.307 0.0 0.123456790123 57 243 34
232 7 -126.333947766 264.075460482 0.005 0.307 0.0 0.0944881889764 46 254 34
234 8 -117.452127525 246.311819999 0.005 0.604 0.0 0.0354330708661 46 254 34
235 11 -121.868615852 255.144796654 0.005 0.406 0.0 0.0872727272727 25 275 34
236 12 -193.614689559 398.636944068 0.005 0.109 nan 0.33 0 300 34
237 3 -122.036462262 255.480489472 0.005 0.505 0.0 0.0329218106996 57 243 34
238 25 -165.025739538 341.459044025 0.005 0.208 0.0714285714286 0.183823529412 28 272 34
240 3 -111.164983547 233.737532043 0.005 0.901 0.0 0.017094017094 66 234 34
241 4 -159.178602674 329.764770297 0.005 0.208 0.0 0.153225806452 52 248 34
242 7 -110.318553508 232.044671966 0.005 0.505 0.0 0.0547445255474 26 274 34
243 13 -139.73441623 290.876397409 0.005 0.505 0.0 0.0363636363636 80 220 34
244 28 -183.072194636 377.551954222 0.005 0.109 nan 0.286666666667 0 300 34
245 9 -163.398050806 338.203666562 0.005 0.307 0.0 0.10480349345 71 229 34
247 15 -158.463541096 328.334647142 0.005 0.208 nan 0.22 0 300 34
248 35 -186.007405684 383.422376316 0.005 0.109 nan 0.306666666667 0 300 34
253 4 -140.477039906 292.361644761 0.005 0.406 0.0138888888889 0.0526315789474 72 228 34
256 10 -101.471065415 214.34969578 0.005 0.802 0.0 0.00833333333333 60 240 34
257 24 -155.729652379 322.866869708 0.005 0.307 0.0 0.123552123552 41 259 34
258 8 -119.282483445 249.972531839 0.005 0.406 0.0 0.0692041522491 11 289 34
259 14 -138.549847767 288.507260483 0.005 0.505 0.012987012987 0.0403587443946 77 223 34
260 13 -151.056939711 313.521444371 0.005 0.208 0.0 0.153846153846 27 273 34
261 7 -193.932510527 399.272586003 0.01 0.109 nan 0.35 0 300 34
262 11 -155.021655436 321.450875821 0.005 0.505 0.0 0.0113636363636 124 176 34
263 8 -103.544417886 218.496400721 0.005 0.802 0.0 0.0125523012552 61 239 34
264 3 -139.837184642 291.081934233 0.005 0.406 0.012987012987 0.0448430493274 77 223 34
1519 17 -152.456800065 316.321165079 0.005 0.307 0.0 0.0912863070539 59 241 34
1520 4 -137.811678725 287.0309224 0.005 0.406 0.0133333333333 0.0577777777778 75 225 34
1521 17 -143.884987622 299.177540193 0.005 0.307 0.0 0.129411764706 45 255 34
1523 14 -179.022351298 369.452267545 0.005 0.208 0.0 0.200772200772 41 259 34
1524 11 -147.232188896 305.871942742 0.005 0.406 0.0 0.0441176470588 96 204 34
1525 12 -161.541597022 334.490758993 0.005 0.208 0.0 0.189830508475 5 295 34
1526 11 -144.972926903 301.353418756 0.005 0.505 0.0 0.0412844036697 82 218 34
1527 15 -149.893441442 311.194447833 0.005 0.307 0.0 0.0739130434783 70 230 34
1528 2 -162.884113067 337.175791083 0.005 0.208 0.0 0.208904109589 8 292 34
1529 2 -128.779649691 268.966864332 0.005 0.703 0.0 0.0139534883721 85 215 34
1530 15 -160.44642663 332.30041821 0.005 0.406 0.0 0.0233918128655 129 171 34
1531 10 -147.751981496 306.911527942 0.005 0.505 0.0 0.0355329949239 103 197 34
1532 15 -136.815822047 285.039209044 0.005 0.505 0.0 0.0379146919431 89 211 34
1533 22 -153.940522268 319.288609486 0.005 0.208 0.027027027027 0.171102661597 37 263 34
1534 19 -159.631002302 330.669569553 0.005 0.208 0.0 0.141304347826 24 276 34
1535 15 -168.133576578 347.674718104 0.005 0.208 0.0 0.112612612613 78 222 34
1536 5 -154.305700177 320.018965304 0.005 0.406 0.0 0.0469483568075 87 213 35
1537 12 -159.335972217 330.079509383 0.005 0.208 nan 0.21 0 300 35
1538 32 -177.922251765 367.252068479 0.005 0.109 nan 0.27 0 300 35
1539 24 -141.167434545 293.742434038 0.005 0.505 0.0 0.036866359447 83 217 35
1540 8 -167.569406503 346.546377954 0.005 0.307 0.0 0.0710382513661 117 183 35
1541 11 -162.113421052 335.634407053 0.015 0.208 0.4 0.240677966102 5 295 35
1542 7 -180.414546842 372.236658634 0.005 0.109 0.0625 0.227611940299 32 268 35
1543 7 -146.458452626 304.324470201 0.005 0.406 0.0120481927711 0.0552995391705 83 217 35
1544 13 -198.709859298 408.827283546 0.005 0.109 0.0 0.0625 156 144 35
1545 25 -143.851125142 299.109815234 0.005 0.406 0.0 0.072 50 250 35
1546 12 -86.3354789947 184.078522939 0.005 1.0 0.0178571428571 0.00819672131148 56 244 35
1547 23 -207.531967967 426.471500883 0.005 0.01 nan 0.47 0 300 35
1549 27 -147.555494452 306.518553854 0.005 0.406 0.0 0.0533333333333 75 225 35
1550 4 -176.140778027 363.689121003 0.005 0.109 0.0454545454545 0.230215827338 22 278 35
1553 11 -95.3270930432 202.061751036 0.005 1.0 0.0 0.00423728813559 64 236 35
140 11 -144.177470653 299.762506255 0.005 0.406 0.0111111111111 0.0571428571429 90 210 35
141 4 -141.403545958 294.214656864 0.005 0.406 0.0 0.0619469026549 74 226 35
142 10 -185.277454692 381.962474334 0.005 0.307 0.0 0.015037593985 167 133 35
143 21 -189.799930163 391.007425275 0.005 0.109 nan 0.313333333333 0 300 35
144 16 -139.35357216 290.11470927 0.005 0.505 0.0 0.0285714285714 90 210 35
145 10 -177.812552916 367.032670782 0.005 0.307 0.0 0.05 140 160 35
146 24 -165.481630998 342.370826946 0.005 0.208 0.0 0.12 75 225 35
147 11 -152.951318138 317.310201225 0.005 0.307 0.0181818181818 0.10612244898 55 245 35
148 3 -91.9781236746 195.363812298 0.005 1.0 0.0 0.00416666666667 60 240 35
149 5 -141.061165606 293.529896162 0.005 0.505 0.0 0.0398230088496 74 226 35
150 25 -130.528369595 272.46430414 0.005 0.604 0.0 0.0267857142857 76 224 35
151 21 -135.987777017 283.383118983 0.005 0.604 0.0 0.0138888888889 84 216 35
152 9 -109.90378464 231.215134228 0.005 0.802 0.0 0.00862068965517 68 232 35
153 15 -193.068786156 397.545137262 0.02 0.109 0.222222222222 0.340206185567 9 291 35
154 3 -151.935392744 315.278350438 0.005 0.307 0.0 0.122302158273 22 278 35
155 0 -140.882043149 293.171651246 0.005 0.406 0.0 0.0717299578059 63 237 35
157 8 -165.657939319 342.723443587 0.005 0.307 0.0 0.0845070422535 87 213 35
158 9 -159.387632789 330.182830527 0.005 0.406 0.0 0.0261780104712 109 191 35
159 15 -133.788738891 278.985042731 0.005 0.505 0.0 0.0319634703196 81 219 35
160 29 -150.758768243 312.925101435 0.005 0.307 0.0 0.0836820083682 61 239 35
161 4 -133.276352723 277.960270396 0.005 0.406 0.0 0.0625 60 240 35
162 19 -181.928894698 375.265354346 0.005 0.109 nan 0.28 0 300 35
163 3 -153.364162712 318.135890373 0.005 0.208 1.0 0.190635451505 1 299 35
164 2 -120.00621554 251.419996029 0.005 0.505 0.0 0.0421455938697 39 261 35
165 12 -180.451844225 372.311253399 0.005 0.109 nan 0.286666666667 0 300 35
166 1 -106.975581524 225.358727996 0.005 0.802 0.0 0.0194552529183 43 257 35
168 37 -173.419830283 358.247225515 0.005 0.109 0.0 0.234113712375 1 299 35
170 12 -173.213797347 357.835159643 0.005 0.208 0.0 0.224137931034 10 290 35
171 5 -143.915241009 299.238046967 0.005 0.505 0.0104166666667 0.0343137254902 96 204 35
172 9 -134.965921467 281.339407883 0.005 0.307 0.0 0.111510791367 22 278 35
173 5 -134.36272025 280.133005448 0.005 0.406 0.0 0.0590717299578 63 237 35
174 1 -114.634243609 240.676052166 0.005 0.901 0.0 0.0 77 223 35
175 12 -137.572990729 286.553546407 0.005 0.307 0.166666666667 0.125850340136 6 294 35
176 21 -150.024155995 311.455876939 0.005 0.208 0.0588235294118 0.162544169611 17 283 35
177 40 -205.256283997 421.920132944 0.155 0.109 0.448275862069 0.428044280443 29 271 35
178 8 -133.348098485 278.10376192 0.005 0.604 0.0 0.024154589372 93 207 35
179 4 -106.396248281 224.200061511 0.005 0.505 0.0 0.0567375886525 18 282 35
180 8 -153.904548248 319.216661446 0.005 0.208 nan 0.213333333333 0 300 35
181 4 -161.063342715 333.534250379 0.005 0.208 0.0 0.161971830986 16 284 35
183 5 -158.835152254 329.077869456 0.005 0.307 0.0161290322581 0.105042016807 62 238 35
184 3 -172.942107151 357.291779252 0.005 0.109 0.333333333333 0.23569023569 3 297 35
185 7 -124.894419094 261.196403138 0.005 0.604 0.0142857142857 0.0260869565217 70 230 35
186 11 -167.428123637 346.263812224 0.005 0.307 0.00970873786408 0.0761421319797 103 197 35
187 8 -133.405715165 278.218995279 0.005 0.406 0.0 0.0810810810811 41 259 35
188 20 -168.010101675 347.4277683 0.005 0.208 0.666666666667 0.212121212121 3 297 35
189 3 -143.399431695 298.20642834 0.005 0.505 0.0 0.0194174757282 94 206 35
190 32 -189.402913716 390.213392382 0.01 0.109 nan 0.323333333333 0 300 35
192 7 -151.880453043 315.168471036 0.005 0.406 0.0 0.0361990950226 79 221 35
193 2 -135.27409997 281.95576489 0.005 0.604 0.0 0.00478468899522 91 209 35
194 9 -154.332372298 320.072309544 0.005 0.307 0.0 0.0539215686275 96 204 35
195 9 -165.121981039 341.651527027 0.005 0.208 nan 0.216666666667 0 300 35
196 0 -162.114102316 335.635769581 0.005 0.406 0.00769230769231 0.0235294117647 130 170 35
197 23 -200.359282012 412.126128973 0.05 0.109 0.8 0.386440677966 5 295 35
198 8 -122.055223133 255.518011216 0.005 0.703 0.0 0.00473933649289 89 211 35
199 11 -167.346484822 346.100534593 0.005 0.208 0.0142857142857 0.139130434783 70 230 35
200 22 -146.158414835 303.724394619 0.005 0.208 0.5 0.161073825503 2 298 35
202 17 -185.00094064 381.40944623 0.005 0.109 0.0322580645161 0.241635687732 31 269 35
203 7 -137.567494622 286.542554194 0.005 0.505 0.0 0.0288461538462 92 208 35
204 22 -109.901845006 231.211254961 0.005 0.901 0.0 0.00896860986547 77 223 35
206 32 -153.240937585 317.88944012 0.005 0.208 0.133333333333 0.171929824561 15 285 35
207 6 -161.641821623 334.691208195 0.005 0.505 0.0 0.0 125 175 35
208 34 -153.114148175 317.635861299 0.005 0.208 nan 0.193333333333 0 300 35
212 1 -146.556798786 304.52116252 0.005 0.406 0.0 0.0542986425339 79 221 35
213 18 -207.855473109 427.118511167 0.005 0.01 nan 0.473333333333 0 300 35
215 8 -133.5666828 278.540930549 0.005 0.406 0.0144927536232 0.0606060606061 69 231 35
216 1 -150.632567109 312.672699166 0.005 0.208 0.111111111111 0.154639175258 9 291 35
217 16 -138.41965089 288.24686673 0.005 0.307 0.0333333333333 0.111111111111 30 270 35
218 3 -93.560759961 198.529084871 0.005 0.802 0.0 0.0160642570281 51 249 35
220 26 -112.090544511 235.588653972 0.005 1.0 0.0 0.00460829493088 83 217 35
221 3 -136.439589028 284.286743004 0.005 0.307 0.0 0.0793650793651 48 252 35
223 15 -90.0607794748 191.529123899 0.005 0.901 0.0222222222222 0.0196078431373 45 255 35
225 4 -163.807490196 339.022545342 0.005 0.208 0.0 0.145748987854 53 247 35
226 22 -139.853946664 291.115458277 0.005 0.406 0.0 0.0606060606061 69 231 35
227 39 -153.238165616 317.883896182 0.005 0.307 0.0 0.0810810810811 78 222 35
228 12 -164.285593285 339.978751519 0.005 0.406 0.0 0.0327868852459 117 183 35
229 16 -128.579181996 268.565928942 0.005 0.604 0.0112359550562 0.0189573459716 89 211 35
230 8 -149.341808217 310.091181384 0.005 0.505 0.0 0.0162162162162 115 185 35
231 40 -128.649836894 268.707238737 0.005 0.505 0.0 0.0493827160494 57 243 35
232 7 -173.679682328 358.766929606 0.005 0.307 0.0 0.0523560209424 109 191 35
234 8 -160.621116648 332.649798246 0.005 0.307 0.0135135135135 0.0973451327434 74 226 35
235 11 -155.940625867 323.288816683 0.005 0.208 0.2 0.196610169492 5 295 35
236 12 -162.638671303 336.684907555 0.005 0.208 0.166666666667 0.197916666667 12 288 35
237 3 -151.332371868 314.072308685 0.005 0.307 0.0 0.109649122807 72 228 35
238 25 -123.717489495 258.84254394 0.005 0.802 0.0 0.00478468899522 91 209 35
240 3 -140.669236908 292.746038766 0.005 0.505 0.0 0.0291262135922 94 206 35
241 4 -151.919221937 315.246008824 0.005 0.208 nan 0.193333333333 0 300 35
242 7 -182.501194905 376.40995476 0.005 0.307 0.0 0.0331125827815 149 151 35
243 13 -158.275183127 327.957931203 0.005 0.307 0.0 0.118421052632 72 228 35
244 28 -174.915026368 361.237617686 0.005 0.109 nan 0.25 0 300 35
245 9 -145.78425414 302.97607323 0.005 0.208 0.0 0.171717171717 3 297 35
247 15 -111.110559664 233.628684278 0.005 0.604 0.0238095238095 0.0348837209302 42 258 35
248 35 -191.727058681 394.861682311 0.01 0.109 nan 0.333333333333 0 300 35
253 4 -127.169531375 265.746627699 0.005 0.901 0.0 0.0 93 207 35
256 10 -102.516905259 216.441375468 0.005 0.901 0.0 0.00836820083682 61 239 35
257 24 -181.384527556 374.176620061 0.005 0.208 0.0 0.0710382513661 117 183 35
258 8 -139.630029533 290.667624015 0.005 0.604 0.0 0.0103626943005 107 193 35
259 14 -152.641968954 316.691502858 0.005 0.505 0.0 0.00561797752809 122 178 35
260 13 -161.021460108 333.450485165 0.005 0.208 0.0 0.140077821012 43 257 35
261 7 -181.940274083 375.288113116 0.005 0.109 nan 0.296666666667 0 300 35
262 11 -153.859456349 319.126477647 0.005 0.307 0.0 0.0940170940171 66 234 35
263 8 -89.7850943196 190.977753588 0.005 0.901 0.0 0.0157480314961 46 254 35
264 3 -150.188868426 311.785301802 0.005 0.307 0.0 0.129411764706 45 255 35
1519 17 -152.717292582 316.842150114 0.005 0.307 0.0 0.095652173913 70 230 35
1520 4 -136.879427363 285.166419676 0.005 0.604 0.0 0.0150753768844 101 199 35
1521 17 -154.769886763 320.947338475 0.005 0.208 nan 0.21 0 300 35
1523 14 -170.846439665 353.10044428 0.005 0.406 0.0 0.0182926829268 136 164 35
