1536 5 -188.968879675 389.345324299 0.005 0.208 0.0 0.130177514793 131 169 81
1537 12 -130.84532872 273.09822239 0.005 0.802 0.0 0.00492610837438 97 203 81
1538 32 -150.698582797 312.804730543 0.005 0.307 0.0 0.0683760683761 66 234 81
1539 24 -153.461927956 318.331420862 0.005 0.307 0.0 0.088785046729 86 214 81
1540 8 -118.504894611 248.417354172 0.005 0.604 0.0 0.0282258064516 52 248 81
1541 11 -151.958016648 315.323598245 0.005 0.307 0.0 0.0729613733906 67 233 81
1542 7 -161.868367493 335.144299935 0.005 0.208 nan 0.226666666667 0 300 81
1543 7 -156.393905348 324.195375645 0.005 0.208 0.0 0.163346613546 49 251 81
1544 13 -178.309638719 368.026842388 0.005 0.307 0.0 0.0 155 145 81
1545 25 -172.886968301 357.181501552 0.005 0.109 nan 0.24 0 300 81
1546 12 -141.89530951 295.19818397 0.005 0.604 0.0 0.00520833333333 108 192 81
1547 23 -207.590740548 426.589046046 0.02 0.01 nan 0.476666666667 0 300 81
1549 27 -173.409368226 358.226301402 0.005 0.208 0.0 0.0860215053763 114 186 81
1550 4 -130.375629897 272.158824743 0.005 0.802 0.0 0.0 96 204 81
1553 11 -144.921155124 301.249875197 0.005 0.406 0.0 0.0691056910569 54 246 81
140 11 -131.845108662 275.097782274 0.005 0.406 0.0 0.0603448275862 68 232 81
141 4 -161.922009198 335.251583346 0.005 0.307 0.0 0.0837004405286 73 227 81
142 10 -161.062964965 333.533494878 0.005 0.406 0.0 0.0526315789474 110 190 81
143 21 -185.040273798 381.488112546 0.005 0.109 nan 0.29 0 300 81
144 16 -136.528085306 284.463735561 0.005 0.505 0.0 0.0418604651163 85 215 81
145 10 -133.901044654 279.209654257 0.005 0.307 0.0 0.123711340206 9 291 81
146 24 -153.810219321 319.028003592 0.005 0.406 0.0 0.0490196078431 96 204 81
147 11 -141.559715098 294.526995145 0.005 0.604 0.0 0.00526315789474 110 190 81
148 3 -159.559063394 330.525691736 0.005 0.307 0.0 0.1 80 220 81
149 5 -142.942619505 297.292803959 0.005 0.505 0.0 0.0103092783505 106 194 81
150 25 -171.565236201 354.538037352 0.005 0.307 0.0 0.0591397849462 114 186 81
151 21 -163.528907641 338.465380231 0.005 0.208 0.2 0.196551724138 10 290 81
152 9 -118.78122621 248.970017369 0.005 0.802 0.0 0.0 94 206 81
153 15 -179.74344537 370.89445569 0.005 0.109 nan 0.29 0 300 81
154 3 -172.817306791 357.042178531 0.005 0.109 nan 0.243333333333 0 300 81
155 0 -116.676394657 244.760354263 0.005 0.703 0.0 0.00460829493088 83 217 81
157 8 -150.897886399 313.203337746 0.005 0.307 0.0 0.0858369098712 67 233 81
158 9 -150.094553351 311.596671652 0.005 0.406 0.0 0.0445544554455 98 202 81
159 15 -70.9062745586 153.220114067 0.005 1.0 0.0 0.00757575757576 36 264 81
160 29 -154.802169129 321.011903208 0.005 0.406 0.0 0.0160427807487 113 187 81
161 4 -123.250920456 257.909405861 0.005 0.703 0.0 0.0301724137931 68 232 81
162 19 -176.93269199 365.27294893 0.005 0.109 nan 0.28 0 300 81
163 3 -170.72750637 352.862577689 0.005 0.208 nan 0.223333333333 0 300 81
164 2 -156.780820502 324.969205952 0.005 0.208 0.0 0.142857142857 55 245 81
165 12 -167.347356314 346.102277578 0.01 0.208 nan 0.24 0 300 81
166 1 -111.46026166 234.32808827 0.005 0.604 0.0 0.0166666666667 60 240 81
168 37 -158.853788716 329.115142382 0.005 0.208 0.0 0.208754208754 3 297 81
170 12 -169.814662478 351.036889905 0.005 0.208 0.015873015873 0.130801687764 63 237 81
171 5 -163.300202715 338.007970379 0.005 0.307 0.0 0.105504587156 82 218 81
172 9 -130.390035902 272.187636753 0.005 0.604 0.0 0.0141509433962 88 212 81
173 5 -135.001465666 281.410496281 0.005 0.505 0.0 0.0285714285714 90 210 81
174 1 -166.368841231 344.145247411 0.005 0.208 0.0 0.118942731278 73 227 81
175 12 -136.687144931 284.781854812 0.005 0.604 0.0 0.0275229357798 82 218 81
176 21 -182.285044949 375.977654848 0.005 0.109 0.0 0.256944444444 12 288 81
177 40 -199.535797247 410.479159443 0.05 0.109 0.857142857143 0.37542662116 7 293 81
178 8 -141.159787187 293.727139324 0.005 0.307 0.166666666667 0.136054421769 6 294 81
179 4 -164.610548262 340.628661472 0.005 0.208 0.0 0.201342281879 2 298 81
180 8 -177.748630105 366.90482516 0.005 0.208 0.0 0.122549019608 96 204 81
181 4 -156.634315587 324.676196123 0.005 0.307 0.0 0.122448979592 55 245 81
183 5 -154.202624259 319.812813468 0.005 0.208 0.5 0.194630872483 2 298 81
184 3 -162.399450687 336.206466322 0.005 0.208 nan 0.213333333333 0 300 81
185 7 -142.141843449 295.691251848 0.005 0.406 0.0 0.0540540540541 78 222 81
186 11 -150.928847366 313.265259681 0.005 0.505 0.0 0.015 100 200 81
187 8 -140.537928162 292.483421274 0.005 0.307 0.0454545454545 0.111510791367 22 278 81
188 20 -156.734630457 324.876825864 0.005 0.307 0.0 0.0909090909091 69 231 81
189 3 -156.570229328 324.548023605 0.005 0.208 nan 0.18 0 300 81
190 32 -189.238621185 389.884807319 0.005 0.109 nan 0.313333333333 0 300 81
192 7 -159.12264686 329.65285867 0.005 0.307 0.0 0.117647058824 79 221 81
193 2 -146.090463324 303.588491598 0.005 0.505 0.0 0.0257731958763 106 194 81
194 9 -165.981329977 343.370224904 0.005 0.307 0.01 0.06 100 200 81
195 9 -167.499199233 346.405963414 0.005 0.208 0.0 0.115702479339 58 242 81
196 0 -149.119565512 309.646695973 0.005 0.208 nan 0.21 0 300 81
197 23 -177.561459057 366.530483063 0.005 0.109 nan 0.273333333333 0 300 81
198 8 -136.96309407 285.333753089 0.005 0.505 0.0 0.0105263157895 110 190 81
199 11 -144.059725835 299.527016619 0.005 0.307 0.0 0.106870229008 38 262 81
200 22 -148.26844052 307.944445988 0.005 0.406 0.0 0.0704845814978 73 227 81
202 17 -169.355619517 350.118803984 0.015 0.208 0.4 0.24406779661 5 295 81
203 7 -127.434943115 266.277451179 0.005 0.406 0.0 0.0691056910569 54 246 81
204 22 -136.496040013 284.399644976 0.005 0.406 0.0 0.0733590733591 41 259 81
206 32 -164.737479771 340.882524492 0.005 0.208 0.0 0.123404255319 65 235 81
207 6 -135.106127306 281.619819561 0.005 0.505 0.0 0.0508474576271 64 236 81
208 34 -157.7164978 326.84056055 0.005 0.208 0.5 0.182432432432 4 296 81
212 1 -159.116249576 329.640064101 0.005 0.208 0.25 0.212837837838 4 296 81
213 18 -207.925391062 427.258347074 0.005 0.01 nan 0.48 0 300 81
215 8 -151.484125569 314.375816088 0.005 0.307 0.0408163265306 0.119521912351 49 251 81
216 1 -151.433625765 314.27481648 0.005 0.505 0.0 0.0263157894737 110 190 81
217 16 -127.241301356 265.890167661 0.005 0.406 0.0 0.0571428571429 55 245 81
218 3 -153.386293364 318.180151677 0.005 0.208 0.666666666667 0.178451178451 3 297 81
220 26 -142.578214792 296.563994533 0.005 0.604 0.0 0.0 110 190 81
221 3 -158.226215479 327.859995906 0.005 0.307 0.0 0.0810810810811 78 222 81
223 15 -137.573106108 286.553777166 0.005 0.604 0.0 0.0103092783505 106 194 81
225 4 -146.99741441 305.402393769 0.005 0.208 nan 0.19 0 300 81
226 22 -145.101293746 301.610152441 0.005 0.208 0.0 0.172297297297 4 296 81
227 39 -148.664959648 308.737484245 0.005 0.307 0.0 0.0717299578059 63 237 81
228 12 -101.597664256 214.602893462 0.005 1.0 0.0 0.0 81 219 81
229 16 -152.284212243 315.975989436 0.005 0.208 0.0 0.167300380228 37 263 81
230 8 -128.702742309 268.813049567 0.005 0.703 0.0 0.005 100 200 81
231 40 -140.541749522 292.491063993 0.005 0.406 0.0 0.044776119403 99 201 81
232 7 -130.52689924 272.46136343 0.005 0.307 0.0 0.0905797101449 24 276 81
234 8 -153.96121215 319.329989249 0.005 0.307 0.0 0.107883817427 59 241 81
235 11 -115.355627978 242.118820906 0.005 0.505 0.0243902439024 0.03861003861 41 259 81
236 12 -174.595135782 360.597836513 0.005 0.109 0.5 0.244966442953 2 298 81
237 3 -154.117532741 319.642630431 0.005 0.307 0.0 0.106837606838 66 234 81
238 25 -161.026033137 333.459631223 0.005 0.307 0.0 0.0634146341463 95 205 81
240 3 -134.083580075 279.5747251 0.005 0.604 0.0 0.029702970297 98 202 81
241 4 -162.124010617 335.655586184 0.005 0.208 0.0 0.184115523466 23 277 81
242 7 -145.539213973 302.485992895 0.005 0.406 0.0 0.0657276995305 87 213 81
243 13 -164.88662014 341.180805228 0.005 0.208 0.0487804878049 0.158301158301 41 259 81
244 28 -137.68821366 286.783992269 0.005 0.604 0.0 0.0183486238532 82 218 81
245 9 -141.359864206 294.127293361 0.005 0.307 1.0 0.153846153846 1 299 81
247 15 -170.251536518 351.910637985 0.005 0.307 0.0 0.0857142857143 90 210 81
248 35 -103.786819921 218.981204792 0.005 0.802 0.0 0.0160642570281 51 249 81
253 4 -136.308127168 284.023819285 0.005 0.406 0.0 0.0769230769231 53 247 81
256 10 -109.137300606 229.682166162 0.005 0.901 0.0 0.0 90 210 81
257 24 -141.938954211 295.285473371 0.005 0.406 0.0 0.0372093023256 85 215 81
258 8 -175.066235551 361.540036052 0.005 0.109 nan 0.263333333333 0 300 81
259 14 -126.177576495 263.76271794 0.005 0.406 0.0 0.0787401574803 46 254 81
260 13 -162.570939208 336.549443366 0.005 0.307 0.0 0.0825688073394 82 218 81
261 7 -201.93019509 415.267955129 0.05 0.109 0.4375 0.380281690141 16 284 81
262 11 -103.70170218 218.810969309 0.005 0.802 0.0 0.0123966942149 58 242 81
263 8 -93.0114038646 197.430372679 0.005 0.604 0.0 0.0387323943662 16 284 81
264 3 -120.400883585 252.209332118 0.005 0.505 0.0178571428571 0.0573770491803 56 244 81
1519 17 -165.345661166 342.098887281 0.005 0.208 1.0 0.214046822742 1 299 81
1520 4 -126.612946237 264.633457423 0.005 0.604 0.0 0.027397260274 81 219 81
1521 17 -137.211449695 285.830464339 0.005 0.505 0.0 0.041095890411 81 219 81
1523 14 -170.877017261 353.161599471 0.005 0.109 nan 0.253333333333 0 300 81
1524 11 -137.41929198 286.246148908 0.005 0.406 0.0 0.0708661417323 46 254 81
1525 12 -162.76170415 336.930973249 0.005 0.307 0.0 0.1 80 220 81
1526 11 -107.841594131 227.090753211 0.005 1.0 0.0 0.0 75 225 81
1527 15 -173.888649935 359.18486482 0.005 0.109 nan 0.253333333333 0 300 81
1528 2 -69.353753526 150.115072001 0.005 1.0 0.0 0.00749063670412 33 267 81
1529 2 -203.128651852 417.664868654 0.005 0.109 0.0 0.0225563909774 167 133 81
1530 15 -140.63278608 292.673137109 0.005 0.406 0.0140845070423 0.061135371179 71 229 81
1531 10 -137.139206341 285.68597763 0.005 0.406 0.0 0.0785123966942 58 242 81
1532 15 -153.878061556 319.163688061 0.005 0.208 0.25 0.192567567568 4 296 81
1533 22 -148.671481977 308.750528903 0.005 0.406 0.0 0.0289855072464 93 207 81
1534 19 -134.084640057 279.576845063 0.005 0.505 0.0 0.0245098039216 96 204 81
1535 15 -156.248933913 323.905432774 0.005 0.307 0.0 0.0555555555556 102 198 81
1536 5 -155.641431516 322.690427982 0.005 0.208 0.0 0.163194444444 12 288 82
1537 12 -160.019963623 331.447492194 0.005 0.208 0.0 0.177083333333 12 288 82
1538 32 -117.45379195 246.31514885 0.005 0.604 0.0 0.0247933884298 58 242 82
1539 24 -141.214704912 293.836974773 0.005 0.406 0.0114942528736 0.0328638497653 87 213 82
1540 8 -162.955404297 337.318373543 0.005 0.307 0.0 0.0279329608939 121 179 82
1541 11 -134.493487283 280.394539516 0.005 0.307 0.0 0.0978260869565 24 276 82
1542 7 -111.193733385 233.79503172 0.005 0.703 0.0 0.0198412698413 48 252 82
1543 7 -148.947177927 309.301920803 0.005 0.406 0.0 0.0365296803653 81 219 82
1544 13 -147.135222173 305.678009295 0.005 0.406 0.0266666666667 0.0622222222222 75 225 82
1545 25 -168.528286162 348.464137272 0.005 0.208 0.0 0.120689655172 68 232 82
1546 12 -133.342541613 278.092648175 0.005 0.604 0.0 0.0103092783505 106 194 82
1547 23 -207.825933631 427.059432211 0.01 0.01 nan 0.48 0 300 82
1549 27 -151.49507357 314.397712088 0.005 0.307 0.0 0.0617283950617 57 243 82
1550 4 -132.827931989 277.063428926 0.005 0.505 0.0 0.0353982300885 74 226 82
1553 11 -137.841663286 287.090891522 0.005 0.406 0.0169491525424 0.0788381742739 59 241 82
140 11 -156.115279085 323.638123119 0.005 0.505 0.0 0.0 128 172 82
141 4 -143.649986581 298.707538111 0.005 0.406 0.0 0.0491071428571 76 224 82
142 10 -113.644979383 238.697523714 0.005 0.406 0.0 0.0659340659341 27 273 82
143 21 -185.543542277 382.494649503 0.015 0.109 nan 0.323333333333 0 300 82
144 16 -124.546725937 260.501016824 0.005 0.604 0.0 0.0267857142857 76 224 82
145 10 -162.661790051 336.731145051 0.005 0.406 0.0 0.0344827586207 126 174 82
146 24 -149.185500183 309.778565315 0.005 0.208 0.0625 0.151408450704 16 284 82
147 11 -128.910138518 269.227841986 0.005 0.307 0.0 0.0957446808511 18 282 82
148 3 -156.139590083 323.686745116 0.005 0.208 nan 0.2 0 300 82
149 5 -162.413986241 336.235537431 0.005 0.208 0.0714285714286 0.192307692308 14 286 82
150 25 -124.070154425 259.547873798 0.005 0.505 0.0 0.0493827160494 57 243 82
151 21 -138.188872563 287.785310076 0.005 0.406 0.0 0.0530973451327 74 226 82
152 9 -105.902201364 223.211967678 0.005 1.0 0.0 0.0045871559633 82 218 82
153 15 -188.088082263 387.583729474 0.005 0.109 1.0 0.297658862876 1 299 82
154 3 -158.12079092 327.649146789 0.005 0.208 0.0384615384615 0.167883211679 26 274 82
155 0 -113.573551776 238.554668501 0.005 0.901 0.0 0.0 91 209 82
157 8 -181.321158094 374.049881138 0.005 0.109 nan 0.286666666667 0 300 82
158 9 -106.609503971 224.626572892 0.005 0.505 0.0 0.0592592592593 30 270 82
159 15 -141.436700613 294.280966175 0.005 0.406 0.0117647058824 0.0325581395349 85 215 82
160 29 -146.71470965 304.836984248 0.005 0.505 0.0 0.00549450549451 118 182 82
161 4 -129.181058362 269.769681673 0.005 0.505 0.0 0.0515021459227 67 233 82
162 19 -197.383034908 406.173634766 0.035 0.109 0.428571428571 0.361774744027 7 293 82
163 3 -173.990268756 359.388102461 0.005 0.109 nan 0.246666666667 0 300 82
164 2 -143.565095843 298.537756634 0.005 0.406 0.0172413793103 0.0578512396694 58 242 82
165 12 -171.040170482 353.487905913 0.005 0.208 0.0769230769231 0.233449477352 13 287 82
166 1 -148.286763614 307.981092178 0.005 0.406 0.0 0.0646551724138 68 232 82
168 37 -157.279496859 325.966558667 0.005 0.208 0.0 0.163822525597 7 293 82
170 12 -148.442072734 308.291710418 0.005 0.307 0.0153846153846 0.0808510638298 65 235 82
171 5 -139.134308682 289.676182313 0.005 0.505 0.010752688172 0.0193236714976 93 207 82
172 9 -150.171021356 311.749607661 0.005 0.208 0.0 0.15037593985 34 266 82
173 5 -143.896566979 299.200698907 0.005 0.505 0.0 0.0334928229665 91 209 82
174 1 -163.326125096 338.059815141 0.005 0.307 0.00917431192661 0.0628272251309 109 191 82
175 12 -120.778515069 252.964595088 0.005 0.505 0.0 0.0368852459016 56 244 82
176 21 -180.55345604 372.51447703 0.005 0.109 nan 0.28 0 300 82
177 40 -207.713212128 426.833989205 0.005 0.01 nan 0.476666666667 0 300 82
178 8 -133.865058819 279.137682588 0.005 0.505 0.0 0.0334728033473 61 239 82
179 4 -161.245477432 333.898519814 0.005 0.208 0.0 0.163763066202 13 287 82
180 8 -155.546164973 322.499894895 0.005 0.208 nan 0.2 0 300 82
181 4 -168.44723721 348.302039369 0.005 0.307 0.0 0.0686274509804 96 204 82
183 5 -157.90020987 327.207984689 0.005 0.208 0.0588235294118 0.162544169611 17 283 82
184 3 -115.676996121 242.761557192 0.005 0.703 0.0 0.0048309178744 93 207 82
185 7 -155.727351123 322.862267194 0.005 0.406 0.0 0.0346534653465 98 202 82
186 11 -136.425442275 284.258449499 0.005 0.505 0.0 0.045871559633 82 218 82
187 8 -144.493506586 300.394578121 0.005 0.505 0.0 0.0252525252525 102 198 82
188 20 -171.745251264 354.898067477 0.005 0.208 0.0 0.0829015544041 107 193 82
189 3 -122.872165304 257.151895558 0.005 0.505 0.0217391304348 0.0433070866142 46 254 82
190 32 -206.150095949 423.707756848 0.005 0.01 nan 0.406666666667 0 300 82
192 7 -149.257393074 309.922351097 0.005 0.208 0.0 0.181494661922 19 281 82
193 2 -126.507754076 264.423073102 0.005 0.406 0.0 0.0740740740741 30 270 82
194 9 -135.992449628 283.392464206 0.005 0.307 0.0 0.0968992248062 42 258 82
195 9 -153.195526904 317.798618758 0.005 0.208 0.0434782608696 0.14440433213 23 277 82
196 0 -167.698832697 346.805230344 0.015 0.208 0.2 0.244827586207 10 290 82
197 23 -185.901378042 383.210321033 0.005 0.109 nan 0.293333333333 0 300 82
198 8 -142.579681389 296.566927727 0.005 0.406 0.0 0.0518867924528 88 212 82
199 11 -139.485369497 290.378303943 0.005 0.307 0.0217391304348 0.0944881889764 46 254 82
200 22 -89.2372091056 189.881983161 0.005 1.0 0.0 0.00813008130081 54 246 82
202 17 -157.47276063 326.353086209 0.005 0.307 0.0 0.105882352941 45 255 82
203 7 -179.774846351 370.957257651 0.005 0.208 0.0 0.0782122905028 121 179 82
204 22 -166.460878715 344.329322379 0.005 0.307 0.00840336134454 0.0552486187845 119 181 82
206 32 -133.578830173 278.565225295 0.005 0.604 0.0 0.0 98 202 82
207 6 -124.779479335 260.966523619 0.005 0.505 0.0222222222222 0.0549019607843 45 255 82
208 34 -151.078729197 313.565023343 0.005 0.406 0.0 0.0343137254902 96 204 82
212 1 -152.912691664 317.232948277 0.005 0.406 0.00990099009901 0.0201005025126 101 199 82
213 18 -206.11052518 423.628615309 0.165 0.109 0.428571428571 0.422131147541 56 244 82
215 8 -150.713465902 312.834496753 0.005 0.406 0.0 0.0358974358974 105 195 82
216 1 -144.095901123 299.599367195 0.005 0.307 0.0 0.130111524164 31 269 82
217 16 -163.598144666 338.603854282 0.005 0.208 0.030303030303 0.123595505618 33 267 82
218 3 -172.198419261 355.804403471 0.005 0.307 0.0 0.0426829268293 136 164 82
220 26 -114.550043899 240.507652747 0.005 0.703 0.0 0.0174672489083 71 229 82
221 3 -180.542987295 372.493539539 0.005 0.109 nan 0.273333333333 0 300 82
223 15 -156.563586026 324.534737002 0.005 0.406 0.0 0.0388349514563 94 206 82
225 4 -165.686672383 342.780909716 0.005 0.208 0.0 0.143426294821 49 251 82
226 22 -171.60340288 354.614370709 0.005 0.208 0.0120481927711 0.119815668203 83 217 82
227 39 -141.071428173 293.550421295 0.005 0.406 0.0 0.045871559633 82 218 82
228 12 -163.45970699 338.326978929 0.005 0.406 0.0 0.0179640718563 133 167 82
229 16 -171.041094486 353.489753922 0.005 0.307 0.0 0.0876288659794 106 194 82
230 8 -160.391235449 332.190035847 0.005 0.307 0.0 0.0738916256158 97 203 82
231 40 -109.811832012 231.031228973 0.005 1.0 0.0 0.0 86 214 82
232 7 -145.289765144 301.987095237 0.005 0.307 0.0 0.119850187266 33 267 82
234 8 -152.505697701 316.418960352 0.005 0.406 0.0 0.0355329949239 103 197 82
235 11 -113.312818665 238.033202279 0.005 0.505 0.0322580645161 0.0520446096654 31 269 82
236 12 -168.024697157 347.456959264 0.005 0.208 0.0294117647059 0.184210526316 34 266 82
237 3 -159.414543211 330.236651372 0.005 0.208 nan 0.216666666667 0 300 82
238 25 -180.189491327 371.786547603 0.005 0.208 0.0 0.108695652174 116 184 82
240 3 -104.52725142 220.46206779 0.005 1.0 0.0 0.0 77 223 82
241 4 -135.629472679 282.666510308 0.005 0.406 0.0 0.0645161290323 52 248 82
242 7 -111.174559143 233.756683236 0.005 0.901 0.0 0.00429184549356 67 233 82
243 13 -147.982783844 307.373132638 0.005 0.307 0.0 0.1171875 44 256 82
244 28 -178.895712028 369.198989005 0.005 0.109 0.5 0.251677852349 2 298 82
245 9 -149.376944265 310.161453479 0.005 0.505 0.0 0.0277777777778 120 180 82
247 15 -145.682636829 302.772838607 0.005 0.307 0.0 0.0948616600791 47 253 82
248 35 -170.720050901 352.847666751 0.005 0.307 0.0 0.0871559633028 82 218 82
253 4 -116.036560909 243.480686767 0.005 0.703 0.0 0.0222222222222 75 225 82
256 10 -143.855973533 299.119512015 0.005 0.505 0.0 0.021164021164 111 189 82
257 24 -154.30557859 320.01872213 0.005 0.505 0.0 0.0159574468085 112 188 82
258 8 -173.230929949 357.869424847 0.005 0.109 0.125 0.236301369863 8 292 82
259 14 -150.720290874 312.848146696 0.005 0.307 0.0 0.0916334661355 49 251 82
260 13 -141.982445656 295.372456262 0.005 0.307 0.0 0.135888501742 13 287 82
261 7 -183.379760852 378.167086653 0.005 0.109 nan 0.3 0 300 82
262 11 -156.533378941 324.47432283 0.005 0.208 0.0 0.164122137405 38 262 82
263 8 -155.967947816 323.343460582 0.005 0.505 0.0 0.0162162162162 115 185 82
264 3 -149.072419646 309.552404241 0.005 0.307 0.0 0.0826086956522 70 230 82
1519 17 -164.425489144 340.258543237 0.005 0.307 0.0 0.0896860986547 77 223 82
1520 4 -108.658705978 228.724976906 0.005 0.703 0.0 0.0133928571429 76 224 82
1521 17 -149.489448151 310.386461251 0.005 0.208 0.0 0.151851851852 30 270 82
1523 14 -175.511456692 362.430478332 0.005 0.109 nan 0.273333333333 0 300 82
1524 11 -131.416935814 274.241436577 0.005 0.604 0.0 0.00904977375566 79 221 82
1525 12 -103.542491481 218.492547912 0.005 0.802 0.0 0.0162601626016 54 246 82
1526 11 -172.470072502 356.347709954 0.005 0.109 nan 0.246666666667 0 300 82
1527 15 -177.835320394 367.078205737 0.005 0.208 0.00990099009901 0.110552763819 101 199 82
1528 2 -168.129339198 347.666243346 0.005 0.208 0.08 0.2 25 275 82
1529 2 -122.570253895 256.548072739 0.005 0.406 0.0454545454545 0.0791366906475 22 278 82
1530 15 -143.494597074 298.396759097 0.005 0.604 0.0 0.0 122 178 82
1531 10 -137.638395975 286.684356899 0.005 0.406 0.0 0.078431372549 45 255 82
1532 15 -97.9861116193 207.379788188 0.005 0.901 0.0185185185185 0.0162601626016 54 246 82
1533 22 -129.323981105 270.055527159 0.005 0.505 0.0 0.0135746606335 79 221 82
1534 19 -188.114919211 387.637403371 0.005 0.208 0.0 0.111731843575 121 179 82
1535 15 -167.783757911 346.975080771 0.005 0.307 0.0 0.0378378378378 115 185 82
1536 5 -128.554144678 268.515854305 0.005 0.604 0.0 0.00952380952381 90 210 83
1537 12 -148.55058847 308.50874189 0.005 0.307 0.0263157894737 0.114503816794 38 262 83
1538 32 -154.95486253 321.317290009 0.005 0.208 nan 0.213333333333 0 300 83
1539 24 -184.383834858 380.175234665 0.005 0.208 0.00787401574803 0.0982658959538 127 173 83
1540 8 -163.676386967 338.760338882 0.005 0.208 0.0 0.170454545455 36 264 83
1541 11 -177.54002163 366.487608209 0.005 0.109 nan 0.27 0 300 83
1542 7 -142.874821139 297.157207228 0.005 0.307 0.222222222222 0.154639175258 9 291 83
1543 7 -120.664860076 252.737285101 0.005 0.505 0.0 0.0416666666667 60 240 83
1544 13 -134.023987807 279.455540563 0.005 0.406 0.0 0.0401785714286 76 224 83
1545 25 -150.892548618 313.192662186 0.005 0.307 0.0 0.126811594203 24 276 83
1546 12 -108.318191468 228.043947885 0.005 1.0 0.0149253731343 0.00858369098712 67 233 83
1547 23 -207.444300541 426.296166032 0.005 0.01 nan 0.46 0 300 83
1549 27 -169.367073364 350.141711677 0.005 0.307 0.0 0.0673575129534 107 193 83
1550 4 -141.34064523 294.088855409 0.005 0.307 0.0 0.113074204947 17 283 83
1553 11 -142.83467505 297.07691505 0.005 0.307 0.0 0.078125 44 256 83
140 11 -159.606171038 330.619907025 0.005 0.406 0.0 0.00571428571429 125 175 83
141 4 -151.098247163 313.604059276 0.005 0.208 0.0 0.189003436426 9 291 83
142 10 -141.072039174 293.551643298 0.005 0.307 0.3 0.144827586207 10 290 83
143 21 -152.997859006 317.403282962 0.005 0.307 0.0 0.114173228346 46 254 83
144 16 -169.070898257 349.549361464 0.005 0.406 0.0 0.0129032258065 145 155 83
145 10 -169.266970006 349.94150496 0.005 0.406 0.0 0.00595238095238 132 168 83
146 24 -156.030589266 323.46874348 0.005 0.307 0.0 0.0954356846473 59 241 83
147 11 -135.276897186 281.961359322 0.005 0.505 0.0 0.0280373831776 86 214 83
148 3 -120.895315629 253.198196208 0.005 0.505 0.0 0.0374531835206 33 267 83
149 5 -155.970526724 323.348618398 0.005 0.208 0.333333333333 0.16835016835 3 297 83
150 25 -142.354887599 296.117340148 0.005 0.406 0.0 0.0495495495495 78 222 83
151 21 -160.194788295 331.797141539 0.005 0.208 nan 0.21 0 300 83
152 9 -147.95707537 307.32171569 0.005 0.505 0.0 0.020725388601 107 193 83
153 15 -187.711141914 386.829848777 0.005 0.109 nan 0.323333333333 0 300 83
154 3 -158.775500565 328.958566079 0.005 0.208 nan 0.196666666667 0 300 83
155 0 -133.490216491 278.387997932 0.005 0.604 0.0 0.0102564102564 105 195 83
157 8 -158.752309939 328.912184828 0.005 0.307 0.0 0.104347826087 70 230 83
158 9 -147.44108788 306.289740709 0.005 0.208 1.0 0.183946488294 1 299 83
159 15 -94.7791131898 200.965791329 0.005 1.0 0.0 0.0167364016736 61 239 83
160 29 -155.485908847 322.379382642 0.005 0.307 0.010101010101 0.0646766169154 99 201 83
161 4 -76.3675051214 164.142575192 0.005 1.0 0.0 0.0148148148148 30 270 83
162 19 -199.297185734 410.001936417 0.025 0.109 nan 0.366666666667 0 300 83
163 3 -160.739911643 332.887388235 0.005 0.208 0.0 0.11320754717 35 265 83
164 2 -165.763042405 342.93364976 0.005 0.208 0.0 0.138075313808 61 239 83
165 12 -183.343495376 378.094555701 0.05 0.208 0.473684210526 0.298932384342 19 281 83
166 1 -161.096384246 333.600333442 0.005 0.208 0.0188679245283 0.137651821862 53 247 83
168 37 -156.317275727 324.042116403 0.005 0.406 0.0 0.0110497237569 119 181 83
170 12 -180.161274267 371.730113483 0.005 0.109 0.0 0.251724137931 10 290 83
171 5 -142.002842528 295.413250005 0.005 0.406 0.0 0.057268722467 73 227 83
172 9 -174.913503945 361.234572839 0.005 0.109 nan 0.25 0 300 83
173 5 -156.357495385 324.122555719 0.005 0.208 nan 0.223333333333 0 300 83
174 1 -154.464271942 320.336108832 0.005 0.307 0.0 0.116935483871 52 248 83
175 12 -163.284044165 337.975653279 0.005 0.307 0.0 0.0841121495327 86 214 83
176 21 -163.123048426 337.653661802 0.005 0.208 0.0 0.120622568093 43 257 83
177 40 -202.611943697 416.631452342 0.08 0.109 0.310344827586 0.39852398524 29 271 83
178 8 -132.645490335 276.698545619 0.005 0.307 0.0 0.09963099631 29 271 83
179 4 -157.221169244 325.849903436 0.005 0.208 0.0 0.149635036496 26 274 83
180 8 -152.197742697 315.803050344 0.005 0.307 0.0 0.107569721116 49 251 83
181 4 -164.755997855 340.919560659 0.005 0.208 nan 0.21 0 300 83
183 5 -131.775933986 274.959432922 0.005 0.406 0.0 0.0488888888889 75 225 83
184 3 -167.22203245 345.851629849 0.005 0.208 0.0 0.204861111111 12 288 83
185 7 -153.157869518 317.723303985 0.005 0.307 0.0263157894737 0.12213740458 38 262 83
186 11 -128.432322665 268.272210278 0.005 0.505 0.0161290322581 0.0504201680672 62 238 83
187 8 -121.800095425 255.0077558 0.005 0.307 0.0 0.102189781022 26 274 83
188 20 -170.445470714 352.298506377 0.005 0.208 nan 0.243333333333 0 300 83
189 3 -156.231080563 323.869726076 0.005 0.208 0.0 0.187074829932 6 294 83
190 32 -206.18794444 423.78345383 0.005 0.01 nan 0.413333333333 0 300 83
192 7 -156.259491579 323.926548107 0.005 0.208 nan 0.216666666667 0 300 83
193 2 -159.73629715 330.88015925 0.005 0.307 0.00990099009901 0.0653266331658 101 199 83
194 9 -153.087390889 317.582346727 0.005 0.307 0.0 0.0714285714286 76 224 83
195 9 -156.719239188 324.846043326 0.005 0.208 0.2 0.2 5 295 83
196 0 -158.210240283 327.828045516 0.005 0.307 0.0 0.048309178744 93 207 83
197 23 -184.130907236 379.669379422 0.005 0.109 nan 0.306666666667 0 300 83
198 8 -131.30622806 274.02002107 0.005 0.505 0.0 0.0526315789474 53 247 83
199 11 -163.935972076 339.279509102 0.005 0.406 0.0 0.0167597765363 121 179 83
200 22 -138.987165294 289.381895537 0.005 0.406 0.0144927536232 0.0519480519481 69 231 83
202 17 -177.956012445 367.319589839 0.005 0.208 0.0 0.154506437768 67 233 83
203 7 -101.357167531 214.121900012 0.005 0.604 0.0 0.0416666666667 12 288 83
204 22 -138.912394311 289.232353571 0.005 0.604 0.0 0.0138888888889 84 216 83
206 32 -162.409521369 336.226607687 0.005 0.208 0.0689655172414 0.188191881919 29 271 83
207 6 -134.962933664 281.333432277 0.005 0.505 0.0 0.00970873786408 94 206 83
208 34 -172.34577209 356.099109129 0.005 0.109 nan 0.253333333333 0 300 83
212 1 -162.992823473 337.393211896 0.005 0.307 0.0 0.0454545454545 102 198 83
213 18 -206.902411043 425.212387034 0.005 0.01 nan 0.446666666667 0 300 83
215 8 -131.818870909 275.045306767 0.005 0.406 0.0151515151515 0.0683760683761 66 234 83
216 1 -115.29121869 241.99000233 0.005 0.604 0.0 0.0445344129555 53 247 83
217 16 -172.671475823 356.750516595 0.005 0.208 0.105263157895 0.209964412811 19 281 83
218 3 -180.790890535 372.98934602 0.005 0.208 0.0 0.152777777778 84 216 83
220 26 -110.588558153 232.584681256 0.005 1.0 0.0 0.0045045045045 78 222 83
221 3 -90.9368670632 193.281299076 0.005 1.0 0.0 0.00836820083682 61 239 83
223 15 -126.782634472 264.972833893 0.005 0.703 0.027027027027 0.0221238938053 74 226 83
225 4 -179.654656197 370.716877342 0.005 0.307 0.0 0.0 144 156 83
226 22 -155.012306748 321.432178444 0.005 0.208 0.0526315789474 0.167259786477 19 281 83
227 39 -119.893046586 251.193658121 0.005 0.604 0.0 0.0254237288136 64 236 83
228 12 -147.383294814 306.174154578 0.005 0.307 0.0133333333333 0.0844444444444 75 225 83
229 16 -158.867727319 329.143019588 0.005 0.208 nan 0.203333333333 0 300 83
230 8 -136.618074233 284.643713416 0.005 0.505 0.0 0.0366972477064 82 218 83
231 40 -171.804436247 355.016437443 0.005 0.208 0.04 0.192 50 250 83
232 7 -143.616839375 298.6412437 0.005 0.307 0.0571428571429 0.120754716981 35 265 83
234 8 -122.593317144 256.594199238 0.005 0.703 0.0 0.00985221674877 97 203 83
235 11 -160.777358892 332.962282732 0.005 0.208 nan 0.21 0 300 83
236 12 -175.625820528 362.659206006 0.005 0.109 nan 0.27 0 300 83
237 3 -138.327604335 288.062773619 0.005 0.307 0.0 0.0795454545455 36 264 83
238 25 -150.722977886 312.853520722 0.005 0.208 0.0 0.13503649635 26 274 83
240 3 -147.303437584 306.014440118 0.005 0.505 0.0 0.020618556701 106 194 83
241 4 -123.015490492 257.438545933 0.005 0.802 0.0 0.00896860986547 77 223 83
242 7 -156.83842831 325.084421569 0.005 0.406 0.0 0.0590909090909 80 220 83
243 13 -164.189327725 339.786220399 0.005 0.208 1.0 0.224080267559 1 299 83
244 28 -191.246433943 393.900432835 0.005 0.109 nan 0.31 0 300 83
245 9 -161.108904839 333.625374627 0.005 0.307 0.0 0.0921052631579 72 228 83
247 15 -175.747120135 362.901805218 0.005 0.208 0.0 0.130841121495 86 214 83
248 35 -159.762318398 330.932201745 0.005 0.208 0.0 0.12987012987 69 231 83
253 4 -103.207965535 217.82349602 0.005 0.703 0.0 0.0265151515152 36 264 83
256 10 -156.078363845 323.564292639 0.005 0.208 0.0243902439024 0.138996138996 41 259 83
257 24 -187.92976764 387.26710023 0.005 0.307 0.0 0.0220588235294 164 136 83
258 8 -181.899091421 375.205747791 0.005 0.109 nan 0.3 0 300 83
259 14 -145.583309367 302.574183684 0.005 0.406 0.0 0.0420560747664 86 214 83
260 13 -164.934576386 341.276717721 0.005 0.208 nan 0.22 0 300 83
261 7 -191.405795523 394.219155995 0.005 0.109 nan 0.32 0 300 83
262 11 -171.689788107 354.787141164 0.005 0.208 0.0 0.110552763819 101 199 83
263 8 -164.022810713 339.453186376 0.005 0.406 0.016393442623 0.0112359550562 122 178 83
264 3 -151.179118532 313.765802013 0.005 0.505 0.00925925925926 0.0208333333333 108 192 83
1519 17 -163.647701262 338.702967472 0.005 0.208 0.0 0.179930795848 11 289 83
1520 4 -92.7034929955 196.81455094 0.005 0.703 0.0 0.0323741007194 22 278 83
1521 17 -145.128663023 301.664890995 0.005 0.406 0.0 0.0593220338983 64 236 83
1523 14 -174.580283525 360.568131999 0.005 0.208 0.0 0.189591078067 31 269 83
1524 11 -133.641161853 278.689888655 0.005 0.505 0.0 0.0322580645161 83 217 83
1525 12 -177.641047812 366.689660573 0.005 0.406 0.0 0.0 155 145 83
1526 11 -112.547751081 236.503067111 0.005 0.703 0.0 0.0210084033613 62 238 83
1527 15 -161.321299939 334.050164828 0.005 0.208 nan 0.22 0 300 83
1528 2 -148.369349232 308.146263413 0.005 0.208 nan 0.2 0 300 83
1529 2 -136.154311806 283.716188561 0.005 0.505 0.0 0.0319634703196 81 219 83
1530 15 -103.801078138 219.009721226 0.005 0.901 0.0 0.012987012987 69 231 83
1531 10 -132.268705698 275.944976344 0.005 0.505 0.0 0.0311111111111 75 225 83
1532 15 -122.111549698 255.630664346 0.005 0.505 0.0 0.0354330708661 46 254 83
1533 22 -163.925806334 339.259177617 0.005 0.406 0.0 0.0 138 162 83
1534 19 -153.579259854 318.566084657 0.005 0.307 0.0 0.0787037037037 84 216 83
1535 15 -165.483244568 342.374054085 0.005 0.307 0.0 0.0540540540541 115 185 83
1536 5 -136.652871804 284.713308558 0.005 0.406 0.0 0.0512820512821 66 234 84
1537 12 -168.148923698 347.705412346 0.005 0.208 0.0 0.119266055046 82 218 84
1538 32 -175.318370537 362.044306023 0.005 0.109 nan 0.27 0 300 84
1539 24 -144.456478857 300.320522663 0.005 0.307 0.0 0.08203125 44 256 84
1540 8 -126.192340755 263.792246459 0.005 0.703 0.0 0.0143540669856 91 209 84
1541 11 -173.004852219 357.417269388 0.005 0.208 0.0 0.132158590308 73 227 84
1542 7 -149.078513845 309.564592639 0.005 0.406 0.0 0.0550458715596 82 218 84
1543 7 -149.893531365 311.19462768 0.005 0.307 0.0 0.0931174089069 53 247 84
1544 13 -160.626818857 332.661202664 0.005 0.307 0.0 0.0731707317073 95 205 84
1545 25 -177.502615867 366.412796683 0.005 0.109 0.0 0.250859106529 9 291 84
1546 12 -146.1221344 303.65183375 0.005 0.307 0.0172413793103 0.0867768595041 58 242 84
1547 23 -206.11581273 423.639190409 0.005 0.01 nan 0.41 0 300 84
1549 27 -129.059627121 269.526819191 0.005 0.604 0.0 0.0223214285714 76 224 84
1550 4 -164.640789033 340.689143015 0.005 0.208 0.0 0.188679245283 35 265 84
1553 11 -158.431367247 328.270299442 0.005 0.208 0.0 0.134615384615 40 260 84
140 11 -127.77889002 266.965344989 0.005 0.406 0.0 0.106060606061 36 264 84
141 4 -136.305716698 284.018998344 0.005 0.307 0.0 0.093984962406 34 266 84
142 10 -148.126808493 307.661181936 0.005 0.703 0.0 0.0 122 178 84
143 21 -185.539666968 382.486898886 0.005 0.109 nan 0.313333333333 0 300 84
144 16 -128.911404915 269.23037478 0.005 0.604 0.0 0.0224215246637 77 223 84
145 10 -169.571816254 350.551197458 0.005 0.208 0.1 0.193103448276 10 290 84
146 24 -157.702813507 326.813191963 0.005 0.208 0.0555555555556 0.18085106383 18 282 84
147 11 -138.301312688 288.010190326 0.005 0.307 0.125 0.133561643836 8 292 84
148 3 -170.029715729 351.466996407 0.005 0.208 1.0 0.220735785953 1 299 84
149 5 -175.720381845 362.848328639 0.005 0.208 0.0 0.154545454545 80 220 84
150 25 -167.763425788 346.934416526 0.005 0.208 0.0128205128205 0.162162162162 78 222 84
151 21 -110.842710567 233.092986083 0.005 0.604 0.0 0.04 50 250 84
152 9 -100.488941215 212.385447379 0.005 0.802 0.0 0.00854700854701 66 234 84
153 15 -186.455613088 384.318791125 0.005 0.109 0.0 0.275510204082 6 294 84
154 3 -150.867044603 313.141654156 0.005 0.208 0.0357142857143 0.150735294118 28 272 84
155 0 -137.211572876 285.830710702 0.005 0.406 0.0169491525424 0.0705394190871 59 241 84
157 8 -190.832247173 393.072059296 0.005 0.109 0.0 0.152709359606 97 203 84
158 9 -182.279817555 375.96720006 0.005 0.307 0.0 0.0473372781065 131 169 84
159 15 -118.267734625 247.9430342 0.005 0.505 0.0 0.0684410646388 37 263 84
160 29 -122.962384509 257.332333966 0.005 0.406 0.0 0.0824372759857 21 279 84
161 4 -129.73869682 270.884958589 0.005 0.505 0.0125 0.0318181818182 80 220 84
162 19 -187.062403757 385.532372463 0.005 0.109 nan 0.316666666667 0 300 84
163 3 -155.80140945 323.01038385 0.005 0.307 0.0 0.0996168582375 39 261 84
164 2 -155.107659994 321.622884938 0.005 0.208 0.0 0.146153846154 40 260 84
165 12 -183.083361169 377.574287288 0.005 0.109 0.0 0.241379310345 39 261 84
166 1 -146.680273098 304.768111144 0.005 0.208 nan 0.143333333333 0 300 84
168 37 -145.963232313 303.334029575 0.005 0.208 0.0 0.13986013986 14 286 84
170 12 -154.698657449 320.804879848 0.005 0.208 nan 0.21 0 300 84
171 5 -138.116749862 287.641064673 0.005 0.604 0.0 0.010152284264 103 197 84
172 9 -156.105126038 323.617817025 0.005 0.406 0.0 0.0416666666667 108 192 84
173 5 -146.747234801 304.902034551 0.005 0.208 nan 0.193333333333 0 300 84
174 1 -166.612960024 344.633484998 0.005 0.307 0.0 0.0875576036866 83 217 84
175 12 -140.980212543 293.367990036 0.005 0.307 0.0 0.0894941634241 43 257 84
176 21 -156.823239639 325.054044226 0.005 0.307 0.0 0.115226337449 57 243 84
177 40 -202.565478186 416.538521321 0.055 0.109 0.454545454545 0.39446366782 11 289 84
178 8 -129.785754383 270.979073714 0.005 0.505 0.0 0.0409090909091 80 220 84
179 4 -170.591048873 352.589662696 0.01 0.208 0.133333333333 0.242105263158 15 285 84
180 8 -165.744172506 342.895909962 0.005 0.208 0.0 0.152610441767 51 249 84
181 4 -180.324626814 372.056818577 0.005 0.109 nan 0.273333333333 0 300 84
183 5 -170.65223895 352.712042849 0.005 0.208 0.285714285714 0.221843003413 7 293 84
184 3 -181.136417248 373.680399446 0.005 0.109 0.0 0.208163265306 55 245 84
185 7 -186.518637218 384.444839386 0.005 0.208 0.0 0.0778443113772 133 167 84
186 11 -143.488005486 298.383575921 0.005 0.406 0.0 0.0470085470085 66 234 84
187 8 -149.769984636 310.947534222 0.005 0.208 1.0 0.1872909699 1 299 84
188 20 -150.515223012 312.438010974 0.005 0.208 0.0344827586207 0.169741697417 29 271 84
189 3 -127.288592577 265.984750104 0.005 0.703 0.0 0.0 87 213 84
190 32 -186.876222801 385.160010552 0.01 0.109 nan 0.326666666667 0 300 84
192 7 -146.238183795 303.883932539 0.005 0.406 0.0144927536232 0.0606060606061 69 231 84
193 2 -159.77241565 330.952396249 0.005 0.307 0.0 0.0925925925926 84 216 84
194 9 -112.462877451 236.33331985 0.005 0.901 0.0 0.00900900900901 78 222 84
195 9 -179.621608475 370.650781899 0.005 0.109 nan 0.273333333333 0 300 84
196 0 -164.935900488 341.279365925 0.005 0.208 0.2 0.216949152542 5 295 84
197 23 -198.018551269 407.444667487 0.005 0.109 nan 0.34 0 300 84
198 8 -84.6576394888 180.722843927 0.005 1.0 0.0 0.00392156862745 45 255 84
199 11 -132.755695414 276.918955778 0.005 0.604 0.0 0.00492610837438 97 203 84
200 22 -159.163860851 329.735286652 0.005 0.406 0.00847457627119 0.0274725274725 118 182 84
202 17 -179.75825615 370.924077249 0.005 0.109 0.125 0.267123287671 8 292 84
203 7 -91.0628455722 193.533256094 0.005 1.0 0.0 0.0 60 240 84
204 22 -153.098296205 317.604157359 0.005 0.307 0.0 0.107883817427 59 241 84
206 32 -128.433468403 268.274501756 0.005 0.703 0.0 0.0 100 200 84
207 6 -140.384148065 292.175861079 0.005 0.406 0.0 0.036036036036 78 222 84
208 34 -180.278682034 371.964929017 0.005 0.208 0.0 0.156862745098 96 204 84
212 1 -135.163984937 281.735534823 0.005 0.406 0.0192307692308 0.0604838709677 52 248 84
213 18 -207.931670338 427.270905625 0.205 0.01 0.512820512821 0.501915708812 39 261 84
215 8 -155.901487744 323.210540436 0.005 0.406 0.0 0.0505050505051 102 198 84
216 1 -138.128329528 287.664224006 0.005 0.307 0.333333333333 0.15306122449 6 294 84
217 16 -172.298483979 356.004532907 0.005 0.208 0.25 0.226351351351 4 296 84
218 3 -159.424478157 330.256521263 0.005 0.307 0.0108695652174 0.0625 92 208 84
220 26 -113.298756724 238.005078397 0.005 0.703 0.0 0.0133928571429 76 224 84
221 3 -145.220296477 301.848157903 0.005 0.406 0.0 0.0509259259259 84 216 84
223 15 -134.398803508 280.205171965 0.005 0.307 0.1 0.107142857143 20 280 84
225 4 -121.267072435 253.941709818 0.005 0.604 0.0 0.03861003861 41 259 84
226 22 -156.151344655 323.71025426 0.005 0.406 0.0 0.0360824742268 106 194 84
227 39 -112.54606101 236.49968697 0.005 0.406 0.0 0.0586206896552 10 290 84
228 12 -156.767015276 324.941595502 0.005 0.406 0.0 0.0416666666667 108 192 84
229 16 -171.357679109 354.122923168 0.005 0.208 0.0144927536232 0.112554112554 69 231 84
230 8 -136.781737357 284.971039663 0.005 0.307 0.0454545454545 0.122302158273 22 278 84
231 40 -158.01337354 327.43431203 0.005 0.307 0.0 0.0704225352113 87 213 84
232 7 -166.178769024 343.765102998 0.005 0.307 0.0 0.103448275862 97 203 84
234 8 -147.875971981 307.159508912 0.005 0.505 0.0 0.030303030303 102 198 84
235 11 -144.938285097 301.284135144 0.005 0.505 0.0 0.020202020202 102 198 84
236 12 -176.940101681 365.287768311 0.005 0.109 nan 0.243333333333 0 300 84
237 3 -135.697101429 282.801767807 0.005 0.406 0.0 0.0485829959514 53 247 84
238 25 -157.792624311 326.992813572 0.005 0.208 0.0 0.152482269504 18 282 84
240 3 -134.267359664 279.942284277 0.005 0.307 0.0416666666667 0.0942028985507 24 276 84
241 4 -157.412171731 326.231908412 0.005 0.208 0.5 0.204697986577 2 298 84
242 7 -125.524677536 262.456920021 0.005 0.604 0.0 0.0140845070423 87 213 84
243 13 -165.683092023 342.773748995 0.005 0.208 0.0 0.112068965517 68 232 84
244 28 -169.046805183 349.501175314 0.01 0.208 0.25 0.243243243243 4 296 84
245 9 -159.272351547 329.952268044 0.005 0.307 0.0 0.0845070422535 87 213 84
247 15 -162.155868077 335.719301103 0.005 0.208 nan 0.22 0 300 84
248 35 -164.63929573 340.686156409 0.005 0.406 0.0 0.0416666666667 108 192 84
253 4 -125.94759812 263.30276119 0.005 0.604 0.0 0.0253164556962 63 237 84
256 10 -112.67685226 236.76126947 0.005 0.901 0.0 0.0045871559633 82 218 84
257 24 -119.801046997 251.009658943 0.005 0.703 0.0 0.0180995475113 79 221 84
258 8 -180.233299781 371.874164511 0.005 0.109 nan 0.283333333333 0 300 84
259 14 -123.103321596 257.614208141 0.005 0.604 0.0 0.0228310502283 81 219 84
260 13 -145.060901163 301.529367276 0.005 0.307 0.0 0.102362204724 46 254 84
261 7 -195.358323814 402.124212576 0.02 0.109 0.25 0.351351351351 4 296 84
262 11 -134.371188456 280.149941862 0.005 0.406 0.0 0.0739299610895 43 257 84
263 8 -132.154109546 275.715784042 0.005 0.703 0.0 0.00505050505051 102 198 84
264 3 -149.102019403 309.611603755 0.005 0.505 0.0 0.0243902439024 95 205 84
1519 17 -144.687876621 300.783318192 0.005 0.307 0.0 0.1393728223 13 287 84
1520 4 -194.347252523 400.102069995 0.005 0.109 0.0 0.140350877193 129 171 84
1521 17 -153.934078807 319.275722564 0.005 0.208 0.0 0.179930795848 11 289 84
1523 14 -169.206326815 349.82021858 0.005 0.307 0.0113636363636 0.0943396226415 88 212 84
1524 11 -99.9680179661 211.343600882 0.005 0.604 0.0 0.0296296296296 30 270 84
1525 12 -138.009177134 287.425919217 0.005 0.307 0.0243902439024 0.104247104247 41 259 84
1526 11 -149.671809165 310.751183279 0.005 0.208 0.0 0.165492957746 16 284 84
1527 15 -176.165249194 363.738063337 0.005 0.109 nan 0.263333333333 0 300 84
1528 2 -166.159000635 343.72556622 0.005 0.307 0.0 0.101769911504 74 226 84
1529 2 -190.928359027 393.264283004 0.005 0.208 0.0 0.0544217687075 153 147 84
1530 15 -147.955228994 307.318022938 0.005 0.406 0.0 0.0480769230769 92 208 84
1531 10 -138.158740803 287.725046555 0.005 0.406 0.0 0.0579150579151 41 259 84
1532 15 -147.857299253 307.122163456 0.005 0.208 0.0 0.167883211679 26 274 84
1533 22 -157.330377625 326.068320199 0.005 0.307 0.0 0.0859728506787 79 221 84
1534 19 -183.48869271 378.38495037 0.005 0.109 0.0769230769231 0.244525547445 26 274 84
1535 15 -141.380495267 294.168555483 0.005 0.406 0.0 0.0562770562771 69 231 84
1536 5 -166.66425891 344.736082769 0.005 0.208 0.0 0.208333333333 12 288 85
1537 12 -146.718318635 304.844202219 0.005 0.307 0.0 0.106870229008 38 262 85
1538 32 -156.389773808 324.187112566 0.005 0.208 0.25 0.209459459459 4 296 85
1539 24 -149.503673542 310.414912034 0.005 0.406 0.0 0.0273224043716 117 183 85
1540 8 -113.485622579 238.378810108 0.005 0.901 0.0 0.00873362445415 71 229 85
1541 11 -177.552175119 366.511915188 0.005 0.109 nan 0.263333333333 0 300 85
1542 7 -129.716849994 270.841264938 0.005 0.505 0.0 0.0368852459016 56 244 85
1543 7 -137.469499146 286.346563241 0.005 0.406 0.0 0.0444444444444 75 225 85
1544 13 -151.665768995 314.73910294 0.005 0.406 0.012987012987 0.0627802690583 77 223 85
1545 25 -122.01215225 255.43186945 0.005 0.604 0.0 0.0131004366812 71 229 85
1546 12 -134.36448447 280.13653389 0.005 0.604 0.0 0.0232558139535 85 215 85
1547 23 -207.275980056 425.959525062 0.015 0.01 nan 0.466666666667 0 300 85
1549 27 -142.745606995 296.898778939 0.005 0.307 0.0 0.0730769230769 40 260 85
1550 4 -154.653033705 320.71363236 0.005 0.307 0.0 0.0748898678414 73 227 85
1553 11 -123.269692622 257.946950194 0.005 0.505 0.0 0.0395256916996 47 253 85
140 11 -143.405617968 298.218800885 0.005 0.505 0.0 0.0287081339713 91 209 85
141 4 -138.54612631 288.499817569 0.005 0.406 0.0 0.0846774193548 52 248 85
142 10 -108.030863535 227.469292018 0.005 0.703 0.0588235294118 0.0451127819549 34 266 85
143 21 -197.775390382 406.958345714 0.01 0.109 nan 0.353333333333 0 300 85
144 16 -118.697473728 248.802512405 0.005 0.604 0.0 0.0316742081448 79 221 85
145 10 -161.627405907 334.662376764 0.005 0.307 0.0 0.0954545454545 80 220 85
146 24 -133.11124658 277.63005811 0.005 0.406 0.0 0.0524017467249 71 229 85
147 11 -139.491782551 290.391130051 0.005 0.307 0.0 0.0817120622568 43 257 85
148 3 -147.799924518 307.007413986 0.005 0.208 0.125 0.171232876712 8 292 85
149 5 -146.661632735 304.730830419 0.005 0.406 0.0 0.0606060606061 69 231 85
150 25 -145.683352393 302.774269736 0.005 0.307 0.333333333333 0.158249158249 3 297 85
151 21 -128.611759894 268.631084738 0.005 0.406 0.0 0.0697674418605 42 258 85
152 9 -102.168242147 215.744049243 0.005 0.604 0.0357142857143 0.0330882352941 28 272 85
153 15 -189.634417839 390.676400626 0.02 0.109 0.25 0.334459459459 4 296 85
154 3 -116.260366342 243.928297633 0.005 0.505 0.0 0.0333333333333 60 240 85
155 0 -125.041947792 261.491460532 0.005 0.802 0.0 0.00471698113208 88 212 85
157 8 -179.099142513 369.605849975 0.005 0.109 nan 0.276666666667 0 300 85
158 9 -139.295867255 289.99929946 0.005 0.307 0.0666666666667 0.119298245614 15 285 85
159 15 -142.860434475 297.128433899 0.005 0.307 0.0 0.0973782771536 33 267 85
160 29 -126.003601146 263.414767242 0.005 0.802 0.0 0.00469483568075 87 213 85
161 4 -142.223280726 295.854126402 0.005 0.406 0.0 0.0488888888889 75 225 85
162 19 -193.557548258 398.522661466 0.01 0.109 0.166666666667 0.336734693878 6 294 85
163 3 -143.4341956 298.27595615 0.005 0.307 0.0 0.0935251798561 22 278 85
164 2 -157.305908212 326.019381373 0.005 0.406 0.0 0.0227272727273 124 176 85
165 12 -167.533811389 346.475187727 0.005 0.208 0.0 0.131818181818 80 220 85
166 1 -133.89224055 279.192046049 0.005 0.505 0.0128205128205 0.045045045045 78 222 85
168 37 -144.616829671 300.641224291 0.005 0.307 0.04 0.134545454545 25 275 85
170 12 -143.068479665 297.54452428 0.005 0.307 0.0 0.126865671642 32 268 85
171 5 -133.345442904 278.098450758 0.005 0.505 0.0 0.0458333333333 60 240 85
172 9 -160.35470742 332.11697979 0.005 0.307 0.0 0.0855855855856 78 222 85
173 5 -147.91796931 307.24350357 0.005 0.208 0.0 0.156934306569 26 274 85
174 1 -145.949675919 303.306916787 0.005 0.307 0.0 0.073275862069 68 232 85
175 12 -174.223174916 359.85391478 0.005 0.208 0.0240963855422 0.10599078341 83 217 85
176 21 -172.174856228 355.757277406 0.015 0.208 nan 0.26 0 300 85
177 40 -200.667186954 412.741938856 0.055 0.109 0.333333333333 0.384879725086 9 291 85
178 8 -136.513555111 284.434675172 0.005 0.406 0.0 0.0558139534884 85 215 85
179 4 -166.877519635 345.16260422 0.005 0.208 0.333333333333 0.218855218855 3 297 85
180 8 -175.944868723 363.297302395 0.005 0.208 0.0078125 0.0697674418605 128 172 85
181 4 -174.896552875 361.200670699 0.005 0.109 0.5 0.238255033557 2 298 85
183 5 -122.883468174 257.174501297 0.005 0.406 0.0 0.0620437956204 26 274 85
184 3 -165.169422944 341.746410837 0.005 0.307 0.0 0.0421052631579 110 190 85
185 7 -102.511903176 216.431371302 0.005 0.901 0.0 0.0 68 232 85
186 11 -128.130032505 267.667629959 0.005 0.703 0.0 0.0147783251232 97 203 85
187 8 -105.486113817 222.379792582 0.005 0.802 0.0 0.00434782608696 70 230 85
188 20 -132.008885904 275.425336758 0.005 0.505 0.0 0.0266666666667 75 225 85
189 3 -169.402964152 350.213493253 0.005 0.307 0.0 0.0861244019139 91 209 85
190 32 -206.726056144 424.859677237 0.005 0.01 nan 0.44 0 300 85
192 7 -150.035097179 311.477759307 0.005 0.406 0.0 0.0504201680672 62 238 85
193 2 -146.756835393 304.921235736 0.005 0.604 0.0 0.010989010989 118 182 85
194 9 -137.880078521 287.167721991 0.005 0.307 0.0 0.0856031128405 43 257 85
195 9 -168.987011508 349.381587965 0.005 0.208 0.0 0.189591078067 31 269 85
196 0 -146.370579444 304.148723838 0.005 0.406 0.0 0.0377358490566 88 212 85
197 23 -184.907671874 381.222908698 0.005 0.109 nan 0.296666666667 0 300 85
198 8 -164.163564514 339.734693978 0.005 0.307 0.0 0.0376344086022 114 186 85
199 11 -154.918640002 321.244844954 0.005 0.208 nan 0.213333333333 0 300 85
200 22 -96.9045418711 205.216648692 0.005 0.802 0.0 0.0151515151515 36 264 85
202 17 -189.551234426 390.510033801 0.005 0.109 nan 0.31 0 300 85
203 7 -126.21558386 263.838732669 0.005 0.406 0.0 0.0538461538462 40 260 85
204 22 -152.67620878 316.759982509 0.005 0.307 0.0 0.0740740740741 84 216 85
206 32 -157.874773818 327.157112585 0.005 0.307 0.0 0.125523012552 61 239 85
207 6 -109.879200177 231.165965303 0.005 0.901 0.0 0.00444444444444 75 225 85
208 34 -172.644251863 356.696068676 0.01 0.208 0.0833333333333 0.246527777778 12 288 85
212 1 -157.396695539 326.200956027 0.005 0.208 0.04 0.174545454545 25 275 85
213 18 -206.937897274 425.283359497 0.205 0.109 0.42 0.468 50 250 85
215 8 -161.094750927 333.597066803 0.005 0.307 0.0 0.102678571429 76 224 85
216 1 -150.34254848 312.092661909 0.005 0.505 0.00909090909091 0.0263157894737 110 190 85
217 16 -178.590918966 368.589402881 0.005 0.109 0.2 0.240677966102 5 295 85
218 3 -160.106882773 331.621330495 0.005 0.208 0.333333333333 0.195286195286 3 297 85
220 26 -133.212446117 277.832457182 0.005 0.406 0.0 0.0488888888889 75 225 85
221 3 -109.123013431 229.653591811 0.005 0.901 0.0 0.00448430493274 77 223 85
223 15 -124.825645424 261.058855798 0.005 0.307 0.2 0.105263157895 15 285 85
225 4 -138.130916442 287.669397832 0.005 0.505 0.0 0.00966183574879 93 207 85
226 22 -140.284512731 291.976590412 0.005 0.307 0.0909090909091 0.152249134948 11 289 85
227 39 -102.973436435 217.35443782 0.005 1.0 0.0 0.0 73 227 85
228 12 -151.544114492 314.495793934 0.005 0.406 0.0 0.0384615384615 92 208 85
229 16 -181.512524062 374.432613074 0.005 0.208 0.01 0.14 100 200 85
230 8 -102.224147519 215.855859987 0.005 1.0 0.0 0.0 85 215 85
231 40 -163.687198221 338.78196139 0.005 0.406 0.0 0.0224719101124 122 178 85
232 7 -147.586688396 306.580941741 0.005 0.307 0.0 0.0813008130081 54 246 85
234 8 -142.145428592 295.698422133 0.005 0.307 0.0 0.135231316726 19 281 85
235 11 -143.914878677 299.237322303 0.005 0.406 0.0 0.045045045045 78 222 85
236 12 -165.654078204 342.715721356 0.02 0.208 0.333333333333 0.251700680272 6 294 85
237 3 -147.004933602 305.417432153 0.005 0.208 nan 0.19 0 300 85
238 25 -173.837335862 359.082236673 0.005 0.109 nan 0.25 0 300 85
240 3 -119.708875678 250.825316306 0.005 0.505 0.0 0.0474137931034 68 232 85
241 4 -158.242888395 327.893341739 0.005 0.208 nan 0.216666666667 0 300 85
242 7 -123.553997078 258.515559106 0.005 0.703 0.0 0.0139534883721 85 215 85
243 13 -139.251433262 289.910431474 0.005 0.505 0.0 0.0373831775701 86 214 85
244 28 -149.837450661 311.082466271 0.005 0.208 0.0 0.181818181818 3 297 85
245 9 -132.78259781 276.972760568 0.005 0.307 1.0 0.157190635452 1 299 85
247 15 -142.063709393 295.534983736 0.005 0.208 nan 0.166666666667 0 300 85
248 35 -189.43727971 390.28212437 0.005 0.109 nan 0.32 0 300 85
253 4 -123.009124332 257.425813613 0.005 0.604 0.0 0.0251046025105 61 239 85
256 10 -141.558645832 294.524856612 0.005 0.406 0.0 0.0242718446602 94 206 85
257 24 -148.604906625 308.617378198 0.005 0.406 0.0 0.0552995391705 83 217 85
258 8 -154.849183559 321.105932068 0.005 0.505 0.0 0.0163043478261 116 184 85
259 14 -106.046420822 223.500406594 0.005 0.703 0.0188679245283 0.0202429149798 53 247 85
260 13 -158.72927901 328.866122969 0.005 0.208 0.0 0.181818181818 14 286 85
261 7 -195.245499415 401.89856378 0.005 0.109 nan 0.34 0 300 85
262 11 -141.459906513 294.327377976 0.005 0.208 nan 0.18 0 300 85
263 8 -108.116748864 227.641062678 0.005 1.0 0.0 0.00869565217391 70 230 85
264 3 -121.182634176 253.772833302 0.005 0.802 0.0 0.0129310344828 68 232 85
1519 17 -175.204415546 361.816396042 0.005 0.109 0.0833333333333 0.243055555556 12 288 85
1520 4 -111.012986081 233.433537112 0.005 0.802 0.0 0.00873362445415 71 229 85
1521 17 -146.903101757 305.213768462 0.005 0.307 0.0 0.0967741935484 52 248 85
1523 14 -178.767255513 368.942075975 0.005 0.109 0.0 0.229927007299 26 274 85
1524 11 -172.633657362 356.674879674 0.005 0.307 0.0 0.028901734104 127 173 85
1525 12 -109.226806487 229.861177924 0.005 0.703 0.0 0.0208333333333 60 240 85
1526 11 -128.706933315 268.821431579 0.005 0.802 0.0 0.0 93 207 85
1527 15 -125.049118498 261.505801946 0.005 0.604 0.0 0.0265486725664 74 226 85
1528 2 -152.533800363 316.475165676 0.005 0.208 nan 0.203333333333 0 300 85
1529 2 -124.958253841 261.324072631 0.005 0.505 0.0 0.0414937759336 59 241 85
1530 15 -149.445062339 310.297689627 0.005 0.406 0.0 0.0432692307692 92 208 85
1531 10 -154.673926634 320.755418217 0.005 0.208 0.0 0.154385964912 15 285 85
1532 15 -142.307727489 296.023019928 0.005 0.406 0.0 0.0436893203883 94 206 85
1533 22 -123.041827355 257.491219659 0.005 0.406 0.0 0.0736434108527 42 258 85
1534 19 -99.3006107631 210.008786476 0.005 0.703 0.0 0.0271317829457 42 258 85
1535 15 -160.086658002 331.580880953 0.005 0.208 0.222222222222 0.182130584192 9 291 85
1536 5 -130.166888351 271.741341652 0.005 0.604 0.0 0.0222222222222 75 225 86
1537 12 -152.95827268 317.324110309 0.005 0.307 0.0 0.0717488789238 77 223 86
1538 32 -148.333837631 308.075240211 0.005 0.208 0.125 0.167808219178 8 292 86
1539 24 -122.728976053 256.865517055 0.005 0.406 0.0 0.0796812749004 49 251 86
1540 8 -155.038209964 321.483984878 0.005 0.307 0.0 0.0867579908676 81 219 86
1541 11 -175.923948394 363.255461737 0.005 0.109 0.333333333333 0.234693877551 6 294 86
1542 7 -173.67488707 358.75733909 0.005 0.208 0.333333333333 0.21768707483 6 294 86
1543 7 -149.757778223 310.923121396 0.005 0.406 0.0 0.0394088669951 97 203 86
1544 13 -130.483878818 272.375322585 0.005 0.802 0.0 0.0 108 192 86
1545 25 -171.667372955 354.74231086 0.01 0.208 nan 0.25 0 300 86
1546 12 -131.516687392 274.440939734 0.005 0.505 0.0 0.0322580645161 83 217 86
1547 23 -206.39011349 424.187791928 0.005 0.01 nan 0.42 0 300 86
1549 27 -164.012042878 339.431650706 0.005 0.208 nan 0.23 0 300 86
1550 4 -170.862751706 353.133068362 0.005 0.208 nan 0.236666666667 0 300 86
1553 11 -160.229584514 331.866733977 0.005 0.208 0.0 0.117647058824 45 255 86
140 11 -158.772775727 328.953116404 0.005 0.406 0.0 0.0322580645161 114 186 86
141 4 -152.509012666 316.425590281 0.005 0.208 0.03125 0.160447761194 32 268 86
142 10 -148.143855252 307.695275453 0.005 0.406 0.012987012987 0.0538116591928 77 223 86
143 21 -189.701829396 390.811223741 0.005 0.109 nan 0.313333333333 0 300 86
144 16 -127.277956188 265.963477325 0.005 0.604 0.0 0.0219298245614 72 228 86
145 10 -165.067449891 341.542464731 0.005 0.307 0.0 0.0940594059406 98 202 86
146 24 -156.945408216 325.298381382 0.005 0.208 0.142857142857 0.19795221843 7 293 86
147 11 -152.961453104 317.330471158 0.005 0.208 0.0 0.180602006689 1 299 86
148 3 -160.355287872 332.118140693 0.005 0.208 1.0 0.204013377926 1 299 86
149 5 -177.991773239 367.391111427 0.005 0.307 0.0 0.0193548387097 145 155 86
150 25 -161.470021824 334.347608597 0.005 0.406 0.0 0.0374331550802 113 187 86
151 21 -146.176652598 303.760870146 0.005 0.307 0.0 0.0916666666667 60 240 86
152 9 -141.179751292 293.767067533 0.005 0.604 0.0 0.00520833333333 108 192 86
153 15 -194.498820657 400.405206264 0.005 0.109 nan 0.34 0 300 86
154 3 -163.515313334 338.438191617 0.005 0.208 0.0 0.162878787879 36 264 86
155 0 -151.811191833 315.029948615 0.005 0.505 0.0 0.0344827586207 97 203 86
157 8 -186.359774382 384.127113714 0.005 0.109 0.0 0.279245283019 35 265 86
158 9 -86.2210182811 183.849601511 0.005 1.0 0.0 0.0 58 242 86
159 15 -133.463435486 278.334435922 0.005 0.406 0.025641025641 0.088122605364 39 261 86
160 29 -150.153315584 311.714196118 0.005 0.406 0.0111111111111 0.052380952381 90 210 86
161 4 -147.521138673 306.449842294 0.005 0.406 0.0 0.0598290598291 66 234 86
162 19 -198.81289926 409.033363469 0.035 0.109 0.375 0.366438356164 8 292 86
163 3 -112.303384032 236.014333013 0.005 0.703 0.0 0.0134529147982 77 223 86
164 2 -168.2957664 347.999097748 0.005 0.307 0.0 0.102564102564 105 195 86
165 12 -183.379156541 378.165878032 0.005 0.109 0.0555555555556 0.258865248227 18 282 86
166 1 -159.069924963 329.547414874 0.005 0.307 0.0 0.111553784861 49 251 86
168 37 -165.712183912 342.831932772 0.005 0.208 0.0105263157895 0.0926829268293 95 205 86
170 12 -138.465031516 288.337627982 0.005 0.307 0.0 0.11231884058 24 276 86
171 5 -169.211870081 349.831305111 0.005 0.307 0.0 0.0769230769231 118 182 86
172 9 -127.125967149 265.659499247 0.005 0.703 0.0 0.010152284264 103 197 86
173 5 -171.121401044 353.650367037 0.005 0.208 0.0 0.110552763819 101 199 86
174 1 -104.656264016 220.720092981 0.005 1.0 0.0 0.0 79 221 86
175 12 -171.29439036 353.99634567 0.005 0.307 0.0 0.0710382513661 117 183 86
176 21 -175.706932391 362.821429732 0.005 0.109 nan 0.266666666667 0 300 86
177 40 -205.032556541 421.472678032 0.1 0.109 0.289473684211 0.408396946565 38 262 86
178 8 -117.017385946 245.442336842 0.005 0.703 0.0 0.028 50 250 86
179 4 -180.891744921 373.191054791 0.005 0.109 nan 0.28 0 300 86
180 8 -169.912163344 351.231891638 0.005 0.208 0.0 0.146341463415 54 246 86
181 4 -144.866271931 301.14010881 0.005 0.307 0.0 0.10332103321 29 271 86
183 5 -163.716253466 338.840071881 0.005 0.208 nan 0.226666666667 0 300 86
184 3 -172.097233499 355.602031947 0.005 0.109 nan 0.24 0 300 86
185 7 -129.948579291 271.304723531 0.005 0.406 0.0322580645161 0.0743494423792 31 269 86
186 11 -128.603991194 268.615547337 0.005 0.505 0.0 0.0464135021097 63 237 86
187 8 -152.588528645 316.584622239 0.005 0.307 0.0188679245283 0.12955465587 53 247 86
188 20 -156.580308424 324.568181797 0.005 0.208 0.0 0.170068027211 6 294 86
189 3 -174.472786948 360.353138846 0.005 0.109 nan 0.263333333333 0 300 86
190 32 -189.699339328 390.806243604 0.005 0.109 nan 0.32 0 300 86
192 7 -147.3570919 306.121748749 0.005 0.505 0.0 0.0 122 178 86
193 2 -97.3469189174 206.101402784 0.005 1.0 0.0 0.00840336134454 62 238 86
194 9 -166.820993373 345.049551696 0.005 0.208 0.0253164556962 0.113122171946 79 221 86
195 9 -118.217301873 247.842168695 0.005 0.505 0.0 0.0392156862745 45 255 86
196 0 -172.471826505 356.35121796 0.005 0.208 0.0 0.106060606061 102 198 86
197 23 -186.897669651 385.202904251 0.005 0.109 nan 0.316666666667 0 300 86
198 8 -132.275001415 275.95756778 0.005 0.703 0.0 0.00966183574879 93 207 86
199 11 -148.115152491 307.637869931 0.005 0.307 0.0909090909091 0.119850187266 33 267 86
200 22 -144.810319792 301.028204533 0.005 0.604 0.0 0.0 120 180 86
202 17 -179.100817171 369.609199292 0.005 0.109 nan 0.24 0 300 86
203 7 -164.266326552 339.940218053 0.005 0.307 0.0 0.054347826087 116 184 86
204 22 -111.089942558 233.587450066 0.005 0.802 0.0 0.0126050420168 62 238 86
206 32 -155.058239915 321.524044779 0.005 0.406 0.0 0.0218579234973 117 183 86
207 6 -109.241130218 229.889825386 0.005 0.703 0.0 0.0204081632653 55 245 86
208 34 -160.994165635 333.39589622 0.005 0.307 0.0 0.0960698689956 71 229 86
212 1 -139.688356659 290.784278267 0.005 0.406 0.0 0.0905349794239 57 243 86
213 18 -207.351179803 426.109924556 0.005 0.01 nan 0.466666666667 0 300 86
215 8 -116.869530611 245.146626171 0.005 0.802 0.0125 0.0136363636364 80 220 86
216 1 -118.801698615 249.010962179 0.005 0.604 0.0 0.0257510729614 67 233 86
217 16 -180.524925628 372.457416205 0.005 0.109 0.105263157895 0.249110320285 19 281 86
218 3 -166.312497689 344.032560327 0.005 0.208 0.02 0.188 50 250 86
220 26 -164.990046995 341.387658939 0.005 0.406 0.0 0.0122699386503 137 163 86
221 3 -165.563993232 342.535551413 0.005 0.307 0.0 0.0871559633028 82 218 86
223 15 -108.7786633 228.96489155 0.005 0.802 0.0 0.0168776371308 63 237 86
225 4 -144.560328263 300.528221474 0.005 0.307 0.0277777777778 0.102272727273 36 264 86
226 22 -157.064926595 325.537418139 0.005 0.208 0.0 0.15625 12 288 86
227 39 -165.016783001 341.441130951 0.005 0.208 0.0 0.145228215768 59 241 86
228 12 -143.48267013 298.37290521 0.005 0.406 0.0307692307692 0.0595744680851 65 235 86
229 16 -136.920388999 285.248342947 0.005 0.505 0.0 0.0257510729614 67 233 86
230 8 -120.942197942 253.291960833 0.005 0.406 0.0 0.0820895522388 32 268 86
231 40 -118.221135116 247.849835181 0.005 0.505 0.0227272727273 0.0546875 44 256 86
232 7 -137.867989942 287.143544834 0.005 0.604 0.0 0.0182648401826 81 219 86
234 8 -134.621174437 280.649913823 0.005 0.604 0.0 0.0277777777778 84 216 86
235 11 -154.788643349 320.984851648 0.005 0.406 0.0 0.0218579234973 117 183 86
236 12 -171.332856491 354.073277931 0.005 0.208 0.0263157894737 0.148854961832 38 262 86
237 3 -147.778813826 306.965192601 0.005 0.307 0.0232558139535 0.105058365759 43 257 86
238 25 -153.091514407 317.590593764 0.005 0.208 nan 0.206666666667 0 300 86
240 3 -129.754255737 270.916076423 0.005 0.406 0.0 0.0583333333333 60 240 86
241 4 -123.199072497 257.805709943 0.005 0.604 0.0 0.0189573459716 89 211 86
242 7 -120.901186526 253.209938002 0.005 0.406 0.0 0.0818505338078 19 281 86
243 13 -137.127916561 285.663398071 0.005 0.307 0.0 0.111111111111 30 270 86
244 28 -123.393636017 258.194836983 0.005 0.604 0.0 0.0349344978166 71 229 86
245 9 -184.780845225 380.969255399 0.005 0.307 0.0 0.0208333333333 156 144 86
247 15 -182.209722515 375.827009979 0.005 0.109 0.030303030303 0.239700374532 33 267 86
248 35 -141.788212716 294.983990382 0.005 0.307 0.0434782608696 0.111913357401 23 277 86
253 4 -125.743601703 262.894768355 0.005 0.604 0.0119047619048 0.0138888888889 84 216 86
256 10 -139.169473009 289.746510967 0.005 0.703 0.0 0.0 109 191 86
257 24 -150.271145522 311.949855992 0.005 0.505 0.0 0.0208333333333 108 192 86
258 8 -175.748267169 362.904099286 0.005 0.109 0.0 0.220735785953 1 299 86
259 14 -121.678351419 254.764267787 0.005 0.406 0.0 0.0617760617761 41 259 86
260 13 -134.609162643 280.625890235 0.005 0.307 0.0333333333333 0.0888888888889 30 270 86
261 7 -197.107480122 405.622525193 0.025 0.109 0.285714285714 0.361774744027 7 293 86
262 11 -106.572859539 224.553284027 0.005 1.0 0.0 0.0042194092827 63 237 86
263 8 -117.029447221 245.466459392 0.005 0.604 0.0 0.0308370044053 73 227 86
264 3 -120.806116716 253.019798381 0.005 0.703 0.0 0.018018018018 78 222 86
1519 17 -154.581982383 320.571529715 0.005 0.208 0.0 0.138576779026 33 267 86
1520 4 -124.583585892 260.574736732 0.005 0.505 0.0 0.0576131687243 57 243 86
1521 17 -166.371867683 344.151300315 0.01 0.208 nan 0.233333333333 0 300 86
1523 14 -191.496567886 394.400700721 0.005 0.109 0.111111111111 0.302405498282 9 291 86
1524 11 -143.4820438 298.37165255 0.005 0.307 0.0 0.152249134948 11 289 86
1525 12 -169.584346787 350.576258523 0.005 0.208 nan 0.24 0 300 86
1526 11 -151.746347059 314.900259068 0.005 0.307 0.0 0.061320754717 88 212 86
1527 15 -151.040898164 313.489361278 0.005 0.406 0.0 0.0422535211268 87 213 86
1528 2 -103.472836049 218.353237047 0.005 1.0 0.0 0.0 72 228 86
1529 2 -107.130508705 225.668582358 0.005 1.0 0.0 0.0 79 221 86
1530 15 -141.984432534 295.376430016 0.005 0.505 0.0 0.0440528634361 73 227 86
1531 10 -160.927280256 333.262125461 0.005 0.406 0.0 0.0166666666667 120 180 86
1532 15 -146.050017726 303.507600401 0.005 0.406 0.0 0.0331753554502 89 211 86
1533 22 -180.434068754 372.275702456 0.005 0.208 0.00757575757576 0.0714285714286 132 168 86
1534 19 -154.484236727 320.376038402 0.005 0.307 0.0142857142857 0.0869565217391 70 230 86
1535 15 -158.156329055 327.720223059 0.005 0.208 0.0606060606061 0.14606741573 33 267 86
1536 5 -184.340556558 380.088678064 0.005 0.109 0.0 0.214876033058 58 242 87
1537 12 -149.189276589 309.786118127 0.005 0.307 0.0 0.10861423221 33 267 87
1538 32 -160.69423241 332.79602977 0.005 0.208 0.0 0.162790697674 42 258 87
1539 24 -125.288583603 261.984732154 0.005 0.406 0.0 0.0705882352941 45 255 87
1540 8 -151.51538883 314.438342609 0.005 0.307 0.0 0.121457489879 53 247 87
1541 11 -166.287236655 343.982038259 0.005 0.208 0.0909090909091 0.221453287197 11 289 87
1542 7 -181.291872606 373.991310162 0.005 0.109 1.0 0.260869565217 1 299 87
1543 7 -145.940922096 303.289409142 0.005 0.505 0.0 0.0154639175258 106 194 87
1544 13 -151.367701807 314.142968563 0.005 0.307 0.0217391304348 0.110236220472 46 254 87
1545 25 -167.353708462 346.114981874 0.005 0.208 nan 0.216666666667 0 300 87
1546 12 -177.036727231 365.481019411 0.005 0.307 0.0 0.0569620253165 142 158 87
1547 23 -207.061232593 425.530030136 0.01 0.01 nan 0.456666666667 0 300 87
1549 27 -150.586201658 312.579968265 0.005 0.208 0.0 0.175862068966 10 290 87
1550 4 -164.181555007 339.770674963 0.005 0.208 0.0 0.156862745098 45 255 87
1553 11 -164.749099722 340.905764394 0.005 0.208 nan 0.223333333333 0 300 87
140 11 -137.792710398 286.992985745 0.005 0.505 0.0 0.0283018867925 88 212 87
141 4 -165.070468443 341.548501836 0.005 0.208 0.0454545454545 0.187050359712 22 278 87
142 10 -105.240293155 221.888151259 0.005 1.0 0.0 0.0 71 229 87
143 21 -186.700593272 384.808751494 0.005 0.109 nan 0.3 0 300 87
144 16 -154.636213902 320.679992753 0.005 0.505 0.0 0.0227272727273 124 176 87
145 10 -104.02293122 219.453427389 0.005 0.802 0.016393442623 0.0251046025105 61 239 87
146 24 -146.427682746 304.262930442 0.005 0.307 0.0 0.129032258065 21 279 87
147 11 -160.59571161 332.598988169 0.005 0.307 0.0 0.04 100 200 87
148 3 -165.443306274 342.294177497 0.005 0.208 0.0126582278481 0.126696832579 79 221 87
149 5 -169.202780038 349.813125024 0.005 0.208 0.015873015873 0.15611814346 63 237 87
150 25 -181.668946846 374.745458641 0.005 0.208 0.0 0.0867052023121 127 173 87
151 21 -173.25263617 357.912837289 0.005 0.208 0.0 0.147321428571 76 224 87
152 9 -108.180958234 227.769481417 0.005 1.0 0.0 0.0 83 217 87
153 15 -161.852699467 335.112963883 0.005 0.208 0.0 0.121457489879 53 247 87
154 3 -151.44565003 314.298865009 0.005 0.307 0.0204081632653 0.107569721116 49 251 87
155 0 -126.629470424 264.666505797 0.005 0.307 0.222222222222 0.123711340206 9 291 87
157 8 -179.94728075 371.302126449 0.005 0.109 nan 0.28 0 300 87
158 9 -169.487769124 350.383103197 0.005 0.406 0.0 0.0062893081761 141 159 87
159 15 -101.980909694 215.369384337 0.005 0.802 0.0 0.0123456790123 57 243 87
160 29 -155.488116885 322.383798719 0.005 0.208 0.25 0.158783783784 4 296 87
161 4 -104.472138497 220.351841944 0.005 0.703 0.0 0.0243902439024 54 246 87
162 19 -185.81718664 383.041938229 0.005 0.109 nan 0.31 0 300 87
163 3 -155.663692091 322.734949131 0.005 0.208 nan 0.196666666667 0 300 87
164 2 -122.225991233 255.859547415 0.005 0.505 0.0 0.0367346938776 55 245 87
165 12 -182.472363457 376.352291864 0.005 0.109 0.0 0.229390681004 21 279 87
166 1 -157.685568114 326.778701177 0.005 0.208 nan 0.22 0 300 87
168 37 -150.154695377 311.716955704 0.005 0.307 0.0 0.0778210116732 43 257 87
170 12 -156.159482718 323.726530384 0.005 0.406 0.0 0.042654028436 89 211 87
171 5 -132.827358606 277.062282162 0.005 0.604 0.0 0.0193236714976 93 207 87
172 9 -159.395558065 330.19868108 0.005 0.505 0.0 0.0112359550562 122 178 87
173 5 -150.931906679 313.271378307 0.005 0.307 0.0 0.0904977375566 79 221 87
174 1 -185.083555948 381.574676845 0.005 0.307 0.00653594771242 0.0272108843537 153 147 87
175 12 -138.977706589 289.362978127 0.005 0.505 0.0 0.0236966824645 89 211 87
176 21 -189.496024241 390.399613432 0.005 0.109 nan 0.313333333333 0 300 87
177 40 -203.290336135 417.988237218 0.08 0.109 0.388888888889 0.404255319149 18 282 87
178 8 -141.686318423 294.780201795 0.005 0.307 0.0 0.116104868914 33 267 87
179 4 -135.000692153 281.408949256 0.005 0.406 0.0 0.0711610486891 33 267 87
180 8 -161.603318836 334.614202622 0.005 0.208 nan 0.21 0 300 87
181 4 -138.568041163 288.543647276 0.005 0.406 0.0 0.0588235294118 62 238 87
183 5 -123.945080724 259.297726397 0.005 0.307 0.0 0.106761565836 19 281 87
184 3 -160.578432948 332.564430845 0.005 0.208 0.0833333333333 0.166666666667 12 288 87
185 7 -143.009787764 297.427140477 0.005 0.406 0.0 0.0336538461538 92 208 87
186 11 -117.830957838 247.069480626 0.005 0.703 0.0 0.0226244343891 79 221 87
187 8 -139.297595491 290.002755932 0.005 0.406 0.0208333333333 0.0753968253968 48 252 87
188 20 -146.734277358 304.876119666 0.005 0.406 0.0 0.0495495495495 78 222 87
189 3 -174.244345162 359.896255273 0.005 0.208 0.04 0.2 25 275 87
190 32 -196.030226141 403.468017231 0.025 0.109 nan 0.363333333333 0 300 87
192 7 -123.56882665 258.54521825 0.005 0.505 0.030303030303 0.0411985018727 33 267 87
193 2 -177.590096602 366.587758154 0.005 0.307 0.0 0.025974025974 146 154 87
194 9 -151.399319914 314.206204778 0.005 0.307 0.0 0.0909090909091 47 253 87
195 9 -144.067298773 299.542162495 0.005 0.604 0.0 0.00515463917526 106 194 87
196 0 -133.94728603 279.302137009 0.005 0.505 0.0 0.0315315315315 78 222 87
197 23 -190.082032631 391.571630212 0.005 0.109 nan 0.326666666667 0 300 87
198 8 -106.030740181 223.469045312 0.005 1.0 0.0 0.0 83 217 87
199 11 -156.1157804 323.63912575 0.005 0.406 0.0 0.0298507462687 99 201 87
200 22 -112.341399224 236.090363398 0.005 0.901 0.0 0.0 78 222 87
202 17 -179.297017864 370.001600677 0.005 0.109 0.25 0.263513513514 4 296 87
203 7 -148.840836075 309.0892371 0.005 0.406 0.0121951219512 0.0825688073394 82 218 87
204 22 -149.074459074 309.556483097 0.005 0.406 0.0 0.0666666666667 75 225 87
206 32 -152.072598344 315.552761637 0.005 0.307 0.0 0.0848214285714 76 224 87
207 6 -116.731842081 244.871249112 0.005 0.604 0.0 0.056 50 250 87
208 34 -153.024062148 317.455689246 0.005 0.307 0.0 0.10861423221 33 267 87
212 1 -191.895686062 395.198937073 0.005 0.208 0.0 0.0144927536232 162 138 87
213 18 -206.956286139 425.320137227 0.005 0.01 nan 0.453333333333 0 300 87
215 8 -152.247346672 315.902258294 0.005 0.406 0.0 0.0516431924883 87 213 87
216 1 -127.346220525 266.100006 0.005 0.802 0.0 0.00956937799043 91 209 87
217 16 -169.264290027 349.936145004 0.005 0.307 0.0 0.0897435897436 66 234 87
218 3 -170.624445349 352.656455647 0.005 0.208 0.0 0.232323232323 3 297 87
220 26 -144.603222767 300.614010483 0.005 0.307 0.0377358490566 0.0890688259109 53 247 87
221 3 -179.845736906 371.099038762 0.005 0.109 nan 0.29 0 300 87
223 15 -142.674147883 296.755860714 0.005 0.406 0.0 0.046511627907 85 215 87
225 4 -158.21142291 327.830410769 0.005 0.208 0.0 0.158490566038 35 265 87
226 22 -136.349247407 284.106059763 0.005 0.307 0.0 0.0926640926641 41 259 87
227 39 -108.160769079 227.729103108 0.005 0.901 0.0 0.00456621004566 81 219 87
228 12 -118.235230254 247.878025457 0.005 0.604 0.0212765957447 0.0395256916996 47 253 87
229 16 -158.147943669 327.703452288 0.005 0.208 0.0 0.153558052434 33 267 87
230 8 -144.279672535 299.966910019 0.005 0.406 0.0 0.0729613733906 67 233 87
231 40 -146.16309127 303.73374749 0.005 0.406 0.0 0.071129707113 61 239 87
232 7 -161.133253741 333.674072431 0.005 0.406 0.0 0.0179640718563 133 167 87
234 8 -160.326922211 332.06140937 0.005 0.307 0.0 0.0881057268722 73 227 87
235 11 -164.287675262 339.982915473 0.005 0.208 0.0416666666667 0.155797101449 24 276 87
236 12 -176.076492805 363.560550559 0.005 0.109 0.0416666666667 0.231884057971 24 276 87
237 3 -110.774963007 232.957490964 0.005 0.604 0.0 0.0269230769231 40 260 87
238 25 -158.031159563 327.469884075 0.005 0.208 nan 0.226666666667 0 300 87
240 3 -154.419642381 320.246849711 0.005 0.406 0.0 0.0163043478261 116 184 87
241 4 -158.303500997 328.014566942 0.005 0.307 0.0 0.0841121495327 86 214 87
242 7 -104.918983105 221.24553116 0.005 0.703 0.0277777777778 0.0340909090909 36 264 87
243 13 -161.047479087 333.502523124 0.005 0.406 0.0 0.0380434782609 116 184 87
244 28 -181.236126648 373.879818246 0.005 0.109 nan 0.266666666667 0 300 87
245 9 -119.322287312 250.052139573 0.005 0.802 0.0 0.0045871559633 82 218 87
247 15 -170.266455574 351.940476097 0.005 0.208 0.0 0.136363636364 58 242 87
248 35 -179.497170745 370.40190644 0.005 0.109 0.0 0.207692307692 40 260 87
253 4 -155.632068656 322.671702261 0.005 0.307 0.0125 0.0863636363636 80 220 87
256 10 -159.452840405 330.31324576 0.005 0.208 0.0238095238095 0.143410852713 42 258 87
257 24 -139.538711311 290.484987572 0.005 0.307 0.0 0.109540636042 17 283 87
258 8 -158.115521627 327.638608203 0.005 0.406 0.0 0.045 100 200 87
259 14 -130.658514627 272.724594203 0.005 0.406 0.0588235294118 0.0864661654135 34 266 87
260 13 -172.038885516 355.485335982 0.005 0.208 0.0 0.127659574468 65 235 87
261 7 -187.778230254 386.964025457 0.005 0.109 nan 0.31 0 300 87
262 11 -129.989722166 271.387009282 0.005 0.406 0.0 0.0676691729323 34 266 87
263 8 -140.643580543 292.694726036 0.005 0.505 0.0 0.0318181818182 80 220 87
264 3 -143.261160548 297.929886045 0.005 0.406 0.0204081632653 0.0717131474104 49 251 87
1519 17 -149.907929117 311.223423184 0.005 0.307 0.0 0.0746887966805 59 241 87
1520 4 -101.325164594 214.057894138 0.005 0.703 0.0 0.0387596899225 42 258 87
1521 17 -171.746985577 354.901536104 0.015 0.208 0.166666666667 0.255102040816 6 294 87
1523 14 -146.576421116 304.560407182 0.005 0.307 0.0 0.109433962264 35 265 87
1524 11 -168.093479101 347.594523151 0.005 0.208 0.0 0.137339055794 67 233 87
1525 12 -149.816547968 311.040660885 0.005 0.208 nan 0.196666666667 0 300 87
1526 11 -158.679588916 328.766742781 0.005 0.307 0.0 0.093896713615 87 213 87
1527 15 -153.731519036 318.870603021 0.005 0.307 0.0204081632653 0.115537848606 49 251 87
1528 2 -140.474914707 292.357394364 0.005 0.307 0.0 0.0894308943089 54 246 87
1529 2 -147.682791072 306.773147094 0.005 0.406 0.0 0.0550458715596 82 218 87
1530 15 -126.823055032 265.053675014 0.005 0.307 0.0 0.119298245614 15 285 87
1531 10 -130.615949644 272.639464237 0.005 0.703 0.0 0.00917431192661 82 218 87
1532 15 -141.978421979 295.364408907 0.005 0.406 0.0 0.0603448275862 68 232 87
1533 22 -145.514501627 302.436568202 0.005 0.406 0.0 0.0723981900452 79 221 87
1534 19 -133.651159615 278.709884179 0.005 0.406 0.0 0.0416666666667 60 240 87
1535 15 -167.297836884 346.003238717 0.005 0.307 0.0 0.0514285714286 125 175 87
1536 5 -150.368055089 312.143675126 0.005 0.307 0.030303030303 0.123595505618 33 267 88
1537 12 -154.339668715 320.086902379 0.005 0.208 1.0 0.200668896321 1 299 88
1538 32 -194.887741849 401.183048647 0.005 0.109 0.0 0.114457831325 134 166 88
1539 24 -176.324377343 364.056319634 0.005 0.307 0.0 0.0125786163522 141 159 88
1540 8 -169.534746952 350.477058854 0.005 0.208 nan 0.233333333333 0 300 88
1541 11 -167.762642192 346.932849334 0.005 0.208 0.0416666666667 0.20652173913 24 276 88
1542 7 -135.534046924 282.475658797 0.005 0.604 0.0 0.0232558139535 85 215 88
1543 7 -178.521276742 368.450118434 0.005 0.307 0.0 0.0166666666667 120 180 88
1544 13 -164.542076357 340.491717663 0.005 0.406 0.0 0.0178571428571 132 168 88
1545 25 -159.498446015 330.40445698 0.005 0.208 nan 0.213333333333 0 300 88
1546 12 -147.268913767 305.945392483 0.005 0.406 0.0 0.0585365853659 95 205 88
1547 23 -207.565704686 426.538974322 0.005 0.01 nan 0.47 0 300 88
1549 27 -163.188739172 337.785043294 0.005 0.307 0.0 0.0588235294118 96 204 88
1550 4 -147.383330777 306.174226503 0.005 0.406 0.0 0.0412844036697 82 218 88
1553 11 -152.265864413 315.939293775 0.005 0.208 0.0217391304348 0.133858267717 46 254 88
140 11 -126.704398449 264.816361848 0.005 0.505 0.0 0.0466926070039 43 257 88
141 4 -118.941179169 249.289923286 0.005 0.802 0.0 0.0132743362832 74 226 88
142 10 -141.964085236 295.335735422 0.005 0.604 0.0 0.00487804878049 95 205 88
143 21 -188.493989317 388.395543584 0.005 0.109 0.0 0.293103448276 10 290 88
144 16 -110.898500948 233.204566845 0.005 0.604 0.0491803278689 0.0292887029289 61 239 88
145 10 -151.52326646 314.454097869 0.005 0.208 0.0 0.153846153846 14 286 88
146 24 -156.731323129 324.870211208 0.005 0.208 1.0 0.200668896321 1 299 88
147 11 -141.563965858 294.535496666 0.005 0.505 0.0 0.0191387559809 91 209 88
148 3 -144.625426402 300.658417753 0.005 0.208 nan 0.15 0 300 88
149 5 -129.182558984 269.772682917 0.005 0.505 0.0135135135135 0.0309734513274 74 226 88
150 25 -147.654953866 306.717472682 0.005 0.307 0.0 0.0822510822511 69 231 88
151 21 -102.095045859 215.597656667 0.005 0.505 0.047619047619 0.0537634408602 21 279 88
152 9 -100.241792215 211.891149379 0.005 1.0 0.0 0.00416666666667 60 240 88
153 15 -196.844111341 405.095787631 0.005 0.109 nan 0.346666666667 0 300 88
154 3 -162.97607579 337.359716529 0.005 0.208 0.0 0.169117647059 28 272 88
155 0 -130.564832862 272.537230674 0.005 0.604 0.0 0.0183486238532 82 218 88
157 8 -173.456904676 358.321374301 0.005 0.109 nan 0.243333333333 0 300 88
158 9 -139.389527514 290.186619978 0.005 0.406 0.0 0.0695652173913 70 230 88
159 15 -150.309604482 312.026773913 0.005 0.505 0.0 0.0 118 182 88
160 29 -123.098351388 257.604267726 0.005 0.604 0.0149253731343 0.0214592274678 67 233 88
161 4 -84.1999745055 179.80751396 0.005 1.0 0.0 0.00769230769231 40 260 88
162 19 -193.351958696 398.11148234 0.005 0.109 nan 0.33 0 300 88
163 3 -165.65464564 342.71685623 0.005 0.208 0.0 0.120833333333 60 240 88
164 2 -153.468529774 318.344624498 0.005 0.208 1.0 0.177257525084 1 299 88
165 12 -171.360978823 354.129522596 0.005 0.208 0.0 0.205479452055 8 292 88
166 1 -170.563336525 352.534238 0.005 0.208 0.125 0.229452054795 8 292 88
168 37 -142.663952575 296.7354701 0.005 0.406 0.0 0.068669527897 67 233 88
170 12 -155.206227619 321.820020188 0.005 0.208 0.333333333333 0.185185185185 3 297 88
171 5 -102.68550267 216.77857029 0.005 0.802 0.0 0.0126050420168 62 238 88
172 9 -152.005988414 315.419541777 0.005 0.307 0.0 0.114285714286 55 245 88
173 5 -155.128640654 321.664846257 0.005 0.208 0.5 0.197986577181 2 298 88
174 1 -160.551634087 332.510833124 0.005 0.208 0.0227272727273 0.13671875 44 256 88
175 12 -154.960397264 321.328359477 0.005 0.505 0.0 0.0164835164835 118 182 88
176 21 -182.510096341 376.427757631 0.005 0.109 1.0 0.270903010033 1 299 88
177 40 -200.463635846 412.334836642 0.03 0.109 0.2 0.372881355932 5 295 88
178 8 -134.152439285 279.71244352 0.005 0.406 0.0285714285714 0.0943396226415 35 265 88
179 4 -149.855562472 311.118689893 0.005 0.208 nan 0.196666666667 0 300 88
180 8 -161.989870063 335.387305075 0.005 0.208 0.030303030303 0.183520599251 33 267 88
181 4 -176.086140678 363.579846305 0.005 0.307 0.0 0.0294117647059 130 170 88
183 5 -166.276833733 343.961232415 0.005 0.307 0.0 0.0246913580247 138 162 88
184 3 -150.693489821 312.794544591 0.005 0.307 0.0434782608696 0.0905511811024 46 254 88
185 7 -135.691693447 282.790951843 0.005 0.406 0.0151515151515 0.0641025641026 66 234 88
186 11 -142.432216673 296.271998296 0.005 0.505 0.0 0.0203045685279 103 197 88
187 8 -130.219102782 271.845770513 0.005 0.406 0.0 0.0485829959514 53 247 88
188 20 -159.162829443 329.733223835 0.005 0.505 0.0 0.0 125 175 88
189 3 -172.875657088 357.158879126 0.005 0.208 nan 0.24 0 300 88
190 32 -195.348379202 402.104323354 0.005 0.109 0.1 0.331034482759 10 290 88
192 7 -156.929951415 325.267467778 0.005 0.208 0.0454545454545 0.187050359712 22 278 88
193 2 -159.63503194 330.67762883 0.005 0.208 0.0408163265306 0.151394422311 49 251 88
194 9 -163.675874861 338.759314671 0.005 0.208 0.0 0.173431734317 29 271 88
195 9 -140.074778312 291.557121573 0.005 0.505 0.0 0.0363636363636 80 220 88
196 0 -137.298323698 286.004212345 0.005 0.406 0.0 0.0671936758893 47 253 88
197 23 -190.098649222 391.604863393 0.015 0.109 nan 0.336666666667 0 300 88
198 8 -145.993172539 303.393910027 0.005 0.604 0.0 0.00515463917526 106 194 88
199 11 -92.2669449751 195.941454899 0.005 1.0 0.0 0.00411522633745 57 243 88
200 22 -129.607034877 270.621634703 0.005 1.0 0.0 0.0 102 198 88
202 17 -173.174253317 357.756071583 0.005 0.208 0.142857142857 0.232081911263 7 293 88
203 7 -147.084975266 305.577515481 0.005 0.505 0.0106382978723 0.0291262135922 94 206 88
204 22 -131.074157842 273.555880634 0.005 0.307 nan 0.156666666667 0 300 88
206 32 -132.432092549 276.271750047 0.005 0.703 0.0 0.0140186915888 86 214 88
207 6 -135.710714178 282.828993305 0.005 0.406 0.0 0.0491803278689 56 244 88
208 34 -165.177600166 341.762765282 0.005 0.208 nan 0.23 0 300 88
212 1 -141.817706923 295.042978795 0.005 0.307 0.0 0.0817120622568 43 257 88
213 18 -208.264674425 427.936913799 0.205 0.01 0.487804878049 0.525096525097 41 259 88
215 8 -139.692548926 290.792662802 0.005 0.307 0.0 0.0890688259109 53 247 88
216 1 -137.94610145 287.299767849 0.005 0.505 0.0 0.0334928229665 91 209 88
217 16 -166.458489825 344.3245446 0.005 0.208 0.0 0.0990566037736 88 212 88
218 3 -132.371147675 276.149860298 0.005 0.406 0.0 0.0661157024793 58 242 88
220 26 -159.126324083 329.660213115 0.005 0.406 0.0 0.0337078651685 122 178 88
221 3 -178.617157288 368.641879526 0.005 0.208 0.0 0.113744075829 89 211 88
223 15 -132.238379204 275.884323358 0.005 0.505 0.0123456790123 0.0319634703196 81 219 88
225 4 -123.648177409 258.703919768 0.005 0.604 0.0 0.0173913043478 70 230 88
226 22 -170.036834053 351.481233054 0.005 0.208 0.0 0.1625 60 240 88
227 39 -161.912252099 335.232069148 0.005 0.208 nan 0.223333333333 0 300 88
228 12 -161.543777838 334.495120624 0.005 0.208 0.0 0.135802469136 57 243 88
229 16 -147.522216434 306.451997818 0.005 0.208 nan 0.183333333333 0 300 88
230 8 -157.739915987 326.887396923 0.005 0.505 0.0 0.0 123 177 88
231 40 -145.296638701 302.000842351 0.005 0.604 0.0 0.0 114 186 88
232 7 -133.733267652 278.874100253 0.005 0.505 0.0 0.0318181818182 80 220 88
234 8 -153.628704671 318.664974292 0.005 0.307 0.0 0.0783410138249 83 217 88
235 11 -165.907785622 343.223136193 0.005 0.307 0.0 0.0829268292683 95 205 88
236 12 -173.24134492 357.890254788 0.005 0.208 0.031746031746 0.181434599156 63 237 88
237 3 -152.720249925 316.848064798 0.005 0.208 0.111111111111 0.170212765957 18 282 88
238 25 -135.670437248 282.748439445 0.005 0.505 0.0 0.04329004329 69 231 88
240 3 -134.501812472 280.411189893 0.005 0.703 0.0 0.00502512562814 101 199 88
241 4 -164.957724856 341.323014661 0.005 0.208 0.0454545454545 0.208633093525 22 278 88
242 7 -128.670125937 268.747816823 0.005 0.505 0.0 0.0429184549356 67 233 88
243 13 -162.611911243 336.631387434 0.005 0.208 0.5 0.187919463087 2 298 88
244 28 -180.811016224 373.029597398 0.005 0.109 nan 0.27 0 300 88
245 9 -166.607558763 344.622682475 0.005 0.406 0.0 0.0172413793103 126 174 88
247 15 -154.215132253 319.837829454 0.005 0.208 0.0 0.162962962963 30 270 88
248 35 -183.723079113 378.853723176 0.005 0.109 nan 0.293333333333 0 300 88
253 4 -155.017872425 321.4433098 0.005 0.307 0.0 0.111553784861 49 251 88
256 10 -107.746808052 226.901181054 0.005 0.802 0.0 0.0294117647059 62 238 88
257 24 -159.759336614 330.926238176 0.005 0.208 0.0571428571429 0.143396226415 35 265 88
258 8 -169.404068434 350.215701817 0.01 0.208 0.5 0.244966442953 2 298 88
259 14 -152.259486916 315.926538782 0.005 0.406 0.0 0.0406091370558 103 197 88
260 13 -147.711054672 306.829674293 0.005 0.406 0.0 0.0353982300885 74 226 88
261 7 -194.770350486 400.948265921 0.005 0.109 nan 0.34 0 300 88
262 11 -158.475537997 328.358640943 0.005 0.406 0.0 0.027027027027 115 185 88
263 8 -139.896380851 291.200326651 0.005 0.604 0.0 0.015306122449 104 196 88
264 3 -141.687086076 294.781737102 0.005 0.307 0.0769230769231 0.116788321168 26 274 88
1519 17 -177.544329247 366.496223443 0.005 0.109 nan 0.273333333333 0 300 88
1520 4 -155.183853396 321.775271741 0.005 0.307 0.0140845070423 0.0960698689956 71 229 88
1521 17 -145.574693219 302.556951388 0.005 0.604 0.0 0.0102564102564 105 195 88
1523 14 -168.284471201 347.97650735 0.01 0.208 0.25 0.236486486486 4 296 88
1524 11 -132.113660163 275.634885275 0.005 0.406 0.0 0.0493827160494 57 243 88
1525 12 -191.634351068 394.676267086 0.005 0.208 0.0 0.0457516339869 147 153 88
1526 11 -156.444807457 324.297179864 0.005 0.406 0.0 0.040404040404 102 198 88
1527 15 -164.731402374 340.870369697 0.005 0.208 nan 0.233333333333 0 300 88
1528 2 -170.001968482 351.411501913 0.005 0.208 0.0 0.131818181818 80 220 88
1529 2 -153.37114828 318.14986151 0.005 0.307 0.0 0.061320754717 88 212 88
1530 15 -136.000411623 283.408388196 0.005 0.307 0.0357142857143 0.110294117647 28 272 88
1531 10 -120.917563321 253.242691591 0.005 0.703 0.0 0.0219298245614 72 228 88
1532 15 -150.854142821 313.115850591 0.005 0.505 0.0 0.0251256281407 101 199 88
1533 22 -136.272707841 283.952980632 0.005 0.307 0.111111111111 0.144329896907 9 291 88
1534 19 -149.976827761 311.361220472 0.005 0.307 0.0 0.11320754717 35 265 88
1535 15 -171.598062067 354.603689083 0.005 0.208 0.0 0.135746606335 79 221 88
1536 5 -157.908614696 327.224794342 0.005 0.208 nan 0.22 0 300 89
1537 12 -129.884411358 271.176387666 0.005 0.604 0.0 0.0223214285714 76 224 89
1538 32 -176.738293527 364.884152004 0.005 0.109 0.25 0.256756756757 4 296 89
1539 24 -156.662224756 324.732014462 0.005 0.406 0.0 0.0390243902439 95 205 89
1540 8 -135.469775816 282.347116581 0.005 0.505 0.0 0.0344827586207 68 232 89
1541 11 -163.55176402 338.51109299 0.005 0.208 0.0 0.162878787879 36 264 89
1542 7 -158.537286401 328.482137751 0.005 0.307 0.0 0.0979591836735 55 245 89
1543 7 -144.007115702 299.421796354 0.005 0.406 0.016393442623 0.0585774058577 61 239 89
1544 13 -155.046913026 321.501391001 0.005 0.208 0.1 0.186206896552 10 290 89
1545 25 -157.365073211 326.137711371 0.005 0.208 0.0 0.13829787234 18 282 89
1546 12 -161.146215452 333.699995853 0.005 0.406 0.0 0.0463917525773 106 194 89
1547 23 -207.265012686 425.937590322 0.005 0.01 nan 0.46 0 300 89
1549 27 -152.885539994 317.178644938 0.005 0.307 0.0 0.0934959349593 54 246 89
1550 4 -164.687693471 340.782951892 0.005 0.208 0.0526315789474 0.185053380783 19 281 89
1553 11 -144.337771467 300.083107884 0.005 0.307 0.0 0.0791666666667 60 240 89
140 11 -158.608336002 328.624236953 0.005 0.406 0.0 0.0271739130435 116 184 89
141 4 -168.285198195 347.977961339 0.005 0.208 0.0 0.128440366972 82 218 89
142 10 -176.396304031 364.20017301 0.005 0.307 0.0 0.0424242424242 135 165 89
143 21 -186.643628813 384.694822575 0.005 0.109 nan 0.32 0 300 89
144 16 -119.210623563 249.828812075 0.005 0.802 0.0 0.0048309178744 93 207 89
145 10 -130.457525897 272.322616743 0.005 0.901 0.0 0.0 96 204 89
146 24 -166.976862224 345.361289398 0.005 0.208 0.0119047619048 0.111111111111 84 216 89
147 11 -135.028142907 281.463850764 0.005 0.604 0.0 0.00505050505051 102 198 89
148 3 -160.345023132 332.097611213 0.005 0.208 0.0 0.169811320755 35 265 89
149 5 -85.7748392653 182.95724348 0.005 1.0 0.0 0.0078125 44 256 89
150 25 -137.569750704 286.547066358 0.005 0.307 0.0 0.110714285714 20 280 89
151 21 -146.36750916 304.142583269 0.005 0.406 0.0 0.0663716814159 74 226 89
152 9 -157.894039368 327.195643686 0.005 0.505 0.0 0.0205128205128 105 195 89
153 15 -191.03403307 393.475631089 0.015 0.109 nan 0.343333333333 0 300 89
154 3 -115.662831791 242.733228532 0.005 0.505 0.0 0.0416666666667 36 264 89
155 0 -135.345583184 282.098731318 0.005 0.505 0.0131578947368 0.0535714285714 76 224 89
157 8 -165.758931153 342.925427256 0.005 0.208 1.0 0.227424749164 1 299 89
158 9 -118.805419122 249.018403192 0.005 0.703 0.0 0.0175438596491 72 228 89
159 15 -118.655077309 248.717719567 0.005 0.604 0.0 0.0393700787402 46 254 89
160 29 -127.887703396 267.182971742 0.005 0.703 0.0 0.0 103 197 89
161 4 -142.238994024 295.885552998 0.005 0.505 0.0 0.0291262135922 94 206 89
162 19 -199.935872793 411.279310535 0.015 0.109 0.5 0.355704697987 2 298 89
163 3 -172.946338264 357.300241478 0.005 0.109 nan 0.246666666667 0 300 89
164 2 -156.981070575 325.369706099 0.005 0.406 0.0 0.0110497237569 119 181 89
165 12 -164.416025352 340.239615654 0.005 0.307 0.0 0.0547263681592 99 201 89
166 1 -160.783283759 332.974132467 0.005 0.307 0.0 0.0582010582011 111 189 89
168 37 -161.601123361 334.609811672 0.005 0.208 0.0 0.119341563786 57 243 89
170 12 -172.669711682 356.746988313 0.005 0.109 nan 0.256666666667 0 300 89
171 5 -139.489310335 290.38618562 0.005 0.406 0.0 0.0603448275862 68 232 89
172 9 -128.005893848 267.419352646 0.005 0.505 0.0 0.034632034632 69 231 89
173 5 -149.700916802 310.809398553 0.005 0.208 0.0 0.150183150183 27 273 89
174 1 -170.454167954 352.315900857 0.005 0.307 0.0 0.1 100 200 89
175 12 -122.027414293 255.462393535 0.005 0.505 0.0 0.0524193548387 52 248 89
176 21 -174.908577014 361.224718977 0.005 0.208 0.0 0.220640569395 19 281 89
177 40 -202.971449438 417.350463825 0.045 0.109 0.25 0.392361111111 12 288 89
178 8 -145.589588077 302.586741103 0.005 0.505 0.0 0.016393442623 117 183 89
179 4 -176.939472954 365.286510858 0.005 0.109 0.142857142857 0.255972696246 7 293 89
180 8 -148.460833292 308.329231534 0.005 0.307 0.0 0.0625 76 224 89
181 4 -185.044352438 381.496269825 0.005 0.109 nan 0.283333333333 0 300 89
183 5 -163.191874916 337.791314782 0.005 0.208 0.142857142857 0.201365187713 7 293 89
184 3 -171.626452469 354.660469887 0.005 0.208 nan 0.223333333333 0 300 89
185 7 -151.527552856 314.462670662 0.005 0.406 0.0 0.0591133004926 97 203 89
186 11 -135.082343933 281.572252815 0.005 0.307 0.333333333333 0.144781144781 3 297 89
187 8 -164.891176797 341.189918543 0.005 0.307 0.0 0.0478723404255 112 188 89
188 20 -153.614763556 318.637092061 0.005 0.307 0.0 0.0940170940171 66 234 89
189 3 -159.35536619 330.118297328 0.005 0.208 0.0408163265306 0.163346613546 49 251 89
190 32 -185.431908797 382.271382543 0.005 0.109 nan 0.3 0 300 89
192 7 -164.057207055 339.52197906 0.005 0.208 0.0149253731343 0.111587982833 67 233 89
193 2 -148.53868332 308.484931589 0.005 0.307 0.0 0.101960784314 45 255 89
194 9 -147.108534984 305.624634917 0.005 0.307 0.0 0.0894308943089 54 246 89
195 9 -161.139978319 333.687521587 0.005 0.307 0.0 0.0970464135021 63 237 89
196 0 -138.14599984 287.699564629 0.005 0.307 0.0 0.0846153846154 40 260 89
197 23 -180.49336545 372.39429585 0.005 0.109 nan 0.29 0 300 89
198 8 -95.8624999675 203.132564884 0.005 0.901 0.0 0.00819672131148 56 244 89
199 11 -154.661640641 320.730846231 0.005 0.307 0.0 0.118279569892 21 279 89
200 22 -154.281391068 319.970347086 0.005 0.307 0.0 0.0848214285714 76 224 89
202 17 -159.74882678 330.90521851 0.005 0.406 0.0 0.0459183673469 104 196 89
203 7 -126.072827592 263.553220134 0.005 0.604 0.0 0.0135746606335 79 221 89
204 22 -147.906012031 307.219589011 0.005 0.208 0.2 0.162068965517 10 290 89
206 32 -131.191490033 273.790545015 0.005 0.505 0.0 0.0235849056604 88 212 89
207 6 -147.315920085 306.03940512 0.005 0.505 0.0 0.0110497237569 119 181 89
208 34 -173.522802992 358.453170933 0.005 0.109 nan 0.25 0 300 89
