1536 5 -151.431335092 314.270235133 0.005 0.307 0.0 0.0692640692641 69 231 46
1537 12 -178.144724855 367.69701466 0.005 0.307 0.0 0.00649350649351 146 154 46
1538 32 -167.057052444 345.521669838 0.005 0.208 nan 0.226666666667 0 300 46
1539 24 -133.565710068 278.538985086 0.005 0.703 0.0 0.00985221674877 97 203 46
1540 8 -150.038746896 311.485058741 0.005 0.208 nan 0.2 0 300 46
1541 11 -181.601853325 374.6112716 0.005 0.109 0.04 0.208 50 250 46
1542 7 -136.307278447 284.022121844 0.005 0.406 0.0 0.0468085106383 65 235 46
1543 7 -139.80078472 291.00913439 0.005 0.208 nan 0.173333333333 0 300 46
1544 13 -131.467321015 274.34220698 0.005 0.505 0.0 0.0177777777778 75 225 46
1545 25 -116.918408198 245.244381346 0.005 0.604 0.0 0.0212765957447 65 235 46
1546 12 -113.643276471 238.694117892 0.005 0.802 0.0 0.00454545454545 80 220 46
1547 23 -206.643668156 424.694901261 0.205 0.109 0.519230769231 0.427419354839 52 248 46
1549 27 -193.069380033 397.546325014 0.005 0.208 0.0 0.0275862068966 155 145 46
1550 4 -169.092501279 349.592567508 0.005 0.208 0.0 0.19512195122 54 246 46
1553 11 -131.85713897 275.121842889 0.005 0.604 0.0 0.00990099009901 98 202 46
140 11 -150.73071062 312.868986188 0.005 0.406 0.0 0.021978021978 118 182 46
141 4 -153.43121866 318.27000227 0.005 0.307 0.0126582278481 0.0769230769231 79 221 46
142 10 -142.616509756 296.640584462 0.005 0.505 0.0 0.00520833333333 108 192 46
143 21 -200.757138835 412.92184262 0.01 0.109 nan 0.363333333333 0 300 46
144 16 -185.883492179 383.174549308 0.005 0.208 0.0 0.0310559006211 139 161 46
145 10 -147.386369824 306.180304598 0.005 0.307 0.0 0.124528301887 35 265 46
146 24 -152.069246772 315.546058494 0.005 0.208 0.0 0.179310344828 10 290 46
147 11 -119.012962225 249.433489399 0.005 0.604 0.0 0.0361445783133 51 249 46
148 3 -135.40965027 282.226865489 0.005 0.307 0.0 0.0801526717557 38 262 46
149 5 -168.662999122 348.733563193 0.005 0.208 nan 0.223333333333 0 300 46
150 25 -128.829042277 269.065649503 0.005 0.406 0.0333333333333 0.0625 60 240 46
151 21 -164.418476055 340.244517059 0.005 0.307 0.0 0.0959595959596 102 198 46
152 9 -156.937135128 325.281835205 0.005 0.307 0.0 0.0368421052632 110 190 46
153 15 -191.476836052 394.361237054 0.005 0.109 nan 0.323333333333 0 300 46
154 3 -158.691166883 328.789898715 0.005 0.307 0.0 0.0991379310345 68 232 46
155 0 -130.945479345 273.29852364 0.005 0.505 0.0 0.0325581395349 85 215 46
157 8 -133.355058188 278.117681325 0.005 0.406 0.0 0.0508474576271 64 236 46
158 9 -159.6883716 330.784308149 0.005 0.307 0.0 0.07 100 200 46
159 15 -93.7647238166 198.937012582 0.005 0.901 0.0 0.0156862745098 45 255 46
160 29 -155.960426245 323.32841744 0.005 0.307 0.0108695652174 0.0528846153846 92 208 46
161 4 -141.627161937 294.661888823 0.005 0.307 0.0263157894737 0.0992366412214 38 262 46
162 19 -188.182618516 387.772801982 0.005 0.109 nan 0.303333333333 0 300 46
163 3 -161.670793347 334.749151643 0.005 0.208 0.1 0.210344827586 10 290 46
164 2 -177.327419459 366.062403867 0.005 0.109 nan 0.256666666667 0 300 46
165 12 -183.483636144 378.374837237 0.005 0.109 0.0 0.261363636364 36 264 46
166 1 -173.121246246 357.65005744 0.005 0.208 0.0 0.0954773869347 101 199 46
168 37 -120.878945462 253.165455873 0.005 0.505 0.0 0.0520446096654 31 269 46
170 12 -147.355914849 306.119394647 0.005 0.307 0.0 0.122222222222 30 270 46
171 5 -166.814458282 345.036481513 0.005 0.307 0.0116279069767 0.0794392523364 86 214 46
172 9 -162.342781179 336.093127307 0.005 0.307 0.0 0.0783410138249 83 217 46
173 5 -176.724449127 364.856463204 0.005 0.208 0.0 0.164556962025 63 237 46
174 1 -127.660625666 266.728816282 0.005 0.802 0.0 0.00947867298578 89 211 46
175 12 -136.589487248 284.586539445 0.005 0.406 0.0 0.0460829493088 83 217 46
176 21 -119.395175619 250.197916188 0.005 0.604 0.0 0.0266666666667 75 225 46
177 40 -206.5345189 424.476602749 0.005 0.01 nan 0.426666666667 0 300 46
178 8 -141.31498945 294.037543849 0.005 0.406 0.0 0.0674603174603 48 252 46
179 4 -172.687923295 356.78341154 0.005 0.208 0.125 0.219178082192 8 292 46
180 8 -173.372488983 358.152542915 0.005 0.208 0.0 0.198443579767 43 257 46
181 4 -178.212139031 367.831843011 0.005 0.109 0.111111111111 0.247422680412 9 291 46
183 5 -137.522751662 286.453068274 0.005 0.406 0.0 0.0666666666667 60 240 46
184 3 -126.255516965 263.918598879 0.005 0.604 0.0 0.0189573459716 89 211 46
185 7 -137.229717249 285.866999446 0.005 0.406 0.0 0.0652173913043 70 230 46
186 11 -156.402323288 324.212211525 0.005 0.307 0.0 0.0779220779221 69 231 46
187 8 -145.969265678 303.346096306 0.005 0.208 nan 0.193333333333 0 300 46
188 20 -151.606545468 314.620655886 0.005 0.208 0.142857142857 0.180887372014 7 293 46
189 3 -123.755367749 258.918300447 0.005 0.406 0.0 0.0676691729323 34 266 46
190 32 -195.524151338 402.455867626 0.015 0.109 nan 0.35 0 300 46
192 7 -157.213235062 325.834035073 0.005 0.307 0.0307692307692 0.106382978723 65 235 46
193 2 -161.055022637 333.517610223 0.005 0.208 0.0217391304348 0.185039370079 46 254 46
194 9 -186.252505337 383.912575623 0.005 0.208 0.0 0.0602409638554 134 166 46
195 9 -123.409112146 258.225789241 0.005 0.802 0.0 0.00925925925926 84 216 46
196 0 -146.815901627 305.039368204 0.005 0.406 0.0 0.0682730923695 51 249 46
197 23 -181.471987734 374.351540418 0.005 0.109 nan 0.283333333333 0 300 46
198 8 -158.179946975 327.767458899 0.005 0.406 0.0 0.00588235294118 130 170 46
199 11 -150.744717476 312.896999902 0.005 0.307 0.0 0.119521912351 49 251 46
200 22 -108.343682986 228.094930921 0.005 0.703 0.0 0.024 50 250 46
202 17 -160.686512714 332.780590377 0.005 0.208 0.0 0.175824175824 27 273 46
203 7 -109.391194005 230.189952959 0.005 1.0 0.0 0.0 81 219 46
204 22 -148.688782365 308.785129679 0.005 0.307 0.0161290322581 0.0756302521008 62 238 46
206 32 -97.6724263035 206.752417556 0.005 1.0 0.0 0.0 74 226 46
207 6 -103.29028025 217.98812545 0.005 1.0 0.0 0.00444444444444 75 225 46
208 34 -152.678035794 316.763636536 0.005 0.208 nan 0.2 0 300 46
212 1 -137.242101693 285.891768336 0.005 0.505 0.0125 0.0409090909091 80 220 46
213 18 -207.40691566 426.221396269 0.005 0.01 nan 0.456666666667 0 300 46
215 8 -119.860658466 251.128881882 0.005 0.406 0.0 0.0949152542373 5 295 46
216 1 -124.348715652 260.104996254 0.005 0.604 0.0 0.0253164556962 63 237 46
217 16 -155.531382352 322.470329653 0.005 0.307 0.0 0.0625 92 208 46
218 3 -154.369090039 320.145745027 0.005 0.208 0.5 0.197986577181 2 298 46
220 26 -134.36194824 280.131461429 0.005 0.505 0.0545454545455 0.0530612244898 55 245 46
221 3 -112.979026149 237.365617247 0.005 0.604 0.0 0.0340909090909 36 264 46
223 15 -129.144074378 269.695713705 0.005 0.901 0.0 0.0 110 190 46
225 4 -115.119125269 241.645815487 0.005 0.505 0.0 0.0555555555556 30 270 46
226 22 -155.342744308 322.093053564 0.005 0.307 0.0 0.114624505929 47 253 46
227 39 -161.39811891 334.203802769 0.005 0.208 1.0 0.214046822742 1 299 46
228 12 -143.493372164 298.394309278 0.005 0.307 0.0 0.0717299578059 63 237 46
229 16 -160.689587014 332.786738977 0.005 0.406 0.0 0.0591133004926 97 203 46
230 8 -180.962171001 373.331906951 0.005 0.307 0.0 0.0333333333333 150 150 46
231 40 -153.363853028 318.135271006 0.005 0.208 nan 0.186666666667 0 300 46
232 7 -155.237455473 321.882475896 0.005 0.307 0.0 0.0782608695652 70 230 46
234 8 -177.238752842 365.885070633 0.005 0.307 0.0 0.00694444444444 156 144 46
235 11 -164.076458159 339.560481267 0.005 0.406 0.0 0.0124223602484 139 161 46
236 12 -171.274914178 353.957393306 0.005 0.208 0.0 0.195804195804 14 286 46
237 3 -134.698672466 280.804909882 0.005 0.406 0.0 0.0579150579151 41 259 46
238 25 -152.52233887 316.45224269 0.005 0.307 0.0 0.110294117647 28 272 46
240 3 -170.701115002 352.809794953 0.005 0.307 0.0 0.0561797752809 122 178 46
241 4 -161.518128958 334.443822865 0.005 0.208 0.0192307692308 0.153225806452 52 248 46
242 7 -102.974058192 217.355681333 0.005 0.802 0.0 0.00884955752212 74 226 46
243 13 -175.557956148 362.523477245 0.005 0.208 0.0322580645161 0.219330855019 31 269 46
244 28 -176.315527947 364.038620843 0.005 0.208 0.0 0.0898876404494 122 178 46
245 9 -142.818368271 297.044301492 0.005 0.307 0.0238095238095 0.104651162791 42 258 46
247 15 -144.724438607 300.856442163 0.005 0.208 0.0588235294118 0.173144876325 17 283 46
248 35 -189.274841095 389.95724714 0.005 0.109 0.0 0.292418772563 23 277 46
253 4 -123.380591727 258.168748404 0.005 0.604 0.0 0.0275229357798 82 218 46
256 10 -124.75194272 260.911450389 0.005 0.802 0.0 0.00487804878049 95 205 46
257 24 -135.757594704 282.922754358 0.005 0.505 0.0 0.0386266094421 67 233 46
258 8 -139.412911918 290.233388785 0.005 0.505 0.0 0.0387931034483 68 232 46
259 14 -148.395259636 308.198084222 0.005 0.406 0.0 0.0357142857143 104 196 46
260 13 -134.132447921 279.672460791 0.005 0.307 nan 0.14 0 300 46
261 7 -194.71402895 400.83562285 0.005 0.109 nan 0.333333333333 0 300 46
262 11 -114.838290318 241.084145585 0.005 0.901 0.0 0.0 84 216 46
263 8 -129.834326226 271.076217402 0.005 0.703 0.0 0.0093896713615 87 213 46
264 3 -161.013715171 333.434995292 0.005 0.406 0.0 0.0362694300518 107 193 46
1519 17 -177.841841518 367.091247986 0.005 0.109 nan 0.263333333333 0 300 46
1520 4 -193.198989159 397.805543266 0.005 0.208 0.0 0.0328947368421 148 152 46
1521 17 -123.560580623 258.528726196 0.005 0.505 0.0 0.030701754386 72 228 46
1523 14 -169.482294067 350.372153083 0.005 0.208 nan 0.226666666667 0 300 46
1524 11 -165.343917132 342.095399213 0.005 0.208 0.0 0.135964912281 72 228 46
1525 12 -153.321407443 318.050379835 0.005 0.208 0.0526315789474 0.167259786477 19 281 46
1526 11 -149.28554578 309.97865651 0.005 0.307 0.0126582278481 0.0769230769231 79 221 46
1527 15 -169.864126898 351.135818744 0.005 0.208 0.666666666667 0.225589225589 3 297 46
1528 2 -125.595910121 262.599385191 0.005 0.505 0.0 0.0448979591837 55 245 46
1529 2 -145.719378266 302.846321482 0.005 0.604 0.0 0.0151515151515 102 198 46
1530 15 -167.756411793 346.920388535 0.005 0.208 0.5 0.218120805369 2 298 46
1531 10 -161.182063779 333.771692507 0.005 0.307 0.0 0.1 80 220 46
1532 15 -136.537456546 284.482478042 0.005 0.406 0.0 0.0468085106383 65 235 46
1533 22 -106.626104491 224.659773932 0.005 1.0 0.0 0.0 71 229 46
1534 19 -170.506971908 352.421508766 0.005 0.208 nan 0.24 0 300 46
1535 15 -165.216672126 341.840909201 0.005 0.208 0.0 0.132295719844 43 257 46
1536 5 -157.957989609 327.323544166 0.005 0.208 0.0 0.188153310105 13 287 47
1537 12 -156.794650884 324.996866718 0.005 0.208 0.333333333333 0.19387755102 6 294 47
1538 32 -171.969069752 355.345704454 0.005 0.208 nan 0.243333333333 0 300 47
1539 24 -133.595863805 278.599292559 0.005 0.505 0.0113636363636 0.0377358490566 88 212 47
1540 8 -167.349997703 346.107560356 0.005 0.307 0.0 0.0569948186528 107 193 47
1541 11 -139.852263828 291.112092606 0.005 0.307 0.0 0.0745098039216 45 255 47
1542 7 -155.524574067 322.456713084 0.005 0.307 0.0212765957447 0.126482213439 47 253 47
1543 7 -158.597730418 328.603025786 0.005 0.505 0.0 0.00606060606061 135 165 47
1544 13 -154.972070007 321.351704964 0.005 0.307 0.0153846153846 0.0893617021277 65 235 47
1545 25 -174.763856142 360.935277233 0.005 0.109 0.25 0.243243243243 4 296 47
1546 12 -156.965261622 325.338088192 0.005 0.505 0.0 0.0163043478261 116 184 47
1547 23 -207.318706017 426.044976984 0.005 0.01 nan 0.463333333333 0 300 47
1549 27 -176.952556353 365.312677656 0.005 0.208 0.0117647058824 0.125581395349 85 215 47
1550 4 -147.292342719 305.992250387 0.005 0.307 0.0 0.124555160142 19 281 47
1553 11 -109.608709856 230.624984661 0.005 1.0 0.013698630137 0.00440528634361 73 227 47
140 11 -156.399977458 324.207519865 0.005 0.307 0.0 0.0625 92 208 47
141 4 -161.583454916 334.57447478 0.005 0.208 0.333333333333 0.205387205387 3 297 47
142 10 -164.94889771 341.30536037 0.005 0.406 0.0 0.0276243093923 119 181 47
143 21 -193.457672549 398.322910047 0.005 0.109 nan 0.32 0 300 47
144 16 -124.661258408 260.730081765 0.005 0.703 0.0 0.0188679245283 88 212 47
145 10 -124.428473284 260.264511517 0.005 0.604 0.0 0.025 60 240 47
146 24 -166.116141093 343.639847135 0.005 0.208 0.0 0.179104477612 32 268 47
147 11 -158.187272361 327.782109672 0.005 0.406 0.0 0.010582010582 111 189 47
148 3 -154.835903547 321.079372044 0.005 0.208 1.0 0.204013377926 1 299 47
149 5 -145.151139693 301.709844335 0.005 0.406 0.0 0.0510638297872 65 235 47
150 25 -140.410140832 292.227846613 0.005 0.505 0.0 0.0341463414634 95 205 47
151 21 -137.287913101 285.983391152 0.005 0.406 0.0 0.041095890411 81 219 47
152 9 -159.022115936 329.451796821 0.005 0.307 0.00952380952381 0.0564102564103 105 195 47
153 15 -181.492881165 374.393327279 0.005 0.109 nan 0.293333333333 0 300 47
154 3 -149.416772197 310.241109343 0.005 0.307 0.5 0.125 4 296 47
155 0 -145.508491326 302.424547602 0.005 0.505 0.0 0.0157068062827 109 191 47
157 8 -181.801695828 375.010956604 0.005 0.109 nan 0.283333333333 0 300 47
158 9 -128.369195593 268.145956136 0.005 0.505 0.0 0.0452674897119 57 243 47
159 15 -173.815997378 359.039559705 0.005 0.406 0.0 0.0 151 149 47
160 29 -124.622387349 260.652339647 0.005 0.505 0.0 0.0544747081712 43 257 47
161 4 -157.169574847 325.746714644 0.005 0.307 0.0 0.126530612245 55 245 47
162 19 -188.213543388 387.834651726 0.01 0.109 nan 0.326666666667 0 300 47
163 3 -91.0340366215 193.475638192 0.005 1.0 0.0 0.00826446280992 58 242 47
164 2 -97.8816196309 207.170804211 0.005 0.802 0.0 0.00803212851406 51 249 47
165 12 -176.327981021 364.063526991 0.005 0.208 0.0416666666667 0.224637681159 24 276 47
166 1 -118.869453223 249.146471395 0.005 0.505 0.0 0.0364372469636 53 247 47
168 37 -133.656794575 278.721154099 0.005 0.505 0.0 0.0398230088496 74 226 47
170 12 -183.412628901 378.232822752 0.005 0.109 0.0 0.201680672269 62 238 47
171 5 -138.620639799 288.648844547 0.005 0.307 0.0 0.0888030888031 41 259 47
172 9 -130.86034408 273.128253109 0.005 0.703 0.0 0.0136363636364 80 220 47
173 5 -131.355856208 274.119277365 0.005 0.406 0.0172413793103 0.0619834710744 58 242 47
174 1 -141.87591211 295.15938917 0.005 0.406 0.0 0.0502092050209 61 239 47
175 12 -147.138251646 305.684068242 0.005 0.505 0.0 0.0 110 190 47
176 21 -185.704801538 382.817168026 0.005 0.109 nan 0.31 0 300 47
177 40 -205.416259902 422.240084753 0.105 0.109 0.3 0.411538461538 40 260 47
178 8 -168.189896544 347.787358038 0.005 0.406 0.0 0.0172413793103 126 174 47
179 4 -182.407082374 376.221729698 0.005 0.109 0.0 0.223938223938 41 259 47
180 8 -160.03430689 331.476178729 0.005 0.208 0.0 0.204225352113 16 284 47
181 4 -170.137379062 351.682323073 0.005 0.208 nan 0.22 0 300 47
183 5 -145.676877546 302.761320041 0.005 0.208 0.125 0.150684931507 8 292 47
184 3 -142.11743533 295.642435609 0.005 0.307 0.0 0.108527131783 42 258 47
185 7 -113.625503318 238.658571586 0.005 0.604 0.0 0.0426356589147 42 258 47
186 11 -171.076728179 353.561021307 0.005 0.406 0.0 0.00636942675159 143 157 47
187 8 -150.419382702 312.246330353 0.005 0.208 nan 0.19 0 300 47
188 20 -123.679553473 258.766671896 0.005 0.406 0.0 0.0921985815603 18 282 47
189 3 -193.385646297 398.178857543 0.005 0.109 0.0260869565217 0.189189189189 115 185 47
190 32 -195.574304391 402.556173731 0.005 0.109 nan 0.343333333333 0 300 47
192 7 -142.757509749 296.922584448 0.005 0.505 0.0 0.0384615384615 92 208 47
193 2 -166.276002365 343.95956968 0.005 0.307 0.0 0.0466321243523 107 193 47
194 9 -107.35854065 226.12464625 0.005 0.802 0.0 0.020325203252 54 246 47
195 9 -163.439286375 338.286137698 0.005 0.208 0.666666666667 0.188552188552 3 297 47
196 0 -182.952136474 377.311837897 0.005 0.307 0.0 0.0196078431373 147 153 47
197 23 -174.765510669 360.938586288 0.005 0.208 0.0 0.154761904762 48 252 47
198 8 -135.226761046 281.861087041 0.005 0.505 0.0 0.0434782608696 70 230 47
199 11 -147.537692878 306.482950705 0.005 0.208 0.0588235294118 0.159010600707 17 283 47
200 22 -150.166138508 311.739841965 0.005 0.307 0.0 0.0599078341014 83 217 47
202 17 -178.38955283 368.186670608 0.005 0.109 nan 0.266666666667 0 300 47
203 7 -137.153011469 285.713587887 0.005 0.406 0.0540540540541 0.0760456273764 37 263 47
204 22 -180.395718561 372.199002072 0.005 0.307 0.0 0.0263157894737 148 152 47
206 32 -137.93295304 287.27347103 0.005 0.406 0.0 0.0384615384615 92 208 47
207 6 -96.2604563344 203.928477618 0.005 0.703 0.0 0.0340909090909 36 264 47
208 34 -149.091160965 309.589886879 0.005 0.505 0.0 0.00540540540541 115 185 47
212 1 -136.869166088 285.145897124 0.005 0.505 0.0 0.04 75 225 47
213 18 -207.519254279 426.446073507 0.005 0.01 nan 0.473333333333 0 300 47
215 8 -107.124963625 225.6574922 0.005 1.0 0.0 0.0045871559633 82 218 47
216 1 -106.69583553 224.799236009 0.005 0.901 0.0 0.0 76 224 47
217 16 -157.355984524 326.119533998 0.005 0.208 0.25 0.209459459459 4 296 47
218 3 -144.128168337 299.663901623 0.005 0.208 nan 0.186666666667 0 300 47
220 26 -150.785717121 312.978999192 0.005 0.406 0.0 0.0106951871658 113 187 47
221 3 -165.844098295 343.095761539 0.005 0.208 nan 0.23 0 300 47
223 15 -151.00766357 313.422892089 0.005 0.406 0.0352941176471 0.0744186046512 85 215 47
225 4 -126.585802103 264.579169156 0.005 0.505 0.0 0.0406504065041 54 246 47
226 22 -91.4357432259 194.279051401 0.005 1.0 0.0 0.00796812749004 49 251 47
227 39 -155.416857328 322.241279605 0.005 0.208 0.0666666666667 0.168421052632 15 285 47
228 12 -118.947080325 249.3017256 0.005 0.505 0.0 0.0542635658915 42 258 47
229 16 -151.312004715 314.031574379 0.005 0.208 0.0769230769231 0.174216027875 13 287 47
230 8 -110.828452012 233.064468973 0.005 0.703 0.0 0.0169491525424 64 236 47
231 40 -112.725893601 236.859352152 0.005 0.604 0.0 0.0243902439024 54 246 47
232 7 -120.702577634 252.812720217 0.005 0.505 0.0 0.0553359683794 47 253 47
234 8 -141.245130672 293.897826294 0.005 0.307 0.0 0.113970588235 28 272 47
235 11 -137.277197144 285.961959237 0.005 0.406 0.0 0.0853658536585 54 246 47
236 12 -162.742516995 336.892598939 0.005 0.208 0.0 0.176258992806 22 278 47
237 3 -154.094806935 319.597178819 0.005 0.208 0.4 0.176271186441 5 295 47
238 25 -139.418898544 290.245362037 0.005 0.505 0.0 0.0444444444444 75 225 47
240 3 -119.268055285 249.94367552 0.005 0.703 0.0 0.0300429184549 67 233 47
241 4 -140.387253132 292.182071214 0.005 0.604 0.0 0.0182648401826 81 219 47
242 7 -153.025616839 317.458798628 0.005 0.505 0.0 0.0159574468085 112 188 47
243 13 -118.461192936 248.329950821 0.005 0.703 0.0 0.00917431192661 82 218 47
244 28 -100.596554702 212.600674353 0.005 0.901 0.0 0.00816326530612 55 245 47
245 9 -163.038329304 337.484223557 0.005 0.208 0.0 0.138059701493 32 268 47
247 15 -157.877893278 327.163351506 0.005 0.307 0.0 0.116666666667 60 240 47
248 35 -152.962440167 317.332445283 0.005 0.208 0.166666666667 0.166666666667 6 294 47
253 4 -116.528265932 244.464096814 0.005 0.703 0.0 0.0290456431535 59 241 47
256 10 -158.658169896 328.723904742 0.005 0.307 0.0 0.0579710144928 93 207 47
257 24 -147.683402445 306.774369839 0.005 0.208 0.333333333333 0.158249158249 3 297 47
258 8 -182.052185218 375.511935385 0.005 0.109 0.0 0.266666666667 15 285 47
259 14 -144.794239551 300.996044052 0.005 0.307 0.0 0.08984375 44 256 47
260 13 -169.342457469 350.092479887 0.005 0.208 0.0188679245283 0.165991902834 53 247 47
261 7 -192.322971429 396.053507807 0.01 0.109 0.166666666667 0.329931972789 6 294 47
262 11 -152.105847887 315.619260723 0.005 0.406 0.0 0.0490196078431 96 204 47
263 8 -137.066738757 285.541042463 0.005 0.703 0.0 0.0 117 183 47
264 3 -132.309467331 276.02649961 0.005 0.604 0.0133333333333 0.0266666666667 75 225 47
1519 17 -162.634962413 336.677489775 0.005 0.208 0.0 0.201388888889 12 288 47
1520 4 -100.287879255 211.98332346 0.005 0.901 0.0 0.0122950819672 56 244 47
1521 17 -112.785168232 236.977901414 0.005 0.703 0.0 0.0 77 223 47
1523 14 -159.34481053 330.097186009 0.005 0.208 0.0 0.164874551971 21 279 47
1524 11 -151.487402278 314.382369506 0.005 0.307 0.0 0.0864197530864 57 243 47
1525 12 -152.118567314 315.644699578 0.005 0.406 0.010989010989 0.0574162679426 91 209 47
1526 11 -155.573061866 322.553688681 0.005 0.307 0.00980392156863 0.0505050505051 102 198 47
1527 15 -165.905024079 343.217613107 0.005 0.208 0.0 0.220735785953 1 299 47
1528 2 -124.320428747 260.048422444 0.005 0.703 0.0 0.00952380952381 90 210 47
1529 2 -148.661465511 308.730495971 0.005 0.406 0.0120481927711 0.0460829493088 83 217 47
1530 15 -150.099826259 311.607217468 0.005 0.208 nan 0.193333333333 0 300 47
1531 10 -105.766643595 222.94085214 0.005 0.802 0.0 0.0123966942149 58 242 47
1532 15 -148.555946602 308.519458153 0.005 0.208 nan 0.163333333333 0 300 47
1533 22 -123.925740946 259.259046841 0.005 0.703 0.0 0.0 99 201 47
1534 19 -180.053796215 371.51515738 0.005 0.109 nan 0.27 0 300 47
1535 15 -159.983590177 331.374745303 0.005 0.208 0.1 0.2 10 290 47
1536 5 -122.770635087 256.948835124 0.005 0.703 0.0 0.00904977375566 79 221 48
1537 12 -97.0572717783 205.522108506 0.005 0.802 0.0 0.00877192982456 72 228 48
1538 32 -156.566240712 324.540046373 0.005 0.208 0.0588235294118 0.148409893993 17 283 48
1539 24 -139.017494394 289.442553738 0.005 0.307 0.0 0.141843971631 18 282 48
1540 8 -170.936826295 353.281217539 0.005 0.208 0.0 0.132478632479 66 234 48
1541 11 -169.091885543 349.591336036 0.005 0.208 nan 0.24 0 300 48
1542 7 -173.104002636 357.615570222 0.005 0.109 nan 0.25 0 300 48
1543 7 -107.914648323 227.236861595 0.005 0.505 0.0 0.0436507936508 48 252 48
1544 13 -93.1771699358 197.761904821 0.005 1.0 0.0 0.00416666666667 60 240 48
1545 25 -159.270701967 329.948968884 0.005 0.208 0.0 0.143396226415 35 265 48
1546 12 -168.395437911 348.198440772 0.005 0.406 0.0 0.0111731843575 121 179 48
1547 23 -206.536551626 424.480668202 0.005 0.01 nan 0.433333333333 0 300 48
1549 27 -140.302611414 292.012787777 0.005 0.505 0.0 0.0150753768844 101 199 48
1550 4 -147.757972021 306.923508992 0.005 0.307 0.0 0.111538461538 40 260 48
1553 11 -139.277796738 289.963158425 0.005 0.406 0.0113636363636 0.0330188679245 88 212 48
140 11 -85.2257307561 181.859026462 0.005 1.0 0.0 0.0 57 243 48
141 4 -149.848269229 311.104103408 0.005 0.307 0.0 0.122302158273 22 278 48
142 10 -136.809966704 285.027498358 0.005 0.604 0.0 0.0152284263959 103 197 48
143 21 -194.255782101 399.919129151 0.03 0.109 0.666666666667 0.350168350168 3 297 48
144 16 -146.866186458 305.139937865 0.005 0.604 0.0 0.010582010582 111 189 48
145 10 -97.5244386485 206.456442246 0.005 1.0 0.0 0.0 71 229 48
146 24 -165.697075115 342.801715179 0.005 0.208 nan 0.23 0 300 48
147 11 -167.109210893 345.625986734 0.005 0.208 0.0 0.115740740741 84 216 48
148 3 -159.490184174 330.387933296 0.005 0.208 0.0 0.19014084507 16 284 48
149 5 -104.470921855 220.34940866 0.005 0.802 0.0 0.004329004329 69 231 48
150 25 -137.784920988 286.977406925 0.005 0.307 0.0571428571429 0.105660377358 35 265 48
151 21 -170.719844428 352.847253806 0.005 0.208 0.0 0.133928571429 76 224 48
152 9 -88.9473282337 189.302221417 0.005 1.0 0.0 0.0078125 44 256 48
153 15 -188.920974094 389.249513137 0.005 0.109 nan 0.3 0 300 48
154 3 -146.540161499 304.487887946 0.005 0.604 0.0 0.0102040816327 104 196 48
155 0 -123.024459355 257.456483659 0.005 0.604 0.0 0.0375 60 240 48
157 8 -161.771506769 334.950578487 0.005 0.208 nan 0.213333333333 0 300 48
158 9 -154.749866607 320.907298163 0.005 0.406 0.0 0.010582010582 111 189 48
159 15 -143.167674387 297.742913723 0.005 0.604 0.0 0.00520833333333 108 192 48
160 29 -167.571069308 346.549703565 0.005 0.208 0.25 0.222972972973 4 296 48
161 4 -119.808884533 251.025334015 0.005 0.703 0.0 0.00487804878049 95 205 48
162 19 -195.266840016 401.941244982 0.005 0.109 nan 0.343333333333 0 300 48
163 3 -167.331678706 346.070922362 0.005 0.208 nan 0.23 0 300 48
164 2 -147.700312408 306.808189766 0.005 0.406 0.0 0.0390243902439 95 205 48
165 12 -183.244597726 377.896760402 0.005 0.109 nan 0.3 0 300 48
166 1 -145.922704219 303.252973388 0.005 0.208 0.0 0.171140939597 2 298 48
168 37 -156.346015111 324.099595171 0.005 0.208 0.0 0.175 20 280 48
170 12 -165.896727638 343.201020226 0.005 0.208 nan 0.22 0 300 48
171 5 -169.95394257 351.31545009 0.005 0.307 0.0 0.0736842105263 110 190 48
172 9 -145.413011866 302.233588681 0.005 0.406 0.0 0.036866359447 83 217 48
173 5 -126.683014113 264.773593176 0.005 0.703 0.0 0.0182648401826 81 219 48
174 1 -159.073524524 329.554613996 0.005 0.208 0.5 0.201342281879 2 298 48
175 12 -107.8366751 227.08091515 0.005 0.802 0.0 0.0123966942149 58 242 48
176 21 -139.559017548 290.525600044 0.005 0.406 0.0 0.0588235294118 45 255 48
177 40 -200.345337966 412.098240881 0.045 0.109 0.307692307692 0.379790940767 13 287 48
178 8 -139.900397755 291.208360459 0.005 0.505 0.0117647058824 0.0325581395349 85 215 48
179 4 -180.306079801 372.019724551 0.005 0.109 nan 0.29 0 300 48
180 8 -167.64112287 346.689810689 0.005 0.208 nan 0.23 0 300 48
181 4 -165.589966553 342.587498055 0.005 0.208 0.0 0.182509505703 37 263 48
183 5 -110.756965755 232.921496459 0.005 0.604 0.02 0.024 50 250 48
184 3 -103.954480754 219.316526457 0.005 1.0 0.0 0.00436681222707 71 229 48
185 7 -174.518723846 360.445012641 0.005 0.307 0.0 0.0352941176471 130 170 48
186 11 -105.46251269 222.332590328 0.005 0.901 0.02 0.02 50 250 48
187 8 -139.598458868 290.604482685 0.005 0.307 0.0526315789474 0.156583629893 19 281 48
188 20 -135.234495083 281.876555115 0.005 0.901 0.0 0.0 109 191 48
189 3 -162.011648748 335.430862446 0.005 0.307 0.0 0.0558375634518 103 197 48
190 32 -190.795716028 392.998997005 0.005 0.109 0.0 0.291525423729 5 295 48
192 7 -136.144956538 283.697478026 0.005 0.505 0.0 0.0277777777778 84 216 48
193 2 -137.731117756 286.869800462 0.005 0.505 0.0 0.0194174757282 94 206 48
194 9 -145.586546225 302.580657399 0.005 0.307 0.0294117647059 0.131578947368 34 266 48
195 9 -147.381331532 306.170228013 0.005 0.307 0.0 0.109803921569 45 255 48
196 0 -142.892798782 297.193162512 0.005 0.307 0.0 0.145762711864 5 295 48
197 23 -192.598888309 396.605341568 0.015 0.109 1.0 0.335570469799 2 298 48
198 8 -145.921442427 303.250449804 0.005 0.406 0.0 0.0355555555556 75 225 48
199 11 -149.632586149 310.672737246 0.005 0.208 0.0 0.141379310345 10 290 48
200 22 -141.779865439 294.967295828 0.005 0.307 0.0 0.0941176470588 45 255 48
202 17 -157.68941776 326.786400468 0.005 0.208 nan 0.21 0 300 48
203 7 -137.198452247 285.804469443 0.005 0.604 0.0 0.0 111 189 48
204 22 -200.363150301 412.133865551 0.005 0.208 0.0 0.00862068965517 184 116 48
206 32 -160.597746734 332.603058418 0.005 0.208 0.0 0.154716981132 35 265 48
207 6 -133.918123685 279.243812318 0.005 0.604 0.0 0.00990099009901 98 202 48
208 34 -190.64959408 392.706753109 0.005 0.208 0.0 0.127167630058 127 173 48
212 1 -166.411588518 344.230741984 0.005 0.208 0.0344827586207 0.180811808118 29 271 48
213 18 -207.591696817 426.590958584 0.025 0.01 nan 0.48 0 300 48
215 8 -140.529471519 292.466507987 0.005 0.505 0.0 0.0304347826087 70 230 48
216 1 -145.426815258 302.261195466 0.005 0.505 0.0 0.0372093023256 85 215 48
217 16 -178.626025196 368.65961534 0.005 0.109 nan 0.26 0 300 48
218 3 -129.488289771 270.384144491 0.005 0.505 0.0 0.0423728813559 64 236 48
220 26 -113.239270787 237.886106524 0.005 0.901 0.0 0.0127659574468 65 235 48
221 3 -140.425360358 292.258285664 0.005 0.406 0.0 0.0730769230769 40 260 48
223 15 -131.289781361 273.987127671 0.005 0.505 0.0151515151515 0.0555555555556 66 234 48
225 4 -129.126972678 269.661510306 0.005 0.703 0.0 0.00975609756098 95 205 48
226 22 -131.456890398 274.321345745 0.005 0.406 0.0 0.087786259542 38 262 48
227 39 -145.824390615 303.056346179 0.005 0.406 0.0 0.0318181818182 80 220 48
228 12 -153.938333175 319.284231299 0.005 0.406 0.0 0.0434782608696 116 184 48
229 16 -167.420766261 346.249097472 0.005 0.208 0.0 0.173076923077 40 260 48
230 8 -131.711448198 274.830461346 0.005 0.703 0.0 0.0 99 201 48
231 40 -182.720536719 376.848638386 0.005 0.208 0.0 0.136363636364 102 198 48
232 7 -116.601514036 244.610593021 0.005 0.406 0.0 0.0858208955224 32 268 48
234 8 -121.387695504 254.182955957 0.005 0.703 0.0 0.0212765957447 65 235 48
235 11 -148.659571488 308.726707924 0.005 0.307 0.0 0.0794979079498 61 239 48
236 12 -182.548702357 376.504969662 0.005 0.109 0.0 0.25 28 272 48
237 3 -153.519239463 318.446043876 0.005 0.307 0.0 0.0913043478261 70 230 48
238 25 -166.096876194 343.601317337 0.005 0.307 0.0 0.0497237569061 119 181 48
240 3 -157.104832578 325.617230106 0.005 0.406 0.0 0.00515463917526 106 194 48
241 4 -142.597053692 296.601672333 0.005 0.307 0.0 0.08 50 250 48
242 7 -99.0768414823 209.561247914 0.005 0.802 0.0 0.0192307692308 40 260 48
243 13 -159.382869463 330.173303875 0.005 0.307 0.0 0.0670103092784 106 194 48
244 28 -168.829747558 349.067060065 0.005 0.208 0.0 0.168458781362 21 279 48
245 9 -159.265221295 329.93800754 0.005 0.208 nan 0.22 0 300 48
247 15 -168.488202458 348.383969865 0.005 0.208 0.0625 0.183098591549 16 284 48
248 35 -179.937471576 371.282508102 0.005 0.109 nan 0.276666666667 0 300 48
253 4 -153.026791312 317.461147574 0.005 0.406 0.0 0.045 100 200 48
256 10 -147.892194145 307.191953239 0.005 0.208 1.0 0.163879598662 1 299 48
257 24 -128.463282823 268.334130595 0.005 0.505 0.0 0.0557768924303 49 251 48
258 8 -129.697137171 270.801839291 0.005 0.406 0.0243902439024 0.0501930501931 41 259 48
259 14 -137.97707237 287.361709689 0.005 0.406 0.0212765957447 0.0830039525692 47 253 48
260 13 -121.854142713 255.115850374 0.005 0.604 0.0 0.0255319148936 65 235 48
261 7 -197.325658702 406.058882353 0.02 0.109 nan 0.366666666667 0 300 48
262 11 -132.415481311 276.238527571 0.005 0.703 0.0 0.0 107 193 48
263 8 -132.529871662 276.467308274 0.005 0.505 0.010752688172 0.0289855072464 93 207 48
264 3 -53.3509130058 118.109390961 0.005 1.0 0.0 0.00355871886121 19 281 48
1519 17 -155.431096143 322.269757235 0.005 0.208 nan 0.216666666667 0 300 48
1520 4 -141.190072259 293.787709468 0.005 0.307 0.133333333333 0.136842105263 15 285 48
1521 17 -162.014892819 335.437350586 0.005 0.307 0.0 0.0779816513761 82 218 48
1523 14 -173.348285631 358.104136211 0.005 0.208 0.181818181818 0.21107266436 11 289 48
1524 11 -161.387659935 334.182884819 0.005 0.307 0.0 0.0904761904762 90 210 48
1525 12 -147.048689819 305.504944588 0.005 0.307 0.0 0.133079847909 37 263 48
1526 11 -124.227112327 259.861789603 0.005 0.604 0.0128205128205 0.0315315315315 78 222 48
1527 15 -175.750342907 362.908250764 0.005 0.109 nan 0.256666666667 0 300 48
1528 2 -167.629610346 346.666785642 0.005 0.307 0.0 0.106280193237 93 207 48
1529 2 -132.511894562 276.431354073 0.005 0.505 0.0 0.0308370044053 73 227 48
1530 15 -109.697237951 230.802040852 0.005 0.505 0.0416666666667 0.0579710144928 24 276 48
1531 10 -160.786432107 332.980429162 0.005 0.307 0.0 0.0789473684211 72 228 48
1532 15 -170.501761328 352.411087605 0.005 0.208 0.0 0.10243902439 95 205 48
1533 22 -177.869458965 367.146482879 0.005 0.307 0.0 0.00649350649351 146 154 48
1534 19 -162.617189378 336.641943706 0.005 0.208 0.0 0.117154811715 61 239 48
1535 15 -172.545865662 356.499296274 0.005 0.208 0.0 0.196787148594 51 249 48
1536 5 -165.125923234 341.659411417 0.005 0.208 0.25 0.219594594595 4 296 49
1537 12 -125.002283918 261.412132785 0.005 0.703 0.0 0.00471698113208 88 212 49
1538 32 -165.273388312 341.954341572 0.005 0.208 nan 0.226666666667 0 300 49
1539 24 -123.811759564 259.031084077 0.005 0.802 0.0 0.0133928571429 76 224 49
1540 8 -146.451300453 304.310165855 0.005 0.208 0.0 0.147368421053 15 285 49
1541 11 -176.376672269 364.160909487 0.005 0.109 0.333333333333 0.245791245791 3 297 49
1542 7 -146.233410156 303.874385262 0.005 0.406 0.0 0.0511627906977 85 215 49
1543 7 -118.828980327 249.065525604 0.005 0.802 0.0 0.0 78 222 49
1544 13 -137.728808574 286.865182098 0.005 0.307 0.0196078431373 0.0843373493976 51 249 49
1545 25 -153.809381644 319.026328237 0.005 0.208 0.0 0.167832167832 14 286 49
1546 12 -139.099538758 289.606642466 0.005 0.604 0.0 0.00995024875622 99 201 49
1547 23 -207.691394199 426.790353347 0.015 0.01 nan 0.48 0 300 49
1549 27 -148.258392611 307.924350171 0.005 0.208 0.142857142857 0.156996587031 7 293 49
1550 4 -167.303988314 346.015541577 0.005 0.208 nan 0.24 0 300 49
1553 11 -147.817875885 307.04331672 0.005 0.406 0.0 0.0704845814978 73 227 49
140 11 -203.540052865 418.487670679 0.005 0.109 0.0 0.0 187 113 49
141 4 -165.547192481 342.501949912 0.005 0.208 0.0 0.145922746781 67 233 49
142 10 -136.857664918 285.122894785 0.005 0.505 0.0126582278481 0.0361990950226 79 221 49
143 21 -187.995484057 387.398533064 0.005 0.109 nan 0.313333333333 0 300 49
144 16 -152.564552741 316.536670431 0.005 0.406 0.0106382978723 0.0436893203883 94 206 49
145 10 -150.131106901 311.669778751 0.005 0.406 0.0 0.0509259259259 84 216 49
146 24 -154.790280808 320.988126566 0.005 0.208 0.142857142857 0.18771331058 7 293 49
147 11 -136.479475813 284.366516576 0.005 0.307 0.0 0.0804597701149 39 261 49
148 3 -172.54578929 356.499143529 0.005 0.109 nan 0.25 0 300 49
149 5 -163.957983273 339.323531496 0.005 0.307 0.0 0.0909090909091 91 209 49
150 25 -110.630503483 232.668571915 0.005 0.604 0.0 0.0313725490196 45 255 49
151 21 -108.938563819 229.284692587 0.005 0.802 0.0 0.0123456790123 57 243 49
152 9 -118.046580869 247.500726688 0.005 0.703 0.0 0.00456621004566 81 219 49
153 15 -191.712043991 394.831652932 0.005 0.109 nan 0.33 0 300 49
154 3 -162.759555823 336.926676596 0.005 0.307 0.0166666666667 0.108333333333 60 240 49
155 0 -163.73657843 338.88072181 0.005 0.406 0.00826446280992 0.0223463687151 121 179 49
157 8 -152.719890442 316.847345832 0.005 0.208 nan 0.2 0 300 49
158 9 -138.569580624 288.546726198 0.005 0.505 0.0 0.010101010101 102 198 49
159 15 -144.719028009 300.845620966 0.005 0.307 0.0 0.1171875 44 256 49
160 29 -146.065259492 303.538083932 0.005 0.406 0.0161290322581 0.0588235294118 62 238 49
161 4 -128.648926641 268.705418231 0.005 0.505 0.0 0.0337552742616 63 237 49
162 19 -199.917452036 411.242469022 0.05 0.109 0.7 0.372413793103 10 290 49
163 3 -144.597016222 300.601597393 0.005 0.307 0.0 0.123134328358 32 268 49
164 2 -165.992558269 343.392681487 0.005 0.307 0.0 0.0679611650485 94 206 49
165 12 -155.46312051 322.333805969 0.005 0.208 0.0344827586207 0.125461254613 29 271 49
166 1 -173.270204646 357.947974242 0.005 0.307 0.0 0.0471204188482 109 191 49
168 37 -131.808141246 275.023847441 0.005 0.604 0.0 0.0269058295964 77 223 49
170 12 -157.964523476 327.336611901 0.005 0.505 0.0 0.0111111111111 120 180 49
171 5 -96.6713788013 204.750322552 0.005 0.703 0.0 0.0307692307692 40 260 49
172 9 -173.548960932 358.505486813 0.005 0.109 nan 0.26 0 300 49
173 5 -159.062927065 329.53341908 0.005 0.307 0.0 0.0881057268722 73 227 49
174 1 -163.947541372 339.302647693 0.005 0.208 0.5 0.218120805369 2 298 49
175 12 -144.238605516 299.884775982 0.005 0.406 0.0 0.0692640692641 69 231 49
176 21 -135.962929533 283.333424015 0.005 0.505 0.0 0.030303030303 69 231 49
177 40 -203.403033467 418.213631884 0.025 0.109 0.5 0.375 4 296 49
178 8 -164.62116901 340.64990297 0.005 0.505 0.0 0.00617283950617 138 162 49
179 4 -177.83572858 367.079022109 0.005 0.109 nan 0.263333333333 0 300 49
180 8 -150.182404051 311.772373051 0.005 0.406 0.0 0.0434782608696 93 207 49
181 4 -162.520465545 336.448496039 0.005 0.406 0.0 0.0220994475138 119 181 49
183 5 -133.156989329 277.721543608 0.005 0.406 0.0 0.0748031496063 46 254 49
184 3 -176.640182882 364.687930713 0.005 0.208 0.0 0.158333333333 60 240 49
185 7 -164.243681716 339.894928381 0.005 0.307 0.0103092783505 0.064039408867 97 203 49
186 11 -120.187242827 251.782050603 0.005 0.505 0.0 0.0459770114943 39 261 49
187 8 -156.064814744 323.537194436 0.005 0.307 0.0111111111111 0.0666666666667 90 210 49
188 20 -169.962059293 351.331683536 0.005 0.208 0.2 0.227118644068 5 295 49
189 3 -163.596551825 338.600668599 0.005 0.208 0.0 0.168582375479 39 261 49
190 32 -200.137535674 411.682636297 0.105 0.109 0.576923076923 0.390510948905 26 274 49
192 7 -150.126151669 311.659868288 0.005 0.208 0.166666666667 0.183673469388 6 294 49
193 2 -154.052573087 319.512711124 0.005 0.406 0.00943396226415 0.0515463917526 106 194 49
194 9 -132.100359336 275.608283621 0.005 0.505 0.0161290322581 0.0294117647059 62 238 49
195 9 -172.40133264 356.21023023 0.005 0.307 0.0 0.0290697674419 128 172 49
196 0 -159.987668049 331.382901048 0.005 0.208 nan 0.216666666667 0 300 49
197 23 -181.136864453 373.681293855 0.005 0.109 nan 0.286666666667 0 300 49
198 8 -100.520114769 212.447794487 0.005 0.802 0.0 0.0238095238095 48 252 49
199 11 -146.438367007 304.284298964 0.005 0.208 0.0909090909091 0.166089965398 11 289 49
200 22 -166.698376992 344.804318934 0.005 0.307 0.0 0.0414507772021 107 193 49
202 17 -177.422591045 366.252747039 0.005 0.109 nan 0.266666666667 0 300 49
203 7 -117.596458977 246.600482903 0.005 0.406 0.0344827586207 0.0664206642066 29 271 49
204 22 -159.368357567 330.144280084 0.005 0.208 0.0555555555556 0.125 36 264 49
206 32 -169.586033947 350.579632844 0.005 0.307 0.0 0.0575916230366 109 191 49
207 6 -161.571050295 334.54966554 0.005 0.406 0.0 0.032967032967 118 182 49
208 34 -156.104328194 323.616221338 0.005 0.208 0.0 0.179577464789 16 284 49
212 1 -125.866084795 263.13973454 0.005 0.406 0.0 0.0714285714286 48 252 49
213 18 -207.716551605 426.840668159 0.115 0.01 0.615384615385 0.491289198606 13 287 49
215 8 -129.431156978 270.269878905 0.005 0.604 0.0 0.018691588785 86 214 49
216 1 -136.848490743 285.104546436 0.005 0.505 0.0 0.0340425531915 65 235 49
217 16 -170.069215606 351.545996162 0.005 0.208 0.230769230769 0.198606271777 13 287 49
218 3 -165.97893964 343.36544423 0.005 0.208 0.0769230769231 0.20802919708 26 274 49
220 26 -134.36829079 280.14414653 0.005 0.505 0.0 0.010152284264 103 197 49
221 3 -157.261189484 325.929943916 0.005 0.406 0.0 0.0164835164835 118 182 49
223 15 -148.854027379 309.115619707 0.005 0.406 0.0 0.0424528301887 88 212 49
225 4 -147.521583862 306.450732673 0.005 0.208 0.0833333333333 0.13768115942 24 276 49
226 22 -120.867016158 253.141597265 0.005 0.802 0.0 0.00966183574879 93 207 49
227 39 -134.509505177 280.426575303 0.005 0.604 0.0 0.0143540669856 91 209 49
228 12 -156.656605627 324.720776204 0.005 0.307 0.00980392156863 0.0555555555556 102 198 49
229 16 -153.532790809 318.473146567 0.005 0.307 0.0133333333333 0.0533333333333 75 225 49
230 8 -129.017608334 269.442781618 0.005 0.307 0.0 0.0833333333333 24 276 49
231 40 -134.233743026 279.875051 0.005 0.307 0.0 0.124579124579 3 297 49
232 7 -152.98516069 317.37788633 0.005 0.307 0.0 0.0714285714286 62 238 49
234 8 -83.7897522821 178.987069514 0.005 1.0 0.0 0.0 58 242 49
235 11 -128.403334748 268.214234445 0.005 0.703 0.0 0.00966183574879 93 207 49
236 12 -183.250161135 377.907887219 0.005 0.109 nan 0.293333333333 0 300 49
237 3 -146.525190105 304.45794516 0.005 0.307 0.0454545454545 0.0769230769231 66 234 49
238 25 -170.618479428 352.644523806 0.005 0.208 0.4 0.216949152542 5 295 49
240 3 -116.127720168 243.663005285 0.005 0.901 0.0 0.00473933649289 89 211 49
241 4 -145.40369235 302.214949649 0.005 0.307 0.0 0.0756972111554 49 251 49
242 7 -145.026721495 301.461007938 0.005 0.406 0.0 0.0521327014218 89 211 49
243 13 -134.121664922 279.650894794 0.005 0.604 0.0 0.0147058823529 96 204 49
244 28 -139.98642219 291.38040933 0.005 0.406 0.0 0.0569105691057 54 246 49
245 9 -142.970183916 297.347932782 0.005 0.307 0.0 0.106060606061 36 264 49
247 15 -130.324996389 272.057557727 0.005 0.406 0.0 0.0627450980392 45 255 49
248 35 -182.458039473 376.323643896 0.005 0.109 0.0140845070423 0.200873362445 71 229 49
253 4 -134.581857513 280.571279975 0.005 0.604 0.0 0.0142180094787 89 211 49
256 10 -143.859934945 299.127434838 0.005 0.406 0.0 0.0675675675676 78 222 49
257 24 -112.538339178 236.484243305 0.005 0.802 0.0 0.0129310344828 68 232 49
258 8 -138.939074116 289.285713182 0.005 0.406 0.016393442623 0.0585774058577 61 239 49
259 14 -133.157965985 277.72349692 0.005 0.604 0.0 0.00956937799043 91 209 49
260 13 -156.46170388 324.330972709 0.005 0.307 0.0 0.0787037037037 84 216 49
261 7 -196.836650625 405.0808662 0.055 0.109 0.307692307692 0.372822299652 13 287 49
262 11 -151.798997828 315.005560606 0.005 0.208 0.142857142857 0.156996587031 7 293 49
263 8 -137.84000446 287.08757387 0.005 0.703 0.0 0.00520833333333 108 192 49
264 3 -149.068501285 309.54456752 0.005 0.307 0.0126582278481 0.0723981900452 79 221 49
1519 17 -140.463113587 292.333792124 0.005 0.604 0.0 0.00985221674877 97 203 49
1520 4 -136.255376161 283.918317271 0.005 0.604 0.0 0.0 107 193 49
1521 17 -157.812777145 327.033119239 0.005 0.406 0.0 0.0216216216216 115 185 49
1523 14 -176.2839671 363.97549915 0.005 0.109 0.142857142857 0.232081911263 7 293 49
1524 11 -154.818605765 321.04477648 0.005 0.307 0.0 0.095041322314 58 242 49
1525 12 -178.018267596 367.444100141 0.005 0.208 0.0 0.168103448276 68 232 49
1526 11 -129.14300396 269.693572869 0.005 0.505 0.0 0.0493273542601 77 223 49
1527 15 -184.858225809 381.124016568 0.005 0.109 nan 0.3 0 300 49
1528 2 -177.480468413 366.368501776 0.005 0.109 0.0416666666667 0.228260869565 24 276 49
1529 2 -143.259610156 297.926785262 0.005 0.505 0.0 0.0201005025126 101 199 49
1530 15 -160.355675766 332.118916481 0.005 0.307 0.0 0.112554112554 69 231 49
1531 10 -161.670559988 334.748684925 0.005 0.307 0.0 0.104545454545 80 220 49
1532 15 -101.091172612 213.589910174 0.005 1.0 0.0 0.00448430493274 77 223 49
1533 22 -127.346665557 266.100896063 0.005 0.406 0.0416666666667 0.0714285714286 48 252 49
1534 19 -128.432249107 268.272063163 0.005 0.703 0.0 0.00934579439252 86 214 49
1535 15 -174.357968231 360.123501412 0.005 0.208 0.2 0.220689655172 10 290 49
1536 5 -128.488564225 268.384693399 0.005 0.505 0.0 0.0300429184549 67 233 50
1537 12 -160.781290465 332.970145878 0.005 0.208 0.0 0.169014084507 16 284 50
1538 32 -158.675495559 328.758556068 0.005 0.208 0.0714285714286 0.202797202797 14 286 50
1539 24 -138.720047039 288.847659027 0.005 0.307 0.0 0.0846153846154 40 260 50
1540 8 -167.11598967 345.639544288 0.005 0.208 0.0 0.182509505703 37 263 50
1541 11 -165.243873367 341.895311683 0.005 0.208 0.1 0.213793103448 10 290 50
1542 7 -175.959399975 363.3263649 0.005 0.208 0.0 0.16170212766 65 235 50
1543 7 -119.15057524 249.70871543 0.005 0.505 0.0 0.0466101694915 64 236 50
1544 13 -143.842132287 299.091829524 0.005 0.208 1.0 0.173913043478 1 299 50
1545 25 -123.34820356 258.10397207 0.005 0.703 0.0 0.00943396226415 88 212 50
1546 12 -102.816036827 217.039638603 0.005 0.901 0.0 0.0166666666667 60 240 50
1547 23 -206.845381806 425.098328561 0.005 0.01 nan 0.44 0 300 50
1549 27 -157.485946818 326.379458585 0.005 0.208 0.0344827586207 0.118081180812 29 271 50
1550 4 -154.304410531 320.016386011 0.005 0.406 0.0 0.0504587155963 82 218 50
1553 11 -125.474982164 262.357529278 0.005 0.505 0.0 0.0426356589147 42 258 50
140 11 -116.911481283 245.230527515 0.005 0.802 0.0119047619048 0.00462962962963 84 216 50
141 4 -148.536080294 308.479725538 0.005 0.307 0.0185185185185 0.109756097561 54 246 50
142 10 -138.55371906 288.515003068 0.005 0.604 0.0 0.0287081339713 91 209 50
143 21 -180.073053851 371.55367265 0.005 0.109 nan 0.286666666667 0 300 50
144 16 -132.779824488 276.967213926 0.005 0.604 0.0 0.0 94 206 50
145 10 -141.964249441 295.336063832 0.005 0.307 0.0 0.130597014925 32 268 50
146 24 -153.011998817 317.431562584 0.005 0.208 0.0 0.154135338346 34 266 50
147 11 -155.422677403 322.252919756 0.005 0.406 0.0 0.0430622009569 91 209 50
148 3 -182.887967242 377.183499433 0.005 0.109 0.0 0.240816326531 55 245 50
149 5 -143.974098473 299.355761896 0.005 0.505 0.0 0.0139534883721 85 215 50
150 25 -129.832261871 271.072088692 0.005 0.505 0.0 0.0474308300395 47 253 50
151 21 -134.06212063 279.531806209 0.005 0.604 0.0 0.00980392156863 96 204 50
152 9 -90.728842917 192.865250783 0.005 0.703 0.037037037037 0.040293040293 27 273 50
153 15 -182.108209431 375.623983811 0.005 0.109 nan 0.286666666667 0 300 50
154 3 -162.932528686 337.272622322 0.005 0.208 0.0 0.145228215768 59 241 50
155 0 -137.31956112 286.04668719 0.005 0.604 0.0 0.00534759358289 113 187 50
157 8 -174.377140483 360.161845916 0.005 0.109 nan 0.266666666667 0 300 50
158 9 -101.818059721 215.043684392 0.005 1.0 0.0 0.0 76 224 50
159 15 -140.126260857 291.660086664 0.005 0.307 0.130434782609 0.126353790614 23 277 50
160 29 -105.045595249 221.498755447 0.005 0.703 0.0 0.0232558139535 42 258 50
161 4 -104.955280007 221.318124963 0.005 0.703 0.0161290322581 0.0210084033613 62 238 50
162 19 -190.677211595 392.76198814 0.01 0.109 nan 0.33 0 300 50
163 3 -170.814066673 353.035698295 0.01 0.208 nan 0.26 0 300 50
164 2 -165.383977405 342.175519758 0.005 0.208 0.0 0.140969162996 73 227 50
165 12 -176.918005056 365.243575062 0.005 0.109 nan 0.26 0 300 50
166 1 -171.010631585 353.428828119 0.005 0.307 0.0 0.0546448087432 117 183 50
168 37 -156.253514892 323.914594733 0.005 0.208 nan 0.203333333333 0 300 50
170 12 -125.706418668 262.820402286 0.005 0.505 0.0 0.0266666666667 75 225 50
171 5 -139.898985035 291.205535019 0.005 0.505 0.0112359550562 0.0379146919431 89 211 50
172 9 -165.103031291 341.613627531 0.005 0.307 0.0108695652174 0.0528846153846 92 208 50
173 5 -162.020821121 335.449207191 0.005 0.307 0.0 0.0520833333333 108 192 50
174 1 -167.564479333 346.536523616 0.005 0.208 0.0144927536232 0.12987012987 69 231 50
175 12 -140.446858653 292.301282255 0.005 0.406 0.0 0.0645161290323 52 248 50
176 21 -173.89561359 359.19879213 0.005 0.109 nan 0.25 0 300 50
177 40 -206.422446671 424.252458292 0.005 0.01 nan 0.42 0 300 50
178 8 -145.145305828 301.698176606 0.005 0.307 0.0 0.102272727273 36 264 50
179 4 -153.178912655 317.76539026 0.005 0.307 0.0 0.109022556391 34 266 50
180 8 -144.067218173 299.542001295 0.005 0.406 0.0 0.0440528634361 73 227 50
181 4 -170.083640545 351.57484604 0.005 0.208 nan 0.233333333333 0 300 50
183 5 -104.365929132 220.139423214 0.005 0.703 0.0232558139535 0.0194552529183 43 257 50
184 3 -167.645648595 346.69886214 0.005 0.406 0.0 0.00571428571429 125 175 50
185 7 -155.383904903 322.175374755 0.005 0.406 0.0 0.0253807106599 103 197 50
186 11 -149.054965201 309.517495351 0.005 0.505 0.0 0.020725388601 107 193 50
187 8 -110.618856436 232.645277822 0.005 0.901 0.0 0.0200803212851 51 249 50
188 20 -159.379691611 330.166948172 0.005 0.307 0.0 0.121338912134 61 239 50
189 3 -132.318622541 276.044810031 0.005 0.505 0.0 0.0445344129555 53 247 50
190 32 -194.406433796 400.220432542 0.015 0.109 nan 0.346666666667 0 300 50
192 7 -159.525321084 330.458207117 0.005 0.307 0.0 0.0710900473934 89 211 50
193 2 -140.815874293 293.039313535 0.005 0.307 0.0 0.141414141414 3 297 50
194 9 -133.747005331 278.901575611 0.005 0.307 0.0 0.116197183099 16 284 50
195 9 -185.988673612 383.384912172 0.005 0.109 0.0 0.240816326531 55 245 50
196 0 -133.489311116 278.386187181 0.005 0.604 0.0 0.027149321267 79 221 50
197 23 -194.667356946 400.742278842 0.005 0.109 nan 0.336666666667 0 300 50
198 8 -108.575917555 228.559400059 0.005 0.901 0.0 0.00847457627119 64 236 50
199 11 -158.322359085 328.052283119 0.005 0.208 0.0333333333333 0.181481481481 30 270 50
200 22 -187.296177844 385.999920638 0.005 0.208 0.0 0.0 138 162 50
202 17 -178.073209484 367.553983918 0.005 0.109 0.05 0.225 20 280 50
203 7 -152.535698086 316.478961121 0.005 0.406 0.0 0.019801980198 98 202 50
204 22 -110.057006944 231.521578837 0.005 0.604 0.0 0.0381679389313 38 262 50
206 32 -120.181898584 251.771362118 0.005 0.505 0.0 0.0549019607843 45 255 50
207 6 -109.931923517 231.271411983 0.005 1.0 0.0 0.0135135135135 78 222 50
208 34 -163.519585943 338.446736836 0.005 0.307 0.0 0.0621761658031 107 193 50
212 1 -151.620232833 314.648030616 0.005 0.505 0.0 0.0394088669951 97 203 50
213 18 -204.816897382 421.041359713 0.205 0.109 0.520833333333 0.424603174603 48 252 50
215 8 -143.238558689 297.884682327 0.005 0.604 0.0 0.0054347826087 116 184 50
216 1 -101.676913755 214.761392459 0.005 1.0 0.0 0.0 66 234 50
217 16 -173.641886635 358.691338219 0.005 0.208 0.0 0.165354330709 46 254 50
218 3 -115.37988123 242.167327409 0.005 0.505 0.0 0.0586080586081 27 273 50
220 26 -120.598049515 252.603663979 0.005 0.604 0.0 0.0207468879668 59 241 50
221 3 -156.60748328 324.622531509 0.005 0.208 0.0 0.152416356877 31 269 50
223 15 -137.406003623 286.219572196 0.005 0.505 0.0128205128205 0.0495495495495 78 222 50
225 4 -129.191663112 269.790891173 0.005 0.307 0.0625 0.12676056338 16 284 50
226 22 -166.458930077 344.325425104 0.005 0.406 0.00990099009901 0.035175879397 101 199 50
227 39 -122.803580519 257.014725986 0.005 0.406 0.0 0.0557768924303 49 251 50
228 12 -135.69181242 282.791189789 0.005 0.505 0.0 0.0405405405405 78 222 50
229 16 -164.272639734 339.952844418 0.005 0.208 0.0 0.143459915612 63 237 50
230 8 -144.708613683 300.824792316 0.005 0.406 0.0 0.039603960396 98 202 50
231 40 -140.415055391 292.237675732 0.005 0.406 0.0 0.0689655172414 68 232 50
232 7 -168.850114646 349.107794241 0.005 0.307 0.0 0.0388888888889 120 180 50
234 8 -126.997786414 265.403137778 0.005 0.406 0.0344827586207 0.0922509225092 29 271 50
235 11 -161.795793041 334.999151031 0.005 0.208 0.0175438596491 0.127572016461 57 243 50
236 12 -155.466559399 322.340683748 0.005 0.208 0.0555555555556 0.184397163121 18 282 50
237 3 -154.964831276 321.337227502 0.005 0.406 0.0114942528736 0.037558685446 87 213 50
238 25 -159.928060786 331.263686522 0.005 0.307 0.0 0.0963302752294 82 218 50
240 3 -150.709037023 312.825638996 0.005 0.406 0.0 0.0167597765363 121 179 50
241 4 -150.810111112 313.027787172 0.005 0.406 0.0 0.0627802690583 77 223 50
242 7 -130.057188653 271.521942256 0.005 0.604 0.0 0.0049504950495 98 202 50
243 13 -162.555396773 336.518358495 0.005 0.307 0.0 0.0758293838863 89 211 50
244 28 -181.158083444 373.723731837 0.005 0.109 nan 0.273333333333 0 300 50
245 9 -170.782123126 352.971811202 0.005 0.208 0.153846153846 0.216027874564 13 287 50
247 15 -140.035308296 291.478181541 0.005 0.505 0.0 0.0189573459716 89 211 50
248 35 -160.694346243 332.796257436 0.005 0.208 0.0 0.163636363636 25 275 50
253 4 -150.085413944 311.578392838 0.005 0.208 0.0 0.167832167832 14 286 50
256 10 -115.274050752 241.955666452 0.005 1.0 0.0 0.0 89 211 50
257 24 -145.609102086 302.625769122 0.005 0.307 0.0 0.0912547528517 37 263 50
258 8 -156.84430815 325.09618125 0.005 0.208 nan 0.196666666667 0 300 50
259 14 -121.468802218 254.345169385 0.005 0.604 0.0392156862745 0.0281124497992 51 249 50
260 13 -165.110058063 341.627681075 0.005 0.208 nan 0.21 0 300 50
261 7 -188.07735618 387.562277309 0.005 0.109 nan 0.306666666667 0 300 50
262 11 -152.937084079 317.281733107 0.005 0.307 0.0 0.0681818181818 80 220 50
263 8 -112.522804143 236.453173235 0.005 0.604 0.0 0.0357142857143 48 252 50
264 3 -99.9902748105 211.38811457 0.005 1.0 0.0 0.0 67 233 50
1519 17 -185.937000469 383.281565888 0.005 0.208 0.0 0.0516129032258 145 155 50
1520 4 -121.850443827 255.108452603 0.005 0.604 0.0 0.0379746835443 63 237 50
1521 17 -134.171749658 279.751064266 0.005 0.406 0.0 0.0708661417323 46 254 50
1523 14 -128.816638257 269.040841464 0.005 0.703 0.0 0.0176991150442 74 226 50
1524 11 -138.638109445 288.68378384 0.005 0.505 0.0 0.0140186915888 86 214 50
1525 12 -164.824184731 341.055934411 0.005 0.208 nan 0.213333333333 0 300 50
1526 11 -146.439465494 304.286495937 0.005 0.307 0.0 0.0801687763713 63 237 50
1527 15 -150.614299073 312.636163096 0.005 0.208 1.0 0.197324414716 1 299 50
1528 2 -150.105432722 311.618430394 0.005 0.406 0.0 0.021164021164 111 189 50
1529 2 -107.981619561 227.370804072 0.005 0.901 0.0 0.00892857142857 76 224 50
1530 15 -144.42834333 300.26425161 0.005 0.307 0.08 0.130909090909 25 275 50
1531 10 -152.969143367 317.345851683 0.005 0.307 0.0169491525424 0.107883817427 59 241 50
1532 15 -150.620244396 312.648053741 0.005 0.307 0.0 0.0796460176991 74 226 50
1533 22 -136.583907167 284.575379283 0.005 0.505 0.0 0.0396475770925 73 227 50
1534 19 -136.153955982 283.715476914 0.005 0.802 0.0 0.0 111 189 50
1535 15 -173.722189889 358.851944727 0.005 0.109 nan 0.243333333333 0 300 50
