1536 5 -148.572967262 308.553499473 0.005 0.307 0.0 0.0829875518672 59 241 71
1537 12 -166.546340096 344.500245142 0.005 0.307 0.0 0.0773195876289 106 194 71
1538 32 -157.405111943 326.217788835 0.005 0.208 0.0 0.150684931507 8 292 71
1539 24 -124.681181741 260.769928432 0.005 0.703 0.0 0.00961538461538 92 208 71
1540 8 -155.287104971 321.981774891 0.005 0.208 0.0 0.174377224199 19 281 71
1541 11 -154.060695679 319.528956307 0.005 0.208 nan 0.213333333333 0 300 71
1542 7 -148.365513271 308.138591492 0.005 0.208 nan 0.2 0 300 71
1543 7 -150.78144861 312.970462169 0.005 0.307 0.0 0.106995884774 57 243 71
1544 13 -139.15747191 289.72250877 0.005 0.406 0.0 0.0688259109312 53 247 71
1545 25 -165.675141977 342.757848902 0.005 0.208 0.0 0.150627615063 61 239 71
1546 12 -151.669252239 314.746069427 0.005 0.307 0.0 0.0619047619048 90 210 71
1547 23 -207.643983055 426.695531059 0.025 0.01 nan 0.48 0 300 71
1549 27 -153.234619409 317.876803767 0.005 0.208 0.0 0.134275618375 17 283 71
1550 4 -150.992271321 313.392107592 0.005 0.307 0.0 0.0723404255319 65 235 71
1553 11 -154.498352845 320.40427064 0.005 0.208 0.0 0.156363636364 25 275 71
140 11 -138.910081163 289.227727276 0.005 0.406 0.0 0.0849420849421 41 259 71
141 4 -150.731646721 312.870858391 0.005 0.406 0.0 0.0452261306533 101 199 71
142 10 -129.075619789 269.558804528 0.005 0.604 0.0 0.0093896713615 87 213 71
143 21 -186.169495828 383.746556605 0.005 0.109 nan 0.316666666667 0 300 71
144 16 -134.600032021 280.607628991 0.005 0.505 0.0 0.0386266094421 67 233 71
145 10 -152.278181087 315.963927124 0.005 0.307 0.0161290322581 0.0966386554622 62 238 71
146 24 -154.660662297 320.728889543 0.005 0.307 0.0 0.0854700854701 66 234 71
147 11 -155.623073902 322.653712754 0.005 0.208 nan 0.2 0 300 71
148 3 -156.331314887 324.070194724 0.005 0.208 0.04 0.192727272727 25 275 71
149 5 -162.327458736 336.062482421 0.005 0.406 0.0 0.0277777777778 120 180 71
150 25 -154.233804463 319.875173875 0.005 0.307 0.0 0.0708333333333 60 240 71
151 21 -152.972746414 317.353057778 0.005 0.406 0.0 0.0344827586207 97 203 71
152 9 -129.348782887 270.105130723 0.005 0.604 0.0 0.0141509433962 88 212 71
153 15 -198.87679297 409.161150889 0.015 0.109 nan 0.356666666667 0 300 71
154 3 -100.83526615 213.07809725 0.005 1.0 0.0 0.0 80 220 71
155 0 -120.114951224 251.637467398 0.005 0.604 0.0 0.036 50 250 71
157 8 -191.509082927 394.425730804 0.005 0.208 0.0 0.120481927711 134 166 71
158 9 -137.813945887 287.035456723 0.005 0.604 0.0 0.0149253731343 99 201 71
159 15 -142.651971915 296.71150878 0.005 0.406 0.0144927536232 0.0562770562771 69 231 71
160 29 -158.500493862 328.408552673 0.005 0.208 0.166666666667 0.200680272109 6 294 71
161 4 -125.373062884 262.153690717 0.005 0.703 0.0 0.0229357798165 82 218 71
162 19 -194.629224886 400.666014721 0.025 0.109 1.0 0.354515050167 1 299 71
163 3 -132.724741791 276.857048531 0.005 0.406 0.0 0.0674157303371 33 267 71
164 2 -157.746878214 326.901321377 0.005 0.208 0.0 0.132231404959 58 242 71
165 12 -175.045886616 361.499338181 0.005 0.109 nan 0.243333333333 0 300 71
166 1 -143.920839898 299.249244745 0.005 0.406 0.0123456790123 0.0502283105023 81 219 71
168 37 -147.822347366 307.052259681 0.005 0.406 0.0 0.0616740088106 73 227 71
170 12 -152.025101997 315.457768942 0.005 0.208 1.0 0.190635451505 1 299 71
171 5 -136.894395084 285.196355117 0.005 0.406 0.0 0.0851851851852 30 270 71
172 9 -157.03389383 325.47535261 0.005 0.307 0.0 0.0691244239631 83 217 71
173 5 -167.721281735 346.85012842 0.005 0.307 0.0 0.0508474576271 123 177 71
174 1 -158.16784912 327.74326319 0.005 0.208 0.0 0.151020408163 55 245 71
175 12 -169.72181938 350.851203709 0.005 0.208 0.0142857142857 0.134782608696 70 230 71
176 21 -173.664578263 358.736721476 0.005 0.208 0.0 0.231833910035 11 289 71
177 40 -203.852983888 419.113532725 0.16 0.109 0.631578947368 0.412213740458 38 262 71
178 8 -162.346813632 336.101192212 0.005 0.208 0.0 0.156779661017 64 236 71
179 4 -178.634456076 368.6764771 0.005 0.109 nan 0.266666666667 0 300 71
180 8 -153.075822261 317.559209472 0.005 0.406 0.0 0.0555555555556 84 216 71
181 4 -185.001100173 381.409765296 0.005 0.109 nan 0.303333333333 0 300 71
183 5 -161.554482646 334.51653024 0.005 0.208 0.0 0.159010600707 17 283 71
184 3 -154.13373941 319.675043768 0.005 0.208 0.142857142857 0.191126279863 7 293 71
185 7 -148.715922831 308.839410611 0.005 0.307 0.0 0.102127659574 65 235 71
186 11 -147.695425317 306.798415584 0.005 0.406 0.0 0.047619047619 90 210 71
187 8 -165.718692055 342.84494906 0.005 0.208 0.0 0.172284644195 33 267 71
188 20 -155.603658547 322.614882043 0.005 0.208 nan 0.206666666667 0 300 71
189 3 -168.179037105 347.76563916 0.005 0.208 nan 0.226666666667 0 300 71
190 32 -192.324899366 396.057363682 0.03 0.109 0.25 0.349315068493 8 292 71
192 7 -165.828103206 343.063771361 0.005 0.208 0.0 0.16 50 250 71
193 2 -122.013204735 255.433974419 0.005 0.703 0.0 0.00913242009132 81 219 71
194 9 -116.014938019 243.437440987 0.005 0.604 0.0 0.0257510729614 67 233 71
195 9 -127.628430338 266.664425626 0.005 0.604 0.0 0.0350877192982 72 228 71
196 0 -166.832057139 345.071679227 0.005 0.208 0.0 0.123853211009 82 218 71
197 23 -194.495553956 400.398672861 0.01 0.109 nan 0.353333333333 0 300 71
198 8 -128.971234644 269.350034238 0.005 0.505 0.0217391304348 0.0590551181102 46 254 71
199 11 -152.466706034 316.340977018 0.005 0.208 0.181818181818 0.176470588235 11 289 71
200 22 -143.162908468 297.733381886 0.005 0.406 0.0 0.0822510822511 69 231 71
202 17 -177.763303814 366.934172578 0.005 0.109 nan 0.273333333333 0 300 71
203 7 -130.516280235 272.44012542 0.005 0.505 0.0 0.048 50 250 71
204 22 -152.236827869 315.881220688 0.005 0.208 0.2 0.193220338983 5 295 71
206 32 -126.404010978 264.215586905 0.005 0.802 0.0 0.00480769230769 92 208 71
207 6 -128.488247202 268.384059354 0.005 0.802 0.0 0.00497512437811 99 201 71
208 34 -167.189496441 345.786557831 0.005 0.208 0.25 0.209459459459 4 296 71
212 1 -146.460384852 304.328334654 0.005 0.307 0.0 0.10162601626 54 246 71
213 18 -207.143981905 425.69552876 0.005 0.01 nan 0.456666666667 0 300 71
215 8 -116.067086568 243.541738086 0.005 0.703 0.0 0.024 50 250 71
216 1 -150.039433865 311.48643268 0.005 0.406 0.0 0.0362694300518 107 193 71
217 16 -169.283131088 349.973827125 0.02 0.208 0.2 0.252631578947 15 285 71
218 3 -129.498425403 270.404415755 0.005 0.505 0.0 0.0438247011952 49 251 71
220 26 -144.538107382 300.483779713 0.005 0.406 0.0 0.0348258706468 99 201 71
221 3 -180.907537452 373.222639854 0.005 0.109 0.0285714285714 0.241509433962 35 265 71
223 15 -154.348152253 320.103869455 0.005 0.406 0.0 0.00523560209424 109 191 71
225 4 -137.249793521 285.90715199 0.005 0.307 0.111111111111 0.147766323024 9 291 71
226 22 -138.500712029 288.408989007 0.005 0.505 0.0 0.0283018867925 88 212 71
227 39 -157.021883299 325.451331547 0.005 0.208 0.0 0.189285714286 20 280 71
228 12 -153.320328105 318.04822116 0.005 0.307 0.0 0.0660377358491 88 212 71
229 16 -138.827873183 289.063311316 0.005 0.406 0.0 0.0522088353414 51 249 71
230 8 -143.345950169 298.099465287 0.005 0.604 0.0 0.0 103 197 71
231 40 -137.373487437 286.154539824 0.005 0.406 0.0 0.0608695652174 70 230 71
232 7 -124.99763042 261.402825789 0.005 0.604 0.0 0.0291666666667 60 240 71
234 8 -119.633842122 250.675249193 0.005 0.604 0.0149253731343 0.0386266094421 67 233 71
235 11 -128.085591649 267.578748247 0.005 0.703 0.0111111111111 0.0142857142857 90 210 71
236 12 -180.673027015 372.753618979 0.005 0.109 nan 0.293333333333 0 300 71
237 3 -131.279276738 273.966118425 0.005 0.703 0.0 0.00467289719626 86 214 71
238 25 -143.967842698 299.343250346 0.005 0.307 0.0 0.109311740891 53 247 71
240 3 -190.299318508 392.006201965 0.005 0.208 0.0 0.0 163 137 71
241 4 -152.046575253 315.500715455 0.005 0.307 0.0 0.0862068965517 68 232 71
242 7 -127.715448578 266.838462104 0.005 0.604 0.0 0.0138888888889 84 216 71
243 13 -149.658112356 310.723789662 0.005 0.505 0.0 0.0154639175258 106 194 71
244 28 -185.691624712 382.790814374 0.005 0.109 0.4 0.274576271186 5 295 71
245 9 -149.087317123 309.582199194 0.005 0.208 nan 0.186666666667 0 300 71
247 15 -170.900924547 353.209414044 0.005 0.208 0.0 0.131707317073 95 205 71
248 35 -181.146261111 373.700087171 0.005 0.109 0.166666666667 0.272108843537 6 294 71
253 4 -117.383618939 246.174802828 0.005 0.901 0.0104166666667 0.0 96 204 71
256 10 -97.9828341502 207.37323325 0.005 1.0 0.0 0.0042194092827 63 237 71
257 24 -108.64263833 228.692841609 0.005 1.0 0.0 0.00816326530612 55 245 71
258 8 -152.370349685 316.148264319 0.005 0.208 0.0 0.148936170213 18 282 71
259 14 -148.153409562 307.714384073 0.005 0.406 0.010989010989 0.0287081339713 91 209 71
260 13 -164.774333485 340.956231919 0.005 0.208 0.0 0.17358490566 35 265 71
261 7 -193.441525991 398.29061693 0.005 0.109 nan 0.34 0 300 71
262 11 -141.423190517 294.253945984 0.005 0.307 0.0 0.116104868914 33 267 71
263 8 -99.7070088864 210.821582722 0.005 1.0 0.0 0.0 72 228 71
264 3 -125.025427448 261.458419845 0.005 0.604 0.0 0.0140845070423 87 213 71
1519 17 -168.990114674 349.387794298 0.005 0.307 0.0 0.031914893617 112 188 71
1520 4 -99.2691705441 209.945906038 0.005 0.901 0.0 0.0120967741935 52 248 71
1521 17 -165.14508442 341.69773379 0.005 0.208 0.0 0.220689655172 10 290 71
1523 14 -166.69858554 344.804736029 0.005 0.208 0.1 0.220689655172 10 290 71
1524 11 -161.326777283 334.061119516 0.005 0.208 0.0 0.134831460674 33 267 71
1525 12 -164.740805141 340.889175231 0.005 0.208 nan 0.23 0 300 71
1526 11 -142.612514995 296.632594939 0.005 0.307 0.0454545454545 0.136690647482 22 278 71
1527 15 -158.705772538 328.819110025 0.005 0.307 0.0 0.128205128205 66 234 71
1528 2 -163.247660463 337.902885875 0.005 0.208 0.0 0.142857142857 62 238 71
1529 2 -107.124703981 225.656972911 0.005 0.802 0.0 0.0210084033613 62 238 71
1530 15 -163.001814822 337.411194594 0.005 0.307 0.0 0.064039408867 97 203 71
1531 10 -160.94572649 333.29901793 0.005 0.307 0.0 0.0905172413793 68 232 71
1532 15 -109.436857292 230.281279533 0.005 0.703 0.0 0.00452488687783 79 221 71
1533 22 -121.579073543 254.565712036 0.005 0.406 0.0 0.0842105263158 15 285 71
1534 19 -178.262363177 367.932291303 0.005 0.208 0.0 0.14479638009 79 221 71
1535 15 -175.074276813 361.556118576 0.005 0.109 nan 0.233333333333 0 300 71
1536 5 -141.6514104 294.710385749 0.005 0.307 0.0833333333333 0.149305555556 12 288 72
1537 12 -164.98752664 341.382618229 0.005 0.208 0.0 0.172413793103 39 261 72
1538 32 -164.05856081 339.52468657 0.005 0.208 0.025 0.142307692308 40 260 72
1539 24 -92.9074330296 197.222431008 0.005 1.0 0.0 0.0124481327801 59 241 72
1540 8 -143.430292095 298.268149139 0.005 0.307 0.0909090909091 0.0971223021583 22 278 72
1541 11 -179.911592466 371.230749882 0.005 0.109 nan 0.29 0 300 72
1542 7 -174.17306428 359.753693509 0.005 0.109 nan 0.256666666667 0 300 72
1543 7 -147.417506361 306.242577671 0.005 0.505 0.0 0.015873015873 111 189 72
1544 13 -139.364471582 290.136508113 0.005 0.604 0.0 0.00523560209424 109 191 72
1545 25 -138.714473072 288.836511093 0.005 0.505 0.0 0.0414937759336 59 241 72
1546 12 -122.899085194 257.205735337 0.005 0.901 0.0 0.0 92 208 72
1547 23 -208.039702227 427.486969403 0.205 0.01 0.568181818182 0.4921875 44 256 72
1549 27 -162.373111078 336.153787105 0.005 0.208 0.105263157895 0.199288256228 19 281 72
1550 4 -169.934814427 351.277193804 0.01 0.208 0.166666666667 0.244897959184 6 294 72
1553 11 -162.943176991 337.293918931 0.005 0.307 0.0 0.0434782608696 116 184 72
140 11 -127.898621678 267.204808305 0.005 0.505 0.0161290322581 0.0420168067227 62 238 72
141 4 -128.775050747 268.957666443 0.005 0.505 0.0181818181818 0.0489795918367 55 245 72
142 10 -122.532166401 256.471897752 0.005 0.307 0.285714285714 0.119453924915 7 293 72
143 21 -195.019713811 401.446992572 0.005 0.109 nan 0.34 0 300 72
144 16 -135.665169479 282.737903907 0.005 0.505 0.0114942528736 0.0234741784038 87 213 72
145 10 -174.127836953 359.663238854 0.005 0.208 0.0 0.159817351598 81 219 72
146 24 -141.765329521 294.938223992 0.005 0.406 0.0 0.0446428571429 76 224 72
147 11 -141.457213699 294.321992347 0.005 0.604 0.0 0.0054347826087 116 184 72
148 3 -159.057798538 329.523162025 0.005 0.208 0.0 0.120833333333 60 240 72
149 5 -169.94372497 351.29501489 0.005 0.307 0.0 0.055900621118 139 161 72
150 25 -152.970053153 317.347671256 0.005 0.406 0.0 0.0232558139535 128 172 72
151 21 -132.077632829 275.562830606 0.005 0.406 0.0 0.0607287449393 53 247 72
152 9 -144.427666875 300.262898699 0.005 0.604 0.0 0.0204081632653 104 196 72
153 15 -189.785252591 390.97807013 0.005 0.109 nan 0.31 0 300 72
154 3 -144.984746871 301.377058692 0.005 0.208 0.05 0.160714285714 20 280 72
155 0 -139.439571235 290.286707419 0.005 0.505 0.0 0.0287081339713 91 209 72
157 8 -175.173029921 361.753624792 0.005 0.109 nan 0.253333333333 0 300 72
158 9 -164.605020607 340.617606164 0.005 0.406 0.0 0.0274725274725 118 182 72
159 15 -121.550525149 254.508615247 0.005 0.505 0.0172413793103 0.0371900826446 58 242 72
160 29 -154.647593601 320.702752151 0.005 0.406 0.0 0.0480769230769 92 208 72
161 4 -107.5333448 226.47425455 0.005 1.0 0.0 0.0 78 222 72
162 19 -195.524574147 402.456713243 0.025 0.109 1.0 0.357859531773 1 299 72
163 3 -170.490877235 352.389319419 0.005 0.307 0.0 0.0609137055838 103 197 72
164 2 -102.963668323 217.334901596 0.005 0.703 0.0 0.0255474452555 26 274 72
165 12 -106.410770521 224.229105991 0.005 0.604 0.0 0.0340909090909 36 264 72
166 1 -149.097533926 309.602632801 0.005 0.307 0.0 0.0871369294606 59 241 72
168 37 -131.958064528 275.323694005 0.005 0.406 0.0 0.0619834710744 58 242 72
170 12 -166.714492731 344.836550411 0.005 0.208 0.0454545454545 0.215827338129 22 278 72
171 5 -131.856568643 275.120702236 0.005 0.802 0.0 0.00478468899522 91 209 72
172 9 -158.74204469 328.891654329 0.005 0.208 0.4 0.169491525424 5 295 72
173 5 -131.594017416 274.595599781 0.005 0.604 0.0 0.00970873786408 94 206 72
174 1 -150.603433039 312.614431027 0.005 0.208 0.0833333333333 0.138888888889 12 288 72
175 12 -158.276710865 327.96098668 0.005 0.307 0.0 0.0901287553648 67 233 72
176 21 -188.58835376 388.584272469 0.005 0.109 0.25 0.297297297297 4 296 72
177 40 -193.844187573 399.095940096 0.01 0.109 nan 0.346666666667 0 300 72
178 8 -142.369559612 296.146684173 0.005 0.406 0.0 0.0742358078603 71 229 72
179 4 -176.490401864 364.388368677 0.005 0.208 0.025 0.176923076923 40 260 72
180 8 -137.460795724 286.329156398 0.005 0.505 0.0 0.030701754386 72 228 72
181 4 -172.355007928 356.117580806 0.005 0.109 0.5 0.234899328859 2 298 72
183 5 -134.708485798 280.824536546 0.005 0.406 0.015873015873 0.0675105485232 63 237 72
184 3 -157.996445796 327.400456542 0.005 0.307 0.0123456790123 0.0821917808219 81 219 72
185 7 -176.826372797 365.060310544 0.005 0.307 0.0 0.0125786163522 141 159 72
186 11 -124.822769686 261.053104322 0.005 0.406 0.0285714285714 0.0792452830189 35 265 72
187 8 -182.137906902 375.683378753 0.005 0.307 0.0 0.0137931034483 155 145 72
188 20 -179.301826739 370.011218428 0.005 0.307 0.0 0.0379746835443 142 158 72
189 3 -166.785333568 344.978232086 0.005 0.208 nan 0.233333333333 0 300 72
190 32 -200.966330232 413.340225414 0.015 0.109 0.25 0.359589041096 8 292 72
192 7 -158.590271735 328.588108419 0.005 0.208 0.333333333333 0.198653198653 3 297 72
193 2 -160.093835571 331.595236091 0.005 0.406 0.0 0.0386740331492 119 181 72
194 9 -136.365201282 284.137967512 0.005 0.307 0.0 0.117870722433 37 263 72
195 9 -163.517561929 338.442688807 0.005 0.208 0.0188679245283 0.141700404858 53 247 72
196 0 -79.7071527785 170.821870506 0.005 1.0 0.0 0.00790513833992 47 253 72
197 23 -196.428960475 404.2654859 0.005 0.109 0.125 0.325342465753 8 292 72
198 8 -113.686771197 238.781107342 0.005 1.0 0.0 0.0 81 219 72
199 11 -165.533881022 342.475326993 0.005 0.307 0.0 0.0432432432432 115 185 72
200 22 -151.985872941 315.379310831 0.005 0.307 0.0 0.128 50 250 72
202 17 -157.964620625 327.336806199 0.005 0.208 0.0 0.149466192171 19 281 72
203 7 -130.524263261 272.456091471 0.005 0.505 0.0 0.0316742081448 79 221 72
204 22 -113.471700293 238.350965535 0.005 0.802 0.0 0.0045871559633 82 218 72
206 32 -139.16201248 289.731589908 0.005 0.703 0.0 0.0 108 192 72
207 6 -160.34007112 332.08770719 0.005 0.406 0.0 0.021164021164 111 189 72
208 34 -171.567970655 354.543506259 0.015 0.208 0.166666666667 0.25 12 288 72
212 1 -122.075169693 255.557904335 0.005 0.604 0.0 0.0134529147982 77 223 72
213 18 -205.89765901 423.20288297 0.205 0.109 0.512195121951 0.447876447876 41 259 72
215 8 -150.590572157 312.588709263 0.005 0.505 0.0 0.0108108108108 115 185 72
216 1 -137.851139617 287.109844184 0.005 0.307 0.166666666667 0.106382978723 18 282 72
217 16 -151.965083025 315.337730999 0.005 0.307 0.0 0.116104868914 33 267 72
218 3 -145.886429735 303.180424418 0.005 0.505 0.0 0.0259067357513 107 193 72
220 26 -121.096518137 253.600601224 0.005 0.505 0.0 0.0674603174603 48 252 72
221 3 -163.317174141 338.041913231 0.005 0.307 0.0 0.0625 92 208 72
223 15 -172.831241462 357.070047874 0.005 0.307 0.0 0.0120481927711 134 166 72
225 4 -139.988773028 291.385111005 0.005 0.406 0.0 0.0524017467249 71 229 72
226 22 -117.738322841 246.884210631 0.005 0.802 0.0125 0.00454545454545 80 220 72
227 39 -177.22187436 365.85131367 0.005 0.208 0.0 0.19341563786 57 243 72
228 12 -135.618008336 282.643581622 0.005 0.307 0.0 0.124579124579 3 297 72
229 16 -156.445158871 324.297882691 0.005 0.307 0.0 0.0818965517241 68 232 72
230 8 -138.010837752 287.429240454 0.005 0.307 0.285714285714 0.139931740614 7 293 72
231 40 -154.331452119 320.070469187 0.005 0.208 0.111111111111 0.192439862543 9 291 72
232 7 -162.275027956 335.957620862 0.005 0.307 0.0 0.0825242718447 94 206 72
234 8 -158.290401598 327.988368146 0.005 0.406 0.0 0.0443349753695 97 203 72
235 11 -162.771081587 336.949728123 0.005 0.208 0.0 0.116182572614 59 241 72
236 12 -176.918731394 365.245027737 0.005 0.109 nan 0.26 0 300 72
237 3 -125.314023507 262.035611964 0.005 0.505 0.0 0.05 40 260 72
238 25 -118.080827658 247.569220266 0.005 0.604 0.0 0.0131004366812 71 229 72
240 3 -135.472468775 282.3525025 0.005 0.505 0.0 0.0355555555556 75 225 72
241 4 -126.907504307 265.222573564 0.005 0.604 0.0 0.0305676855895 71 229 72
242 7 -119.018275579 249.444116107 0.005 0.406 0.0 0.0851063829787 18 282 72
243 13 -135.853035322 283.113635593 0.005 0.406 0.0 0.0524017467249 71 229 72
244 28 -165.931380315 343.270325579 0.005 0.208 0.0 0.210884353741 6 294 72
245 9 -141.901562432 295.210689813 0.005 0.307 0.0 0.10394265233 21 279 72
247 15 -150.172514687 311.752594323 0.005 0.208 0.0434782608696 0.151624548736 23 277 72
248 35 -188.584116275 388.575797499 0.005 0.109 nan 0.303333333333 0 300 72
253 4 -142.150133583 295.707832115 0.005 0.406 0.0 0.0552995391705 83 217 72
256 10 -149.311508447 310.030581843 0.005 0.406 0.0 0.0689655172414 68 232 72
257 24 -128.300495638 268.008556226 0.005 0.604 0.015873015873 0.0337552742616 63 237 72
258 8 -175.751316873 362.910198696 0.005 0.109 nan 0.253333333333 0 300 72
259 14 -165.70369048 342.81494591 0.005 0.208 0.5 0.214765100671 2 298 72
260 13 -125.132962739 261.673490426 0.005 0.604 0.0 0.00487804878049 95 205 72
261 7 -196.280534844 403.968634638 0.025 0.109 0.230769230769 0.351916376307 13 287 72
262 11 -162.014973199 335.437511346 0.005 0.406 0.0 0.0378378378378 115 185 72
263 8 -102.104646242 215.616857434 0.005 1.0 0.0 0.00442477876106 74 226 72
264 3 -117.397445615 246.202456179 0.005 0.703 0.0 0.0133333333333 75 225 72
1519 17 -166.870544213 345.148653375 0.005 0.208 1.0 0.220735785953 1 299 72
1520 4 -136.720532778 284.848630506 0.005 0.307 0.0555555555556 0.145390070922 18 282 72
1521 17 -146.584824252 304.577213454 0.005 0.406 0.0 0.046511627907 85 215 72
1523 14 -177.517026856 366.441618661 0.005 0.109 1.0 0.257525083612 1 299 72
1524 11 -157.437098265 326.28176148 0.005 0.307 0.0212765957447 0.0948616600791 47 253 72
1525 12 -125.379322016 262.166208981 0.005 0.703 0.0 0.0138248847926 83 217 72
1526 11 -140.83313284 293.07383063 0.005 0.307 0.0 0.0852713178295 42 258 72
1527 15 -174.915220674 361.238006298 0.005 0.109 0.125 0.246575342466 8 292 72
1528 2 -176.763449767 364.934464483 0.005 0.109 0.166666666667 0.244897959184 6 294 72
1529 2 -151.731670572 314.870906094 0.005 0.307 0.0869565217391 0.129963898917 23 277 72
1530 15 -182.834438162 377.076441273 0.005 0.208 0.0 0.117021276596 112 188 72
1531 10 -142.99790616 297.40337727 0.005 0.307 0.0 0.0988593155894 37 263 72
1532 15 -139.471258262 290.350081473 0.005 0.604 0.0 0.0 110 190 72
1533 22 -111.351688263 234.110941476 0.005 0.802 0.015873015873 0.0168776371308 63 237 72
1534 19 -179.342059226 370.091683401 0.005 0.109 0.25 0.263513513514 4 296 72
1535 15 -143.036143209 297.479851368 0.005 0.505 0.0 0.0146341463415 95 205 72
1536 5 -160.738647442 332.884859834 0.005 0.208 1.0 0.204013377926 1 299 73
1537 12 -128.579642468 268.566849886 0.005 0.505 0.0 0.0294117647059 62 238 73
1538 32 -157.91902706 327.245619068 0.005 0.208 nan 0.2 0 300 73
1539 24 -115.916150323 243.239865595 0.005 0.901 0.0 0.00462962962963 84 216 73
1540 8 -132.361601551 276.130768052 0.005 0.307 0.0 0.0952380952381 27 273 73
1541 11 -164.923318423 341.254201795 0.005 0.208 0.0769230769231 0.209059233449 13 287 73
1542 7 -154.013944151 319.435453251 0.005 0.208 0.333333333333 0.195286195286 3 297 73
1543 7 -160.718181709 332.843928367 0.005 0.307 0.0 0.0408163265306 104 196 73
1544 13 -146.762937476 304.933439902 0.005 0.307 0.0 0.077868852459 56 244 73
1545 25 -156.857545324 325.122655596 0.005 0.208 0.333333333333 0.198653198653 3 297 73
1546 12 -136.003520213 283.414605376 0.005 0.505 0.0 0.0327102803738 86 214 73
1547 23 -206.477088933 424.361742816 0.005 0.01 nan 0.423333333333 0 300 73
1549 27 -168.840020784 349.087606518 0.005 0.208 0.0 0.215827338129 22 278 73
1550 4 -170.166642914 351.740850776 0.005 0.208 0.0 0.221088435374 6 294 73
1553 11 -160.342505481 332.092575912 0.005 0.208 0.0 0.174074074074 30 270 73
140 11 -103.082618793 217.572802534 0.005 1.0 0.0 0.0042735042735 66 234 73
141 4 -118.362523299 248.132611547 0.005 0.703 0.0 0.0269058295964 77 223 73
142 10 -166.81852434 345.04461363 0.005 0.307 0.0 0.0421052631579 110 190 73
143 21 -198.385603667 408.178772284 0.03 0.109 0.363636363636 0.359861591696 11 289 73
144 16 -158.005133848 327.417832645 0.005 0.406 0.00884955752212 0.0374331550802 113 187 73
145 10 -152.488413465 316.38439188 0.005 0.208 nan 0.176666666667 0 300 73
146 24 -143.747586363 298.902737676 0.005 0.604 0.0 0.0 108 192 73
147 11 -138.821016721 289.04959839 0.005 0.505 0.0119047619048 0.0231481481481 84 216 73
148 3 -170.226830429 351.861225807 0.005 0.208 0.0 0.142857142857 48 252 73
149 5 -138.295575488 287.998715924 0.005 0.505 0.0 0.0393013100437 71 229 73
150 25 -154.984146995 321.37585894 0.005 0.505 0.0 0.0108695652174 116 184 73
151 21 -156.255774407 323.919113763 0.005 0.307 0.0 0.101265822785 63 237 73
152 9 -105.984035984 223.375636918 0.005 0.703 0.0196078431373 0.0281124497992 51 249 73
153 15 -192.920853504 397.249271957 0.015 0.109 1.0 0.341137123746 1 299 73
154 3 -158.427798509 328.263161967 0.005 0.208 0.0666666666667 0.19649122807 15 285 73
155 0 -114.896584116 241.200733182 0.005 1.0 0.0 0.0 82 218 73
157 8 -184.994355049 381.396275047 0.005 0.109 nan 0.29 0 300 73
158 9 -137.642930703 286.693426356 0.005 0.505 0.0 0.0318181818182 80 220 73
159 15 -96.165234363 203.738033675 0.005 1.0 0.0 0.00420168067227 62 238 73
160 29 -151.324057225 314.0556794 0.005 0.307 0.0 0.0672268907563 62 238 73
161 4 -142.579392444 296.566349837 0.005 0.604 0.0 0.00523560209424 109 191 73
162 19 -187.602789838 386.613144625 0.01 0.109 nan 0.316666666667 0 300 73
163 3 -156.147622968 323.702810885 0.005 0.307 0.0 0.0867579908676 81 219 73
164 2 -172.975453197 357.358471344 0.005 0.208 0.0 0.110091743119 82 218 73
165 12 -118.872511775 249.152588499 0.005 0.505 0.0 0.0456273764259 37 263 73
166 1 -155.531402837 322.470370623 0.005 0.208 nan 0.206666666667 0 300 73
168 37 -154.367356296 320.142277541 0.005 0.307 0.0 0.0869565217391 70 230 73
170 12 -155.426933986 322.26143292 0.005 0.307 0.0 0.0963302752294 82 218 73
171 5 -148.53320687 308.473978689 0.005 0.307 0.030303030303 0.134831460674 33 267 73
172 9 -182.427186016 376.26193698 0.005 0.208 0.00746268656716 0.0722891566265 134 166 73
173 5 -153.700091674 318.807748297 0.005 0.406 0.0 0.029702970297 98 202 73
174 1 -172.527087397 356.461739744 0.005 0.109 nan 0.243333333333 0 300 73
175 12 -106.843055391 225.093675731 0.005 0.901 0.0 0.0045871559633 82 218 73
176 21 -163.112553479 337.632671908 0.005 0.208 nan 0.216666666667 0 300 73
177 40 -205.18039914 421.76836323 0.02 0.109 0.5 0.385906040268 2 298 73
178 8 -160.829580334 333.066725617 0.005 0.307 0.0 0.12037037037 84 216 73
179 4 -168.184489938 347.776544825 0.005 0.208 nan 0.233333333333 0 300 73
180 8 -116.680699604 244.768964158 0.005 0.703 0.0 0.0132743362832 74 226 73
181 4 -157.033396492 325.474357933 0.005 0.307 0.0 0.103004291845 67 233 73
183 5 -158.712813276 328.833191501 0.005 0.307 0.0 0.06 100 200 73
184 3 -169.46949953 350.346564009 0.005 0.208 0.0227272727273 0.16796875 44 256 73
185 7 -166.850964727 345.109494403 0.005 0.307 0.0 0.0397727272727 124 176 73
186 11 -123.056892062 257.521349073 0.005 0.406 0.0 0.0618181818182 25 275 73
187 8 -120.031740295 251.471045539 0.005 0.406 0.0 0.0851851851852 30 270 73
188 20 -149.580945488 310.569455925 0.005 0.307 0.0 0.0627802690583 77 223 73
189 3 -177.331138413 366.069841776 0.005 0.109 0.0625 0.257042253521 16 284 73
190 32 -190.731053506 392.869671961 0.01 0.109 nan 0.333333333333 0 300 73
192 7 -148.987531571 309.382628091 0.005 0.307 0.0 0.112 50 250 73
193 2 -135.272741169 281.953047288 0.005 0.703 0.0 0.0 100 200 73
194 9 -134.138787709 279.685140367 0.005 0.307 0.0625 0.116197183099 16 284 73
195 9 -141.395743659 294.199052267 0.005 0.604 0.0 0.0160427807487 113 187 73
196 0 -165.680865254 342.769295458 0.005 0.307 0.0 0.0216216216216 115 185 73
197 23 -178.194450267 367.796465482 0.005 0.109 nan 0.283333333333 0 300 73
198 8 -124.383419607 260.174404163 0.005 0.505 0.0 0.0663900414938 59 241 73
199 11 -152.293544853 315.994654655 0.005 0.208 nan 0.18 0 300 73
200 22 -127.306675933 266.020916815 0.005 0.604 0.0 0.0333333333333 90 210 73
202 17 -183.648672262 378.704909473 0.005 0.208 0.0 0.165938864629 71 229 73
203 7 -132.944937361 277.29743967 0.005 0.505 0.0 0.0189573459716 89 211 73
204 22 -148.467353899 308.342272746 0.005 0.307 0.0 0.084388185654 63 237 73
206 32 -165.805443293 343.018451536 0.005 0.307 0.0 0.07 100 200 73
207 6 -163.491278437 338.390121823 0.005 0.307 0.0 0.075117370892 87 213 73
208 34 -161.93345623 335.274477409 0.005 0.208 0.4 0.2 5 295 73
212 1 -174.61715398 360.641872908 0.005 0.208 0.0 0.0974358974359 105 195 73
213 18 -207.318452781 426.044470512 0.005 0.01 nan 0.463333333333 0 300 73
215 8 -121.669153785 254.74587252 0.005 0.505 0.0555555555556 0.0340909090909 36 264 73
216 1 -142.73760337 296.88277169 0.005 0.505 0.0 0.0247524752475 98 202 73
217 16 -179.136403141 369.68037123 0.005 0.109 nan 0.276666666667 0 300 73
218 3 -160.429507928 332.266580806 0.005 0.208 nan 0.216666666667 0 300 73
220 26 -172.074946463 355.557457876 0.005 0.307 0.0 0.0523255813953 128 172 73
221 3 -164.058312412 339.524189773 0.005 0.208 0.0 0.126530612245 55 245 73
223 15 -122.744711675 256.896988299 0.005 0.406 0.230769230769 0.0871080139373 13 287 73
225 4 -167.061994129 345.531553207 0.005 0.208 nan 0.23 0 300 73
226 22 -168.234795677 347.877156304 0.005 0.208 nan 0.23 0 300 73
227 39 -168.075680181 347.55892531 0.005 0.208 0.0 0.17004048583 53 247 73
228 12 -84.6580518611 180.723668672 0.005 1.0 0.0 0.0 64 236 73
229 16 -110.753339283 232.914243516 0.005 0.901 0.0 0.00452488687783 79 221 73
230 8 -137.953600601 287.314766151 0.005 0.505 0.0138888888889 0.0394736842105 72 228 73
231 40 -158.132734289 327.673033527 0.005 0.208 0.0384615384615 0.13503649635 26 274 73
232 7 -139.841494449 291.090553848 0.005 0.505 0.0 0.0313901345291 77 223 73
234 8 -136.527883037 284.463331023 0.005 0.307 0.0 0.107407407407 30 270 73
235 11 -151.686063174 314.779691297 0.005 0.505 0.0 0.00571428571429 125 175 73
236 12 -175.190440369 361.788445688 0.005 0.109 nan 0.27 0 300 73
237 3 -123.526612219 258.460789388 0.005 0.604 0.0 0.0220264317181 73 227 73
238 25 -139.252062678 289.911690306 0.005 0.307 0.0 0.101886792453 35 265 73
240 3 -160.672650665 332.75286628 0.005 0.406 0.0 0.0454545454545 102 198 73
241 4 -159.377328971 330.16222289 0.005 0.208 0.025 0.142307692308 40 260 73
242 7 -129.599183344 270.605931637 0.005 0.505 0.013698630137 0.0396475770925 73 227 73
243 13 -140.69048065 292.788526249 0.005 0.307 0.0 0.0888888888889 30 270 73
244 28 -162.842617974 337.092800897 0.005 0.208 0.0 0.173228346457 46 254 73
245 9 -156.142989719 323.693544388 0.005 0.307 0.0 0.0622009569378 91 209 73
247 15 -169.454708842 350.316982633 0.005 0.208 0.0 0.113924050633 63 237 73
248 35 -180.903868215 373.215301379 0.005 0.109 nan 0.273333333333 0 300 73
253 4 -162.849491507 337.106547964 0.005 0.307 0.0 0.0555555555556 102 198 73
256 10 -149.409816629 310.227198207 0.005 0.307 0.0 0.0857142857143 55 245 73
257 24 -136.640138708 284.687842366 0.005 0.307 0.0 0.100371747212 31 269 73
258 8 -178.474441273 368.356447496 0.005 0.109 0.0588235294118 0.257950530035 17 283 73
259 14 -130.510646171 272.428857291 0.005 0.703 0.0 0.0190476190476 90 210 73
260 13 -164.684081804 340.775728558 0.005 0.208 nan 0.2 0 300 73
261 7 -188.964498401 389.336561752 0.005 0.109 nan 0.32 0 300 73
262 11 -152.622681276 316.6529275 0.005 0.208 0.2 0.2 5 295 73
263 8 -164.572580137 340.552725223 0.005 0.505 0.0 0.0116959064327 129 171 73
264 3 -144.780323257 300.968211462 0.005 0.406 0.0 0.0330188679245 88 212 73
1519 17 -153.555297921 318.518160792 0.005 0.208 0.0 0.18771331058 7 293 73
1520 4 -93.4993941033 198.406353156 0.005 1.0 0.0 0.0 71 229 73
1521 17 -169.190911124 349.789387198 0.005 0.208 0.0 0.143442622951 56 244 73
1523 14 -171.022348101 353.452261152 0.005 0.109 nan 0.246666666667 0 300 73
1524 11 -127.854929002 267.117422953 0.005 0.703 0.0 0.0183486238532 82 218 73
1525 12 -177.969600814 367.346766576 0.005 0.109 0.125 0.236301369863 8 292 73
1526 11 -149.839045444 311.085655838 0.005 0.307 0.0 0.0909090909091 58 242 73
1527 15 -121.215314412 253.838193773 0.005 0.703 0.0 0.0047619047619 90 210 73
1528 2 -145.908595062 303.224755074 0.005 0.406 0.0102040816327 0.029702970297 98 202 73
1529 2 -147.58469629 306.576957529 0.005 0.406 0.0 0.0301507537688 101 199 73
1530 15 -142.173414282 295.754393514 0.005 0.505 0.0 0.0193236714976 93 207 73
1531 10 -131.400483651 274.208532251 0.005 0.307 0.0 0.111913357401 23 277 73
1532 15 -166.849454491 345.106473931 0.005 0.208 0.4 0.210169491525 5 295 73
1533 22 -145.412929755 302.233424459 0.005 0.307 0.0 0.0967741935484 52 248 73
1534 19 -173.145179436 357.697923822 0.005 0.109 0.166666666667 0.231292517007 6 294 73
1535 15 -96.7340525907 204.875670131 0.005 1.0 0.0 0.00414937759336 59 241 73
1536 5 -146.838614454 305.084793857 0.005 0.307 0.0 0.0699588477366 57 243 74
1537 12 -154.002441544 319.412448036 0.005 0.307 0.0 0.0717299578059 63 237 74
1538 32 -165.891144169 343.189853288 0.005 0.208 0.0769230769231 0.205574912892 13 287 74
1539 24 -155.392719949 322.193004847 0.005 0.208 0.0 0.171428571429 20 280 74
1540 8 -170.436850446 352.281265842 0.005 0.307 0.0 0.0406976744186 128 172 74
1541 11 -175.562920107 362.533405163 0.005 0.109 0.5 0.241610738255 2 298 74
1542 7 -164.738026584 340.883618116 0.005 0.307 0.0 0.0619047619048 90 210 74
1543 7 -121.788871795 254.985308539 0.005 0.604 0.0 0.03515625 44 256 74
1544 13 -145.124425043 301.656415035 0.005 0.307 0.0 0.111111111111 21 279 74
1545 25 -174.512265561 360.432096072 0.005 0.109 0.0555555555556 0.244680851064 18 282 74
1546 12 -170.619068042 352.645701033 0.005 0.307 0.0 0.0359281437126 133 167 74
1547 23 -207.665884141 426.739333232 0.105 0.01 0.588235294118 0.484098939929 17 283 74
1549 27 -115.691899063 242.791363075 0.005 0.703 0.0 0.0240963855422 51 249 74
1550 4 -171.096644598 353.600854145 0.005 0.307 0.0 0.0621761658031 107 193 74
1553 11 -164.553093198 340.513751345 0.005 0.208 0.142857142857 0.221843003413 7 293 74
140 11 -113.742906829 238.893378606 0.005 0.604 0.0222222222222 0.0352941176471 45 255 74
141 4 -110.276093974 231.959752897 0.005 0.901 0.0 0.0171673819742 67 233 74
142 10 -109.865143421 231.137851791 0.005 0.802 0.0 0.0176991150442 74 226 74
143 21 -181.764610722 374.936786394 0.005 0.109 nan 0.303333333333 0 300 74
144 16 -145.505285218 302.418135385 0.005 0.505 0.0 0.0197044334975 97 203 74
145 10 -115.079932444 241.567429838 0.005 0.703 0.0 0.0170212765957 65 235 74
146 24 -162.310248561 336.028062072 0.005 0.208 0.0 0.155102040816 55 245 74
147 11 -147.918452177 307.244469302 0.005 0.406 0.0 0.0338164251208 93 207 74
148 3 -166.075039728 343.557644406 0.005 0.208 0.0 0.149193548387 52 248 74
149 5 -135.29603035 281.99962565 0.005 0.604 0.0 0.0230414746544 83 217 74
150 25 -143.432490707 298.272546363 0.005 0.307 0.0384615384615 0.102189781022 26 274 74
151 21 -151.865405871 315.138376691 0.005 0.307 0.0263157894737 0.110687022901 38 262 74
152 9 -134.768673997 280.944912943 0.005 0.505 0.0 0.0301507537688 101 199 74
153 15 -193.752730638 398.913026225 0.015 0.109 nan 0.343333333333 0 300 74
154 3 -152.272469513 315.952503975 0.005 0.307 0.0 0.0684931506849 81 219 74
155 0 -139.218952884 289.845470717 0.005 0.505 0.0 0.0243902439024 95 205 74
157 8 -172.820041349 357.047647647 0.005 0.109 nan 0.256666666667 0 300 74
158 9 -135.329457428 282.066479805 0.005 0.505 0.0 0.0327102803738 86 214 74
159 15 -112.967571752 237.342708454 0.005 0.802 0.0 0.0262008733624 71 229 74
160 29 -120.455922448 252.319409845 0.005 0.901 0.0 0.0045871559633 82 218 74
161 4 -124.71349635 260.834557649 0.005 0.703 0.0 0.0185185185185 84 216 74
162 19 -197.813638678 407.034842306 0.035 0.109 0.4 0.366101694915 5 295 74
163 3 -159.537572942 330.482710834 0.005 0.208 nan 0.22 0 300 74
164 2 -131.023671691 273.454908332 0.005 0.406 0.0 0.0440528634361 73 227 74
165 12 -175.363759251 362.13508345 0.005 0.109 nan 0.263333333333 0 300 74
166 1 -143.829361534 299.066288018 0.005 0.505 0.0 0.0281690140845 87 213 74
168 37 -150.407809678 312.223184304 0.005 0.208 nan 0.2 0 300 74
170 12 -80.7252469581 172.858058865 0.005 1.0 0.0 0.0 55 245 74
171 5 -142.591325332 296.590215613 0.005 0.307 1.0 0.160535117057 1 299 74
172 9 -158.630811022 328.669186992 0.005 0.307 0.0119047619048 0.101851851852 84 216 74
173 5 -187.964322543 387.336210034 0.005 0.208 0.0 0.153409090909 124 176 74
174 1 -157.926442512 327.260449974 0.005 0.208 0.0 0.136546184739 51 249 74
175 12 -146.700064362 304.807693673 0.005 0.307 0.0 0.126811594203 24 276 74
176 21 -140.349778777 292.107122503 0.005 0.406 0.0 0.0452488687783 79 221 74
177 40 -199.161133354 409.729831657 0.025 0.109 0.272727272727 0.359861591696 11 289 74
178 8 -174.121540391 359.650645732 0.005 0.208 0.0 0.0909090909091 113 187 74
179 4 -172.415595006 356.238754962 0.005 0.109 nan 0.243333333333 0 300 74
180 8 -178.596368204 368.600301356 0.005 0.208 0.0 0.0820512820513 105 195 74
181 4 -149.066818938 309.541202825 0.005 0.307 0.0 0.107692307692 40 260 74
183 5 -135.599742371 282.607049692 0.005 0.505 0.0 0.0401785714286 76 224 74
184 3 -168.758322884 348.924210718 0.005 0.208 0.08 0.210909090909 25 275 74
185 7 -142.128118904 295.663802757 0.005 0.406 0.0 0.0695652173913 70 230 74
186 11 -138.425101557 288.257768063 0.005 0.505 0.0 0.0 114 186 74
187 8 -139.722743743 290.853052436 0.005 0.307 0.0909090909091 0.145328719723 11 289 74
188 20 -178.521972263 368.451509476 0.005 0.208 0.0 0.197674418605 42 258 74
189 3 -161.111939408 333.631443765 0.005 0.208 0.0 0.159090909091 36 264 74
190 32 -190.374709861 392.156984671 0.005 0.109 nan 0.33 0 300 74
192 7 -144.677250336 300.762065621 0.005 0.406 0.0 0.0538116591928 77 223 74
193 2 -151.56464848 314.536861909 0.005 0.307 0.0344827586207 0.110701107011 29 271 74
194 9 -146.563037534 304.533640017 0.005 0.208 nan 0.17 0 300 74
195 9 -155.552284546 322.512134042 0.005 0.208 0.0 0.152249134948 11 289 74
196 0 -159.78759698 330.982758909 0.005 0.208 0.0232558139535 0.140077821012 43 257 74
197 23 -166.552710967 344.512986884 0.005 0.208 0.0 0.2 20 280 74
198 8 -117.512265553 246.432096055 0.005 0.901 0.0 0.00469483568075 87 213 74
199 11 -122.966747621 257.341060191 0.005 0.406 0.025 0.0692307692308 40 260 74
200 22 -155.075768507 321.559101964 0.005 0.406 0.0 0.0610328638498 87 213 74
202 17 -185.995176926 383.397918802 0.005 0.109 nan 0.313333333333 0 300 74
203 7 -122.043210541 255.493986031 0.005 0.901 0.0 0.00487804878049 95 205 74
204 22 -140.088731046 291.585027042 0.005 0.307 0.0 0.0823529411765 45 255 74
206 32 -143.68679251 298.781149969 0.005 0.307 0.0588235294118 0.123674911661 17 283 74
207 6 -90.9358913989 193.279347747 0.005 0.901 0.0 0.0193798449612 42 258 74
208 34 -163.948377186 339.304319321 0.005 0.208 0.0 0.15 40 260 74
212 1 -151.362486441 314.132537832 0.005 0.307 0.0 0.0616113744076 89 211 74
213 18 -207.983019771 427.37360449 0.16 0.01 0.536585365854 0.486486486486 41 259 74
215 8 -146.107862567 303.623290083 0.005 0.406 0.0 0.0631067961165 94 206 74
216 1 -160.010186431 331.427937812 0.005 0.208 0.0 0.143396226415 35 265 74
217 16 -145.043123099 301.493811148 0.005 0.505 0.0 0.037558685446 87 213 74
218 3 -119.554303961 250.516172871 0.005 0.703 0.0 0.00881057268722 73 227 74
220 26 -125.103041789 261.613648527 0.005 0.802 0.0 0.00478468899522 91 209 74
221 3 -164.118659628 339.644884206 0.005 0.208 0.047619047619 0.168458781362 21 279 74
223 15 -147.870341785 307.14824852 0.005 0.406 0.0112359550562 0.0473933649289 89 211 74
225 4 -155.199839088 321.807243126 0.005 0.307 0.0153846153846 0.11914893617 65 235 74
226 22 -164.942978977 341.293522904 0.005 0.307 0.0 0.0466321243523 107 193 74
227 39 -159.134610898 329.676786745 0.005 0.406 0.0 0.0167597765363 121 179 74
228 12 -167.244758782 345.897082514 0.005 0.406 0.0 0.0 146 154 74
229 16 -154.190764886 319.78909472 0.005 0.208 0.0588235294118 0.166077738516 17 283 74
230 8 -156.328332089 324.064229128 0.005 0.505 0.0 0.00546448087432 117 183 74
231 40 -149.088198119 309.583961187 0.005 0.208 0.5 0.167785234899 2 298 74
232 7 -114.616667021 240.640898992 0.005 0.604 0.0 0.0245901639344 56 244 74
234 8 -168.90515409 349.217873129 0.005 0.307 0.0 0.0473372781065 131 169 74
235 11 -175.090713151 361.588991251 0.005 0.307 0.0 0.0702702702703 115 185 74
236 12 -176.530037996 364.467640941 0.005 0.109 0.0 0.230769230769 14 286 74
237 3 -135.392605923 282.192776795 0.005 0.505 0.0142857142857 0.0347826086957 70 230 74
238 25 -160.265221635 331.938008219 0.005 0.307 0.015873015873 0.101265822785 63 237 74
240 3 -116.089502335 243.586569619 0.005 0.703 0.0 0.0180995475113 79 221 74
241 4 -158.865134878 329.137834705 0.005 0.208 0.0645161290323 0.171003717472 31 269 74
242 7 -141.433314404 294.274193758 0.005 0.505 0.0 0.037558685446 87 213 74
243 13 -131.122100048 273.651765046 0.005 0.307 0.0 0.0814814814815 30 270 74
244 28 -169.696445643 350.800456235 0.005 0.208 0.0 0.142857142857 41 259 74
245 9 -161.498856562 334.405278073 0.005 0.208 0.0434782608696 0.191335740072 23 277 74
247 15 -152.617525614 316.642616178 0.005 0.307 0.0 0.0983606557377 56 244 74
248 35 -177.578972109 366.565509167 0.005 0.109 nan 0.263333333333 0 300 74
253 4 -146.168447583 303.744460115 0.005 0.208 0.333333333333 0.163265306122 6 294 74
