1536 5 -151.109208754 313.625982458 0.005 0.307 0.0142857142857 0.0652173913043 70 230 21
1537 12 -159.793711356 330.994987662 0.005 0.307 0.0126582278481 0.0950226244344 79 221 21
1538 32 -172.621185921 356.649936792 0.005 0.109 nan 0.243333333333 0 300 21
1539 24 -127.349250687 266.106066323 0.005 0.901 0.0 0.00510204081633 104 196 21
1540 8 -159.544792954 330.497150857 0.005 0.208 0.285714285714 0.17747440273 7 293 21
1541 11 -152.634229923 316.676024794 0.005 0.307 0.0185185185185 0.0975609756098 54 246 21
1542 7 -157.013997734 325.435560418 0.005 0.208 0.0833333333333 0.170138888889 12 288 21
1543 7 -122.034243499 255.476051948 0.005 0.802 0.0 0.00473933649289 89 211 21
1544 13 -147.163634384 305.734833717 0.005 0.208 nan 0.183333333333 0 300 21
1545 25 -137.300299916 286.00816478 0.005 0.505 0.0 0.0284360189573 89 211 21
1546 12 -140.018339077 291.444243103 0.005 0.406 0.012987012987 0.0403587443946 77 223 21
1547 23 -207.635957705 426.679480359 0.005 0.01 nan 0.476666666667 0 300 21
1549 27 -167.080185456 345.567935861 0.005 0.208 nan 0.23 0 300 21
1550 4 -116.239854071 243.887273091 0.005 1.0 0.0 0.0 86 214 21
1553 11 -172.775042579 356.957650108 0.005 0.208 0.0 0.221843003413 7 293 21
140 11 -154.694820417 320.797205783 0.005 0.505 0.010101010101 0.0298507462687 99 201 21
141 4 -151.104304471 313.616173891 0.005 0.307 0.0 0.132142857143 20 280 21
142 10 -161.168309262 333.744183474 0.005 0.307 0.0422535211268 0.0742358078603 71 229 21
143 21 -168.483218182 348.374001313 0.005 0.208 0.0 0.12987012987 69 231 21
144 16 -160.607808929 332.623182807 0.005 0.307 0.0 0.0531400966184 93 207 21
145 10 -152.769674173 316.946913296 0.005 0.307 0.0294117647059 0.116541353383 34 266 21
146 24 -142.019048481 295.445661912 0.005 0.307 0.0454545454545 0.125899280576 22 278 21
147 11 -163.998666883 339.404898714 0.005 0.307 0.0 0.0651162790698 85 215 21
148 3 -175.441454968 362.290474884 0.005 0.109 0.0 0.228956228956 3 297 21
149 5 -128.524603509 268.456771967 0.005 0.505 0.0 0.0316742081448 79 221 21
150 25 -96.8840789664 205.175722882 0.005 1.0 0.0 0.0 69 231 21
151 21 -97.5121900377 206.431945025 0.005 1.0 0.0 0.0 75 225 21
152 9 -131.329633804 274.066832557 0.005 0.604 0.0 0.0045871559633 82 218 21
153 15 -179.812106179 371.031777307 0.005 0.109 nan 0.283333333333 0 300 21
154 3 -159.353406147 330.114377243 0.005 0.208 0.0 0.197916666667 12 288 21
155 0 -139.746936254 290.901437457 0.005 0.406 0.0263157894737 0.0535714285714 76 224 21
157 8 -165.619882758 342.647330466 0.005 0.208 nan 0.19 0 300 21
158 9 -141.354286324 294.116137598 0.005 0.406 0.0 0.0490196078431 96 204 21
159 15 -122.412409064 256.232383077 0.005 0.901 0.0103092783505 0.0 97 203 21
160 29 -172.908200753 357.223966455 0.005 0.109 nan 0.246666666667 0 300 21
161 4 -137.48240652 286.37237799 0.005 0.406 0.0 0.0503875968992 42 258 21
162 19 -193.050846431 397.509257811 0.005 0.109 nan 0.32 0 300 21
163 3 -165.594871698 342.597308346 0.005 0.307 0.0 0.0863636363636 80 220 21
164 2 -162.634347527 336.676260002 0.005 0.307 0.0 0.0707070707071 102 198 21
165 12 -170.035815141 351.479195231 0.005 0.208 nan 0.246666666667 0 300 21
166 1 -158.878293685 329.16415232 0.005 0.208 0.25 0.170138888889 12 288 21
168 37 -154.881344649 321.170254248 0.005 0.208 0.0 0.179577464789 16 284 21
170 12 -135.782687987 282.972940924 0.005 0.307 0.0 0.114864864865 4 296 21
171 5 -173.879197074 359.165959098 0.005 0.208 0.0 0.0985221674877 97 203 21
172 9 -128.262872482 267.933309914 0.005 0.406 0.0217391304348 0.0629921259843 46 254 21
173 5 -142.068105646 295.543776241 0.005 0.406 0.0 0.045045045045 78 222 21
174 1 -176.588426192 364.584417333 0.005 0.109 nan 0.27 0 300 21
175 12 -143.123794908 297.655154765 0.005 0.604 0.0 0.020942408377 109 191 21
176 21 -144.250988466 299.909541881 0.005 0.307 0.0 0.0902527075812 23 277 21
177 40 -198.546245419 408.500055787 0.06 0.109 0.384615384615 0.379790940767 13 287 21
178 8 -148.782284262 308.972133474 0.005 0.208 0.0294117647059 0.161654135338 34 266 21
179 4 -165.925353533 343.258272016 0.005 0.208 nan 0.226666666667 0 300 21
180 8 -98.6597627528 208.727090455 0.005 1.0 0.0 0.0 66 234 21
181 4 -134.346213563 280.099992075 0.005 0.406 0.0 0.0549019607843 45 255 21
183 5 -165.251011982 341.909588913 0.005 0.307 0.0 0.0628272251309 109 191 21
184 3 -165.898851194 343.205267337 0.005 0.208 0.333333333333 0.215488215488 3 297 21
185 7 -132.934067337 277.275699624 0.005 0.604 0.0 0.0192307692308 92 208 21
186 11 -146.49178513 304.39113521 0.005 0.208 nan 0.166666666667 0 300 21
187 8 -146.058035307 303.523635564 0.005 0.307 0.0178571428571 0.114754098361 56 244 21
188 20 -148.207471026 307.822507001 0.005 0.406 0.0 0.0382775119617 91 209 21
189 3 -128.345564851 268.098694652 0.005 0.604 0.0 0.0219298245614 72 228 21
190 32 -195.483283828 402.374132605 0.005 0.109 nan 0.343333333333 0 300 21
192 7 -182.002188844 375.411942637 0.005 0.307 0.0 0.0368098159509 137 163 21
193 2 -128.679502956 268.766570861 0.005 0.505 0.0 0.0340425531915 65 235 21
194 9 -146.50791133 304.423387609 0.005 0.505 0.0 0.0304568527919 103 197 21
195 9 -161.120658589 333.648882126 0.005 0.208 0.25 0.195945945946 4 296 21
196 0 -160.885486391 333.178537731 0.005 0.406 0.0 0.0416666666667 108 192 21
197 23 -195.93892396 403.28541287 0.015 0.109 0.333333333333 0.350168350168 3 297 21
198 8 -108.931936867 229.271438683 0.005 1.0 0.0 0.00452488687783 79 221 21
199 11 -181.005876331 373.419317611 0.005 0.208 0.0 0.162037037037 84 216 21
200 22 -160.963810887 333.335186723 0.005 0.307 0.0 0.0666666666667 90 210 21
202 17 -179.884706718 371.176978386 0.005 0.109 0.166666666667 0.265306122449 6 294 21
203 7 -134.45095023 280.309465409 0.005 0.307 0.333333333333 0.144781144781 3 297 21
204 22 -131.143843863 273.695252674 0.005 0.604 0.0 0.0355555555556 75 225 21
206 32 -152.26344651 315.93445797 0.005 0.406 0.0 0.0304568527919 103 197 21
207 6 -145.969269637 303.346104224 0.005 0.505 0.0103092783505 0.0246305418719 97 203 21
208 34 -146.704155693 304.815876335 0.005 0.406 0.0 0.0338983050847 64 236 21
212 1 -163.579705963 338.566976876 0.005 0.208 0.25 0.198630136986 8 292 21
213 18 -203.66951432 418.746593589 0.205 0.109 0.547619047619 0.43023255814 42 258 21
215 8 -134.12534172 279.65824839 0.005 0.406 0.0 0.0506329113924 63 237 21
216 1 -142.923860645 297.255286239 0.005 0.307 0.0 0.0893617021277 65 235 21
217 16 -178.35759609 368.122757128 0.005 0.109 0.037037037037 0.238095238095 27 273 21
218 3 -124.298809813 260.005184575 0.005 0.505 0.0 0.0483870967742 52 248 21
220 26 -115.892451098 243.192467145 0.005 0.703 0.0 0.0174672489083 71 229 21
221 3 -135.141498043 281.690561035 0.005 0.406 0.0 0.0637450199203 49 251 21
223 15 -99.0061996683 209.419964286 0.005 1.0 0.0 0.00436681222707 71 229 21
225 4 -150.617787949 312.643140848 0.005 0.307 0.0 0.0952380952381 48 252 21
226 22 -163.961003208 339.329571365 0.005 0.406 0.0 0.0223463687151 121 179 21
227 39 -146.348370583 304.104306115 0.005 0.406 0.0 0.0627802690583 77 223 21
228 12 -159.733588733 330.874742415 0.005 0.406 0.0 0.0253807106599 103 197 21
229 16 -159.350860408 330.109285765 0.005 0.406 0.00925925925926 0.03125 108 192 21
230 8 -92.0804873564 195.568539662 0.005 1.0 0.0 0.012 50 250 21
231 40 -144.358087616 300.123740181 0.005 0.406 0.0 0.0316742081448 79 221 21
232 7 -137.568076505 286.54371796 0.005 0.307 0.2 0.149152542373 5 295 21
234 8 -155.257933969 321.923432887 0.005 0.406 0.0 0.0108108108108 115 185 21
235 11 -149.550425356 310.508415662 0.005 0.208 nan 0.18 0 300 21
236 12 -172.476344279 356.360253507 0.005 0.208 0.04 0.229090909091 25 275 21
237 3 -148.275752673 307.959070295 0.005 0.208 0.0434782608696 0.14440433213 23 277 21
238 25 -177.321729258 366.051023466 0.005 0.109 0.166666666667 0.241496598639 6 294 21
240 3 -144.191783859 299.791132668 0.005 0.307 0.0 0.144927536232 24 276 21
241 4 -152.044819798 315.497204545 0.005 0.406 0.0 0.044776119403 99 201 21
242 7 -154.462082375 320.331729699 0.005 0.307 0.0113636363636 0.0754716981132 88 212 21
243 13 -158.480817836 328.369200621 0.005 0.208 0.0 0.19387755102 6 294 21
244 28 -183.769618619 378.946802187 0.005 0.109 1.0 0.274247491639 1 299 21
245 9 -142.190565372 295.788695693 0.005 0.307 0.0 0.12927756654 37 263 21
247 15 -152.571268176 316.550101302 0.005 0.208 0.0 0.176271186441 5 295 21
248 35 -180.051895667 371.511356284 0.005 0.109 nan 0.266666666667 0 300 21
253 4 -127.057715802 265.522996554 0.005 0.802 0.0 0.0 97 203 21
256 10 -164.298742588 340.005050125 0.005 0.406 0.0 0.0294117647059 130 170 21
257 24 -103.815066365 219.037697679 0.005 0.505 0.0769230769231 0.0557491289199 13 287 21
258 8 -183.294108337 377.995781624 0.005 0.109 nan 0.293333333333 0 300 21
259 14 -172.9468506 357.301266149 0.005 0.406 0.0 0.00609756097561 136 164 21
260 13 -151.562341248 314.532247446 0.005 0.406 0.0 0.0570175438596 72 228 21
261 7 -166.517991304 344.443547557 0.005 0.208 0.0 0.200668896321 1 299 21
262 11 -162.068548707 335.544662362 0.005 0.208 0.0714285714286 0.172794117647 28 272 21
263 8 -199.870293366 411.148151682 0.005 0.208 0.0 0.0396825396825 174 126 21
264 3 -200.638150828 412.683866605 0.005 0.109 0.0 0.0675675675676 152 148 21
1519 17 -169.347149305 350.10186356 0.005 0.208 0.0 0.139917695473 57 243 21
1520 4 -153.131782574 317.671130097 0.005 0.208 0.142857142857 0.170648464164 7 293 21
1521 17 -164.052362032 339.512289013 0.01 0.208 0.25 0.233108108108 4 296 21
1523 14 -179.460729122 370.329023193 0.005 0.109 nan 0.28 0 300 21
1524 11 -147.789161582 306.985888114 0.005 0.406 0.013698630137 0.0484581497797 73 227 21
1525 12 -169.547393784 350.502352517 0.005 0.208 0.333333333333 0.228956228956 3 297 21
1526 11 -161.294425182 333.996415313 0.005 0.406 0.0 0.020942408377 109 191 21
1527 15 -178.973568504 369.354701958 0.005 0.109 nan 0.28 0 300 21
1528 2 -160.916576165 333.24071728 0.005 0.208 nan 0.196666666667 0 300 21
1529 2 -144.103614678 299.614794304 0.005 0.505 0.0 0.0252525252525 102 198 21
1530 15 -119.135497168 249.678559285 0.005 0.703 0.0 0.00446428571429 76 224 21
1531 10 -147.346759916 306.101084781 0.005 0.208 0.333333333333 0.175084175084 3 297 21
1532 15 -147.879434939 307.166434828 0.005 0.307 0.0 0.107142857143 48 252 21
1533 22 -112.902146297 237.211857544 0.005 0.604 0.0 0.0392156862745 45 255 21
1534 19 -175.913157401 363.233879751 0.005 0.109 0.5 0.238255033557 2 298 21
1535 15 -155.882922533 323.173410016 0.005 0.406 0.0 0.0368421052632 110 190 21
1536 5 -172.107820526 355.623206001 0.005 0.307 0.0 0.0348837209302 128 172 22
1537 12 -118.765264294 248.938093537 0.005 0.901 0.0 0.0 92 208 22
1538 32 -191.914117448 395.235799846 0.005 0.109 nan 0.313333333333 0 300 22
1539 24 -155.841585506 323.090735961 0.005 0.406 0.0 0.025 100 200 22
1540 8 -142.956448128 297.320461206 0.005 0.307 0.0 0.080971659919 53 247 22
1541 11 -175.650617613 362.708800174 0.005 0.109 nan 0.256666666667 0 300 22
1542 7 -143.153336553 297.714238056 0.005 0.307 0.0 0.125448028674 21 279 22
1543 7 -132.14920382 275.705972589 0.005 0.604 0.0 0.0196078431373 96 204 22
1544 13 -137.356497072 286.120559093 0.005 0.406 0.0 0.0717131474104 49 251 22
1545 25 -149.18046104 309.768487029 0.005 0.208 0.0 0.166666666667 18 282 22
1546 12 -163.717534874 338.842634698 0.005 0.307 0.0 0.0518134715026 107 193 22
1547 23 -207.73672584 426.881016629 0.105 0.01 0.636363636364 0.491349480969 11 289 22
1549 27 -157.859267288 327.126099526 0.005 0.208 0.5 0.194630872483 2 298 22
1550 4 -122.840962578 257.089490105 0.005 0.703 0.0 0.00877192982456 72 228 22
1553 11 -164.192777334 339.793119617 0.005 0.208 0.0 0.110655737705 56 244 22
140 11 -110.927879053 233.263323055 0.005 0.703 0.0 0.0131004366812 71 229 22
141 4 -139.91191701 291.231398969 0.005 0.604 0.0 0.0152284263959 103 197 22
142 10 -123.592538703 258.592642355 0.005 0.604 0.0 0.013698630137 81 219 22
143 21 -184.204050404 379.815665758 0.005 0.109 nan 0.306666666667 0 300 22
144 16 -125.113849876 261.635264702 0.005 0.604 0.0 0.0266666666667 75 225 22
145 10 -149.292509792 309.992584533 0.005 0.406 0.0 0.039603960396 98 202 22
146 24 -179.059650123 369.526865196 0.005 0.109 0.166666666667 0.248299319728 6 294 22
147 11 -130.233092139 271.873749227 0.005 0.604 0.0 0.0265486725664 74 226 22
148 3 -154.241740363 319.891045675 0.005 0.307 0.0 0.108597285068 79 221 22
149 5 -158.767491218 328.942547385 0.005 0.208 nan 0.22 0 300 22
150 25 -148.180699095 307.768963139 0.005 0.406 0.0 0.0343137254902 96 204 22
151 21 -154.85206864 321.111702228 0.005 0.307 0.0 0.106382978723 65 235 22
152 9 -112.292779597 235.993124143 0.005 0.505 0.0 0.0763636363636 25 275 22
153 15 -200.254451834 411.916468617 0.005 0.109 nan 0.356666666667 0 300 22
154 3 -158.661948499 328.731461947 0.005 0.505 0.0 0.00581395348837 128 172 22
155 0 -118.854442907 249.116450763 0.005 0.703 0.0 0.0047619047619 90 210 22
157 8 -178.234908254 367.877381457 0.005 0.109 0.125 0.260273972603 8 292 22
158 9 -140.10042962 291.60842419 0.005 0.406 0.0 0.0394736842105 72 228 22
159 15 -131.471175589 274.349916128 0.005 0.406 0.153846153846 0.102189781022 26 274 22
160 29 -137.605481311 286.61852757 0.005 0.307 0.0 0.121771217712 29 271 22
161 4 -130.428520213 272.264605376 0.005 0.703 0.0 0.00473933649289 89 211 22
162 19 -193.622185639 398.651936227 0.005 0.109 0.5 0.322147651007 2 298 22
163 3 -179.592682918 370.592930786 0.005 0.307 0.0 0.00719424460432 161 139 22
164 2 -144.977082578 301.361730106 0.005 0.406 0.0 0.0616740088106 73 227 22
165 12 -178.84784802 369.103260989 0.005 0.109 nan 0.283333333333 0 300 22
166 1 -138.857916707 289.123398364 0.005 0.406 0.0 0.0775510204082 55 245 22
168 37 -157.048704069 325.504973088 0.005 0.208 0.166666666667 0.200680272109 6 294 22
170 12 -157.939050603 327.285666155 0.005 0.208 0.0 0.172794117647 28 272 22
171 5 -146.256861343 303.921287636 0.005 0.307 0.0277777777778 0.121212121212 36 264 22
172 9 -154.167159258 319.741883465 0.005 0.208 0.0 0.14552238806 32 268 22
173 5 -142.532295118 296.472155185 0.005 0.307 0.0232558139535 0.0933852140078 43 257 22
174 1 -131.589446325 274.586457598 0.005 0.406 0.0357142857143 0.0882352941176 28 272 22
175 12 -144.875567194 301.158699337 0.005 0.505 0.0 0.0288461538462 92 208 22
176 21 -175.439197451 362.285959851 0.005 0.307 0.0 0.00657894736842 148 152 22
177 40 -197.680002844 406.767570637 0.035 0.109 1.0 0.363636363636 3 297 22
178 8 -124.237815535 259.883196019 0.005 0.406 0.0 0.0817843866171 31 269 22
179 4 -177.278525816 365.964616582 0.005 0.109 nan 0.27 0 300 22
180 8 -165.76913271 342.94583037 0.005 0.208 0.111111111111 0.223367697595 9 291 22
181 4 -183.119502985 377.64657092 0.005 0.109 nan 0.283333333333 0 300 22
183 5 -166.463830898 344.335226746 0.005 0.208 0.0 0.157894736842 53 247 22
184 3 -149.823608424 311.054781798 0.005 0.307 0.0 0.110266159696 37 263 22
185 7 -159.004906064 329.417377078 0.005 0.307 0.0 0.0686274509804 96 204 22
186 11 -137.393227708 286.194020366 0.005 0.406 0.016393442623 0.0585774058577 61 239 22
187 8 -158.730940308 328.869445565 0.005 0.307 0.0 0.11013215859 73 227 22
188 20 -168.453016245 348.31359744 0.005 0.208 0.0 0.195205479452 8 292 22
189 3 -166.279744313 343.967053576 0.005 0.208 0.142857142857 0.225255972696 7 293 22
190 32 -199.778341348 410.964247645 0.04 0.109 0.133333333333 0.378947368421 15 285 22
192 7 -133.112677977 277.632920904 0.005 0.604 0.0 0.0184331797235 83 217 22
193 2 -178.204159718 367.815884385 0.005 0.208 0.0 0.12380952381 90 210 22
194 9 -163.077425021 337.562414991 0.005 0.307 0.0117647058824 0.116279069767 85 215 22
195 9 -152.99610758 317.399780108 0.005 0.208 0.0 0.138576779026 33 267 22
196 0 -132.909309829 277.226184607 0.005 0.604 0.0 0.0141509433962 88 212 22
197 23 -178.269332587 367.946230123 0.005 0.109 0.0 0.228373702422 11 289 22
198 8 -135.018947484 281.445459918 0.005 0.703 0.0 0.0 115 185 22
199 11 -109.360228982 230.128022913 0.005 0.604 0.0232558139535 0.0311284046693 43 257 22
200 22 -158.138958713 327.685482375 0.005 0.307 0.00934579439252 0.0621761658031 107 193 22
202 17 -138.46415826 288.335881469 0.005 0.406 0.0 0.0692307692308 40 260 22
203 7 -154.188108433 319.783781816 0.005 0.307 0.0 0.0996015936255 49 251 22
204 22 -125.799442557 263.006450063 0.005 0.703 0.0 0.00478468899522 91 209 22
206 32 -155.918729084 323.245023118 0.005 0.406 0.0 0.0253807106599 103 197 22
207 6 -136.837375483 285.082315916 0.005 0.406 0.0384615384615 0.0766129032258 52 248 22
208 34 -159.347018561 330.101602071 0.005 0.208 nan 0.206666666667 0 300 22
212 1 -149.782662898 310.972890746 0.005 0.307 0.0 0.101960784314 45 255 22
213 18 -208.094730141 427.597025232 0.205 0.01 0.545454545455 0.50936329588 33 267 22
215 8 -143.421927532 298.251420014 0.005 0.307 0.0 0.0775510204082 55 245 22
216 1 -129.793004502 270.993573953 0.005 0.604 0.0 0.00917431192661 82 218 22
217 16 -168.146725306 347.701015561 0.005 0.208 1.0 0.220735785953 1 299 22
218 3 -177.270211265 365.947987479 0.005 0.307 0.0 0.0714285714286 132 168 22
220 26 -132.775615142 276.958795233 0.005 0.604 0.0 0.0 105 195 22
221 3 -139.170263409 289.748091768 0.005 0.505 0.0 0.0227272727273 80 220 22
223 15 -154.244920854 319.897406657 0.005 0.505 0.0 0.00581395348837 128 172 22
225 4 -76.3631826369 164.133930223 0.005 1.0 0.0 0.00383141762452 39 261 22
226 22 -144.161190243 299.729945436 0.005 0.307 0.0 0.116363636364 25 275 22
227 39 -154.418250774 320.244066498 0.005 0.307 0.0 0.0991379310345 68 232 22
228 12 -117.699443907 246.806452763 0.005 0.802 0.0 0.0132158590308 73 227 22
229 16 -147.369572844 306.146710637 0.005 0.406 0.0 0.042654028436 89 211 22
230 8 -142.116912527 295.641390004 0.005 0.307 0.0 0.119402985075 32 268 22
231 40 -159.912263312 331.232091574 0.005 0.307 0.0 0.101214574899 53 247 22
232 7 -119.93950063 251.286566209 0.005 0.604 0.0 0.0262008733624 71 229 22
234 8 -150.236874083 311.881313116 0.005 0.307 0.02 0.124 50 250 22
235 11 -156.082318735 323.57220242 0.005 0.307 0.015625 0.0762711864407 64 236 22
236 12 -154.961828406 321.331221761 0.005 0.307 0.0 0.0782608695652 70 230 22
237 3 -147.561611229 306.530787407 0.005 0.307 0.0 0.102661596958 37 263 22
238 25 -152.422431567 316.252428082 0.005 0.208 0.0526315789474 0.156583629893 19 281 22
240 3 -123.409666432 258.226897813 0.005 0.802 0.0 0.0136363636364 80 220 22
241 4 -144.731611064 300.870787077 0.005 0.307 0.0 0.138888888889 12 288 22
242 7 -143.635904977 298.679374903 0.005 0.505 0.0 0.029702970297 98 202 22
243 13 -182.651049406 376.709663761 0.005 0.109 0.0 0.229838709677 52 248 22
244 28 -154.457117775 320.321800499 0.005 0.208 0.0 0.133828996283 31 269 22
245 9 -149.279425312 309.966415573 0.005 0.406 0.0 0.0418604651163 85 215 22
247 15 -164.172496708 339.752558365 0.005 0.307 0.0 0.047619047619 111 189 22
248 35 -180.862241329 373.132047607 0.005 0.109 nan 0.29 0 300 22
253 4 -156.014054491 323.435673932 0.005 0.406 0.0 0.0621761658031 107 193 22
256 10 -109.281947197 229.971459344 0.005 0.802 0.0 0.00452488687783 79 221 22
257 24 -157.473782381 326.355129712 0.005 0.406 0.0 0.031914893617 112 188 22
258 8 -162.55476824 336.51710143 0.005 0.208 0.0 0.149019607843 45 255 22
259 14 -148.418269897 308.244104744 0.005 0.406 0.0125 0.0636363636364 80 220 22
260 13 -164.906147455 341.21985986 0.005 0.208 0.0 0.175373134328 32 268 22
261 7 -176.277697823 363.962960595 0.005 0.109 0.0 0.240418118467 13 287 22
262 11 -141.720871157 294.849307264 0.005 0.307 0.0 0.0888030888031 41 259 22
263 8 -140.635073426 292.677711802 0.005 0.406 0.0192307692308 0.0806451612903 52 248 22
264 3 -151.970081992 315.347728933 0.005 0.406 0.00990099009901 0.0552763819095 101 199 22
1519 17 -156.94150731 325.290579569 0.005 0.208 nan 0.183333333333 0 300 22
1520 4 -108.896214615 229.199994179 0.005 0.604 0.0 0.0389105058366 43 257 22
1521 17 -153.061296254 317.530157457 0.005 0.406 0.0 0.0607476635514 86 214 22
1523 14 -95.0763017551 201.560168459 0.005 0.703 0.0 0.019305019305 41 259 22
1524 11 -110.646425248 232.700415445 0.005 0.802 0.0 0.0169491525424 64 236 22
1525 12 -156.958142836 325.323850621 0.005 0.208 nan 0.203333333333 0 300 22
1526 11 -139.246083638 289.899732224 0.005 0.505 0.0 0.015306122449 104 196 22
1527 15 -164.280306114 339.968177176 0.01 0.208 0.5 0.234899328859 2 298 22
1528 2 -110.500690885 232.408946719 0.005 0.901 0.0 0.00446428571429 76 224 22
1529 2 -108.661171586 228.729908122 0.005 1.0 0.0 0.00452488687783 79 221 22
1530 15 -133.304459044 278.016483036 0.005 0.406 0.016393442623 0.0543933054393 61 239 22
1531 10 -155.786452233 322.980469415 0.005 0.307 0.0117647058824 0.0744186046512 85 215 22
1532 15 -141.954055512 295.315675974 0.005 0.307 0.0 0.0965250965251 41 259 22
1533 22 -99.8621444426 211.131853835 0.005 0.604 0.0 0.0456273764259 37 263 22
1534 19 -173.715058228 358.837681405 0.005 0.109 nan 0.253333333333 0 300 22
1535 15 -155.584947471 322.577459892 0.005 0.208 0.0 0.170909090909 25 275 22
1536 5 -153.23617173 317.879908409 0.005 0.307 0.0 0.08 75 225 23
1537 12 -161.131070071 333.669705092 0.005 0.208 0.05 0.171428571429 20 280 23
1538 32 -184.855368421 381.118301791 0.005 0.109 0.25 0.283783783784 4 296 23
1539 24 -119.428345063 250.264255076 0.005 0.703 0.0 0.00485436893204 94 206 23
1540 8 -149.647770429 310.703105806 0.005 0.307 0.0 0.110294117647 28 272 23
1541 11 -178.392033349 368.191631647 0.005 0.109 nan 0.27 0 300 23
1542 7 -157.05848197 325.524528889 0.005 0.208 0.111111111111 0.175257731959 9 291 23
1543 7 -81.6027051078 174.612975165 0.005 1.0 0.0 0.00796812749004 49 251 23
1544 13 -172.601546703 356.610658354 0.005 0.307 0.0 0.089552238806 99 201 23
1545 25 -132.123797421 275.655159791 0.005 0.307 0.0 0.0962962962963 30 270 23
1546 12 -129.263185559 269.933936068 0.005 0.604 0.0 0.0141509433962 88 212 23
1547 23 -207.922178243 427.251921436 0.205 0.01 0.551724137931 0.505535055351 29 271 23
1549 27 -152.044608279 315.496781507 0.005 0.406 0.0 0.0562770562771 69 231 23
1550 4 -177.778395277 366.964355504 0.005 0.109 nan 0.266666666667 0 300 23
1553 11 -156.941930698 325.291426346 0.005 0.208 0.0 0.180212014134 17 283 23
140 11 -159.766678632 330.940922213 0.005 0.505 0.0 0.00609756097561 136 164 23
141 4 -136.206012994 283.819590937 0.005 0.307 0.0 0.08203125 44 256 23
142 10 -122.315421845 256.038408639 0.005 0.604 0.0 0.0136363636364 80 220 23
143 21 -185.994221771 383.396008491 0.005 0.109 nan 0.306666666667 0 300 23
144 16 -126.327704607 264.062974164 0.005 0.604 0.0 0.0265486725664 74 226 23
145 10 -160.469380858 332.346326665 0.005 0.307 0.0 0.0986547085202 77 223 23
146 24 -174.472265625 360.352096199 0.005 0.307 0.0 0.0350877192982 129 171 23
147 11 -145.791491142 302.990547233 0.005 0.406 0.0 0.0511627906977 85 215 23
148 3 -168.29240726 347.99237947 0.005 0.307 0.0 0.0523255813953 128 172 23
149 5 -151.359560506 314.126685961 0.005 0.208 1.0 0.1872909699 1 299 23
150 25 -171.452742063 354.313049075 0.005 0.307 0.00793650793651 0.0459770114943 126 174 23
151 21 -160.912360057 333.232285063 0.005 0.208 0.027397260274 0.127753303965 73 227 23
152 9 -105.592588973 222.592742895 0.005 0.901 0.0 0.0 81 219 23
153 15 -181.737433522 374.882431993 0.005 0.109 nan 0.28 0 300 23
154 3 -169.869865219 351.147295388 0.005 0.208 nan 0.236666666667 0 300 23
155 0 -142.596547255 296.600659459 0.005 0.505 0.0108695652174 0.0288461538462 92 208 23
157 8 -176.69805849 364.80368193 0.005 0.109 nan 0.263333333333 0 300 23
158 9 -149.949904051 311.307373051 0.005 0.208 0.166666666667 0.148936170213 18 282 23
159 15 -135.144433063 281.696431075 0.005 0.505 0.0147058823529 0.0474137931034 68 232 23
160 29 -153.207726717 317.823018384 0.005 0.307 0.0149253731343 0.0901287553648 67 233 23
161 4 -190.363606964 392.134778877 0.005 0.208 0.0 0.00704225352113 158 142 23
162 19 -192.766352066 396.940269082 0.005 0.109 0.5 0.318791946309 2 298 23
163 3 -142.561937843 296.531440634 0.005 0.505 0.0 0.015306122449 104 196 23
164 2 -154.309361202 320.026287354 0.005 0.406 0.0 0.0358974358974 105 195 23
165 12 -173.410924623 358.229414196 0.005 0.109 nan 0.253333333333 0 300 23
166 1 -118.191908908 247.791382765 0.005 0.505 0.0 0.0544747081712 43 257 23
168 37 -158.479548093 328.366661136 0.005 0.208 0.0 0.164794007491 33 267 23
170 12 -128.647776039 268.703117028 0.005 0.406 0.0 0.0814814814815 30 270 23
171 5 -149.013637783 309.434840515 0.005 0.208 0.0 0.177852348993 2 298 23
172 9 -163.857072613 339.121710176 0.005 0.208 0.0 0.148 50 250 23
173 5 -164.666451504 340.740467956 0.005 0.307 0.0 0.070652173913 116 184 23
174 1 -125.667863472 262.743291892 0.005 0.505 0.0 0.0403225806452 52 248 23
175 12 -151.908861992 315.225288934 0.005 0.208 0.0 0.155797101449 24 276 23
176 21 -168.709260625 348.826086199 0.005 0.208 nan 0.23 0 300 23
177 40 -191.557545496 394.522655942 0.025 0.109 nan 0.346666666667 0 300 23
178 8 -151.608726162 314.625017272 0.005 0.406 0.0 0.0403587443946 77 223 23
179 4 -171.831046416 355.069657781 0.005 0.208 0.0294117647059 0.127819548872 34 266 23
180 8 -165.398885516 342.205335981 0.005 0.307 0.0 0.0975609756098 95 205 23
181 4 -131.990237146 275.388039241 0.005 0.505 0.0 0.0371900826446 58 242 23
183 5 -135.396400543 282.200366034 0.005 0.604 0.0 0.018779342723 87 213 23
184 3 -153.342515347 318.092595643 0.005 0.208 0.0 0.177536231884 24 276 23
185 7 -115.369808932 242.147182814 0.005 0.505 0.0 0.0434782608696 47 253 23
186 11 -149.101322038 309.610209025 0.005 0.307 0.0 0.124481327801 59 241 23
187 8 -130.836354535 273.08027402 0.005 0.505 0.0 0.0379746835443 63 237 23
188 20 -98.460488138 208.328541225 0.005 1.0 0.0 0.0 67 233 23
189 3 -178.501341202 368.410247354 0.005 0.109 0.142857142857 0.238907849829 7 293 23
190 32 -195.858373661 403.124312271 0.02 0.109 0.4 0.352542372881 5 295 23
192 7 -151.141734857 313.691034664 0.005 0.208 0.0 0.170138888889 12 288 23
193 2 -131.711588443 274.830741836 0.005 0.406 0.0 0.0512820512821 66 234 23
194 9 -122.203287291 255.81413953 0.005 0.802 0.0 0.00934579439252 86 214 23
195 9 -167.890645188 347.188855325 0.005 0.307 0.0 0.0233918128655 129 171 23
196 0 -160.604601477 332.616767904 0.005 0.208 nan 0.213333333333 0 300 23
197 23 -192.275202598 395.957970146 0.005 0.109 nan 0.333333333333 0 300 23
198 8 -114.007345021 239.422254991 0.005 0.703 0.0 0.0127659574468 65 235 23
199 11 -88.147116465 187.701797879 0.005 1.0 0.0 0.011673151751 43 257 23
200 22 -115.602872772 242.613310493 0.005 0.406 0.047619047619 0.0824372759857 21 279 23
202 17 -163.36944067 338.14644629 0.005 0.208 nan 0.233333333333 0 300 23
203 7 -151.938174605 315.28391416 0.005 0.307 0.031746031746 0.10970464135 63 237 23
204 22 -142.67551613 296.75859721 0.005 0.604 0.0 0.0 114 186 23
206 32 -160.219086845 331.845738639 0.005 0.208 0.0 0.189591078067 31 269 23
207 6 -140.073408253 291.554381456 0.005 0.604 0.0 0.00540540540541 115 185 23
208 34 -159.955464901 331.318494751 0.005 0.208 nan 0.216666666667 0 300 23
212 1 -150.3542705 312.11610595 0.005 0.406 0.0 0.0108108108108 115 185 23
213 18 -208.050518663 427.508602275 0.205 0.01 0.435897435897 0.51724137931 39 261 23
215 8 -138.135448224 287.678461397 0.005 0.505 0.0 0.0491803278689 56 244 23
216 1 -110.178333203 231.764231355 0.005 0.703 0.0169491525424 0.0165975103734 59 241 23
217 16 -169.744234599 350.896034147 0.005 0.208 0.0 0.150197628458 47 253 23
218 3 -167.377379757 346.162324464 0.005 0.307 0.0 0.0418848167539 109 191 23
220 26 -156.96508656 325.337738069 0.005 0.604 0.0 0.0 123 177 23
221 3 -134.640690675 280.688946299 0.005 0.604 0.0 0.0182648401826 81 219 23
223 15 -145.407170029 302.221905007 0.005 0.505 0.0 0.0283018867925 88 212 23
225 4 -154.592773606 320.593112162 0.005 0.208 0.0 0.171641791045 32 268 23
226 22 -144.456869841 300.32130463 0.005 0.208 0.166666666667 0.166666666667 6 294 23
227 39 -168.52495635 348.45747765 0.005 0.208 nan 0.226666666667 0 300 23
228 12 -151.134540563 313.676646076 0.005 0.307 0.0294117647059 0.109022556391 34 266 23
229 16 -167.566749527 346.541064004 0.005 0.307 0.0 0.0561797752809 122 178 23
230 8 -131.549615824 274.506796597 0.005 0.505 0.0 0.0431034482759 68 232 23
231 40 -156.909261631 325.226088212 0.005 0.307 0.0 0.0901639344262 56 244 23
232 7 -145.78719999 302.98196493 0.005 0.208 nan 0.166666666667 0 300 23
234 8 -90.9742740382 193.356113026 0.005 1.0 0.0 0.00819672131148 56 244 23
235 11 -148.009838045 307.427241039 0.005 0.406 0.0 0.0657276995305 87 213 23
236 12 -153.357053872 318.121672694 0.005 0.307 0.0169491525424 0.0705394190871 59 241 23
237 3 -160.718120978 332.843806906 0.005 0.208 0.0 0.118367346939 55 245 23
238 25 -102.139358824 215.686282596 0.005 0.703 0.0 0.0199203187251 49 251 23
240 3 -149.743896664 310.895358278 0.005 0.406 0.0 0.045 100 200 23
241 4 -142.226738978 295.861042906 0.005 0.505 0.0 0.019801980198 98 202 23
242 7 -148.209389199 307.826343347 0.005 0.406 0.0 0.024154589372 93 207 23
243 13 -172.750388702 356.908342353 0.005 0.208 0.0769230769231 0.236933797909 13 287 23
244 28 -166.868795212 345.145155374 0.005 0.208 nan 0.233333333333 0 300 23
245 9 -62.2326506373 135.872866224 0.005 1.0 0.0 0.00719424460432 22 278 23
247 15 -121.528574431 254.464713811 0.005 0.406 0.0 0.0583941605839 26 274 23
248 35 -179.066324568 369.540214084 0.005 0.109 nan 0.27 0 300 23
253 4 -124.731273995 260.87011294 0.005 0.703 0.0 0.0 96 204 23
256 10 -108.046182246 227.499929441 0.005 0.802 0.0 0.0167364016736 61 239 23
257 24 -96.8276835568 205.062932063 0.005 0.703 0.0 0.0192307692308 40 260 23
258 8 -127.604246572 266.616058092 0.005 0.505 0.0 0.0411522633745 57 243 23
259 14 -158.935818689 329.279202326 0.005 0.307 0.0151515151515 0.0982905982906 66 234 23
260 13 -160.026297689 331.460160328 0.005 0.208 0.0689655172414 0.191881918819 29 271 23
261 7 -181.783117241 374.973799431 0.005 0.109 nan 0.273333333333 0 300 23
262 11 -134.371748714 280.151062378 0.005 0.307 0.0526315789474 0.103202846975 19 281 23
263 8 -142.011627395 295.43081974 0.005 0.505 0.0 0.00502512562814 101 199 23
264 3 -117.272615824 245.952796597 0.005 0.703 0.0 0.0127659574468 65 235 23
1519 17 -186.201451674 383.810468298 0.005 0.109 nan 0.306666666667 0 300 23
1520 4 -131.215354628 273.838274206 0.005 0.604 0.0 0.0311111111111 75 225 23
1521 17 -120.589790758 252.587146466 0.005 0.703 0.0 0.0179372197309 77 223 23
1523 14 -156.967936317 325.343437583 0.005 0.208 nan 0.213333333333 0 300 23
1524 11 -160.414892373 332.237349695 0.005 0.307 0.0 0.108 50 250 23
1525 12 -176.073087944 363.553740837 0.005 0.109 0.0454545454545 0.230215827338 22 278 23
1526 11 -155.926206091 323.259977132 0.005 0.406 0.0 0.0735294117647 96 204 23
1527 15 -147.268488188 305.944541325 0.005 0.307 0.0 0.0830039525692 47 253 23
1528 2 -180.530012725 372.4675904 0.005 0.307 0.0078125 0.046511627907 128 172 23
1529 2 -132.121412633 275.650390216 0.005 0.307 0.5 0.114093959732 2 298 23
1530 15 -158.953437074 329.314439096 0.005 0.307 0.0 0.0585365853659 95 205 23
1531 10 -142.597248914 296.602062778 0.005 0.505 0.0 0.027397260274 81 219 23
1532 15 -164.100196637 339.607958224 0.005 0.208 0.0 0.143442622951 56 244 23
1533 22 -130.2316098 271.870784549 0.005 0.307 0.222222222222 0.127147766323 9 291 23
1534 19 -177.735172181 366.877909311 0.005 0.109 0.5 0.251677852349 2 298 23
1535 15 -168.124636434 347.656837818 0.005 0.208 0.5 0.218120805369 2 298 23
1536 5 -155.322801661 322.053168271 0.005 0.208 0.0 0.200692041522 11 289 24
1537 12 -135.938518935 283.284602819 0.005 0.307 0.0 0.113475177305 18 282 24
1538 32 -180.196063193 371.799691335 0.005 0.109 nan 0.266666666667 0 300 24
1539 24 -66.6452418735 144.698048696 0.005 1.0 0.0526315789474 0.0106761565836 19 281 24
1540 8 -163.298419175 338.004403299 0.005 0.208 nan 0.223333333333 0 300 24
1541 11 -174.502271103 360.412107155 0.005 0.208 0.05 0.207142857143 20 280 24
1542 7 -161.3662661 334.140097149 0.005 0.208 nan 0.226666666667 0 300 24
1543 7 -159.93567401 331.278912969 0.005 0.406 0.0 0.0331491712707 119 181 24
1544 13 -151.18294513 313.77345521 0.005 0.208 0.3 0.162068965517 10 290 24
1545 25 -149.818768807 311.045102563 0.005 0.406 0.0 0.0445544554455 98 202 24
1546 12 -146.109168231 303.625901412 0.005 0.505 0.0 0.0338164251208 93 207 24
1547 23 -206.658337702 424.724240353 0.205 0.109 0.458333333333 0.448412698413 48 252 24
1549 27 -154.353873708 320.115312365 0.005 0.208 0.214285714286 0.167832167832 14 286 24
1550 4 -165.609388514 342.626341977 0.005 0.307 0.0 0.0555555555556 84 216 24
1553 11 -170.374671032 352.156907014 0.005 0.208 nan 0.233333333333 0 300 24
140 11 -152.506943033 316.421451016 0.005 0.307 0.0277777777778 0.117424242424 36 264 24
141 4 -165.059191354 341.525947657 0.005 0.307 0.0 0.064039408867 97 203 24
142 10 -152.988415486 317.384395922 0.005 0.406 0.0 0.03 100 200 24
143 21 -188.184778335 387.777121619 0.005 0.109 nan 0.32 0 300 24
144 16 -147.408016766 306.223598482 0.005 0.604 0.0 0.0 125 175 24
145 10 -170.98178193 353.371128809 0.005 0.208 0.0 0.2 35 265 24
146 24 -128.921662637 269.250890223 0.005 0.505 0.0 0.0183486238532 82 218 24
147 11 -137.992483275 287.392531499 0.005 0.406 0.0 0.0702479338843 58 242 24
148 3 -178.635130588 368.677826125 0.005 0.109 0.0 0.222222222222 21 279 24
149 5 -157.996885 327.401334949 0.005 0.307 0.0 0.0561224489796 104 196 24
150 25 -91.8837642118 195.175093373 0.005 0.901 0.0 0.0119047619048 48 252 24
151 21 -134.798952573 281.005470095 0.005 0.505 0.0 0.0418410041841 61 239 24
152 9 -132.046047948 275.499660844 0.005 0.604 0.0 0.0144927536232 93 207 24
153 15 -179.604273141 370.616111232 0.005 0.208 0.0 0.186507936508 48 252 24
154 3 -145.177474848 301.762514645 0.005 0.505 0.0 0.0108108108108 115 185 24
155 0 -144.005635074 299.418835098 0.005 0.505 0.0 0.0246305418719 97 203 24
157 8 -178.386556695 368.18067834 0.005 0.109 nan 0.28 0 300 24
158 9 -153.072271697 317.552108343 0.005 0.505 0.0 0.0163043478261 116 184 24
159 15 -148.866997373 309.141559696 0.005 0.208 1.0 0.173913043478 1 299 24
160 29 -173.127477322 357.662519593 0.005 0.208 0.0 0.117924528302 88 212 24
161 4 -160.79465012 332.99686519 0.005 0.307 0.0 0.0582524271845 94 206 24
162 19 -187.9758461 387.35925715 0.005 0.109 nan 0.323333333333 0 300 24
163 3 -140.503352609 292.414270168 0.005 0.505 0.0 0.0288461538462 92 208 24
164 2 -129.793569696 270.994704342 0.005 0.505 0.0 0.0528455284553 54 246 24
165 12 -155.214527447 321.836619843 0.005 0.307 0.0131578947368 0.0758928571429 76 224 24
166 1 -166.434974473 344.277513896 0.005 0.208 0.0 0.122171945701 79 221 24
168 37 -174.681350456 360.770265861 0.005 0.109 0.0833333333333 0.232638888889 12 288 24
170 12 -147.525909 306.45938295 0.005 0.307 0.0 0.0954356846473 59 241 24
171 5 -133.345382441 278.098329832 0.005 0.505 0.0 0.0393013100437 71 229 24
172 9 -144.048086736 299.503738421 0.005 0.307 0.0 0.0948905109489 26 274 24
173 5 -133.298560361 278.004685671 0.005 0.505 0.0 0.0391304347826 70 230 24
174 1 -153.32096924 318.04950343 0.005 0.208 nan 0.21 0 300 24
175 12 -128.357497087 268.122559123 0.005 0.406 0.0384615384615 0.0839416058394 26 274 24
176 21 -182.031419845 375.470404639 0.005 0.109 0.0 0.236363636364 25 275 24
177 40 -206.370583822 424.148732594 0.005 0.01 nan 0.416666666667 0 300 24
178 8 -91.3400485377 194.087662025 0.005 0.901 0.0 0.0150943396226 35 265 24
179 4 -177.272898358 365.953361664 0.005 0.208 0.0 0.15859030837 73 227 24
180 8 -144.412732273 300.233029496 0.005 0.307 0.0 0.0689655172414 39 261 24
181 4 -157.852863125 327.1132912 0.005 0.208 0.0 0.191637630662 13 287 24
183 5 -174.709362583 360.826290115 0.005 0.109 0.0 0.234113712375 1 299 24
184 3 -139.990780978 291.389126906 0.005 0.505 0.0 0.015306122449 104 196 24
185 7 -132.603053514 276.613671977 0.005 0.406 0.0 0.0740740740741 30 270 24
186 11 -165.115784934 341.639134818 0.005 0.307 0.0 0.06 100 200 24
187 8 -98.4583369702 208.32423889 0.005 1.0 0.0166666666667 0.00833333333333 60 240 24
188 20 -158.948020621 329.30360619 0.005 0.208 0.0 0.182795698925 21 279 24
189 3 -175.187357062 361.782279073 0.005 0.208 0.0 0.194552529183 43 257 24
190 32 -197.402989855 406.213544659 0.015 0.109 nan 0.356666666667 0 300 24
192 7 -140.809379768 293.026324486 0.005 0.307 0.1 0.151724137931 10 290 24
193 2 -142.615355818 296.638276585 0.005 0.604 0.01 0.03 100 200 24
194 9 -123.545506018 258.498576986 0.005 0.406 0.0 0.0671641791045 32 268 24
195 9 -175.276158525 361.959881999 0.005 0.109 nan 0.26 0 300 24
196 0 -163.764516078 338.936597105 0.005 0.208 0.0 0.116883116883 69 231 24
197 23 -185.303045522 382.013655994 0.005 0.109 nan 0.3 0 300 24
198 8 -124.203957326 259.815479602 0.005 0.901 0.00961538461538 0.00510204081633 104 196 24
199 11 -115.693424155 242.794413259 0.005 0.505 0.0 0.0490566037736 35 265 24
200 22 -93.4252758301 198.25811661 0.005 0.802 0.0 0.012 50 250 24
202 17 -178.247706651 367.902978251 0.005 0.109 nan 0.266666666667 0 300 24
203 7 -84.6530576543 180.713680258 0.005 1.0 0.0 0.0161290322581 52 248 24
204 22 -143.880283034 299.168131017 0.005 0.208 0.4 0.152542372881 5 295 24
206 32 -139.90128907 291.210143089 0.005 0.307 0.0 0.0894941634241 43 257 24
207 6 -120.577426945 252.56241884 0.005 0.505 0.0454545454545 0.05859375 44 256 24
208 34 -166.007132693 343.421830336 0.005 0.208 0.0142857142857 0.117391304348 70 230 24
212 1 -137.046583911 285.500732772 0.005 0.703 0.0 0.0148514851485 98 202 24
213 18 -207.841668843 427.090902636 0.035 0.01 0.5 0.489932885906 2 298 24
215 8 -148.23394597 307.875456889 0.005 0.406 0.0 0.0388349514563 94 206 24
216 1 -136.999781136 285.407127222 0.005 0.505 0.0 0.00980392156863 96 204 24
217 16 -182.722177751 376.851920452 0.005 0.307 0.0 0.0519480519481 146 154 24
218 3 -153.895808043 319.199181035 0.005 0.307 0.0 0.125506072874 53 247 24
220 26 -154.811750468 321.031065886 0.005 0.406 0.0 0.0315789473684 110 190 24
221 3 -169.199108603 349.805782156 0.005 0.208 nan 0.243333333333 0 300 24
223 15 -136.660689633 284.728944216 0.005 0.307 0.0571428571429 0.109433962264 35 265 24
225 4 -170.068067981 351.543700912 0.005 0.208 0.0 0.178423236515 59 241 24
226 22 -130.164735843 271.737036636 0.005 0.505 0.0 0.036866359447 83 217 24
227 39 -139.586117467 290.579799883 0.005 0.505 0.0 0.0186046511628 85 215 24
228 12 -147.478362645 306.36429024 0.005 0.505 0.0 0.0157894736842 110 190 24
229 16 -147.799859557 307.007284064 0.005 0.208 nan 0.173333333333 0 300 24
230 8 -148.255961831 307.919488612 0.005 0.307 0.0185185185185 0.10162601626 54 246 24
231 40 -108.953399342 229.314363632 0.005 0.901 0.0 0.0125 60 240 24
232 7 -143.122817561 297.65320007 0.005 0.406 0.0 0.0538116591928 77 223 24
234 8 -109.303537987 230.014640924 0.005 0.802 0.0 0.0173913043478 70 230 24
235 11 -118.673464062 248.754493073 0.005 0.604 0.0 0.0183486238532 82 218 24
236 12 -184.350137483 380.107839916 0.005 0.109 nan 0.29 0 300 24
237 3 -155.379657435 322.16687982 0.005 0.307 0.010101010101 0.0547263681592 99 201 24
238 25 -157.715499625 326.838564199 0.005 0.307 0.0126582278481 0.0814479638009 79 221 24
240 3 -146.939307804 305.286180558 0.005 0.406 0.0 0.0366492146597 109 191 24
241 4 -169.765293187 350.938151322 0.005 0.208 0.0 0.21107266436 11 289 24
242 7 -139.575731811 290.559028572 0.005 0.406 0.0 0.0380952380952 90 210 24
243 13 -170.371079974 352.149724897 0.005 0.307 0.0 0.0276243093923 119 181 24
244 28 -169.721501459 350.850567868 0.01 0.208 nan 0.25 0 300 24
245 9 -159.19892787 329.80542069 0.005 0.307 0.0 0.109756097561 54 246 24
247 15 -155.619796979 322.647158908 0.005 0.406 0.0 0.04 100 200 24
248 35 -144.80435041 301.016265769 0.005 0.406 0.0 0.0613026819923 39 261 24
253 4 -153.743370829 318.894306607 0.005 0.307 0.0 0.0729613733906 67 233 24
256 10 -86.7460987783 184.899762506 0.005 1.0 0.0 0.00826446280992 58 242 24
257 24 -150.289838171 311.987241292 0.005 0.505 0.0 0.0108108108108 115 185 24
258 8 -148.944742757 309.297050464 0.005 0.406 0.0 0.0672268907563 62 238 24
259 14 -130.827335507 273.062235963 0.005 0.604 0.0 0.0142180094787 89 211 24
260 13 -138.853188003 289.113940954 0.005 0.406 0.0 0.0539419087137 59 241 24
261 7 -158.278832371 327.965229691 0.005 0.208 0.0 0.152941176471 45 255 24
262 11 -125.394877191 262.197319332 0.005 0.406 0.0 0.0855018587361 31 269 24
263 8 -151.645707421 314.698979791 0.005 0.406 0.0 0.0695652173913 70 230 24
264 3 -154.168069956 319.743704861 0.005 0.406 0.0 0.030612244898 104 196 24
1519 17 -174.870272133 361.148109215 0.005 0.109 nan 0.27 0 300 24
1520 4 -178.959226755 369.32601846 0.005 0.208 0.0 0.0652173913043 116 184 24
1521 17 -138.967473236 289.342511421 0.005 0.307 0.037037037037 0.0805860805861 27 273 24
1523 14 -171.221488805 353.850542559 0.01 0.208 0.125 0.246575342466 8 292 24
1524 11 -138.268617762 287.944800473 0.005 0.604 0.0 0.0240384615385 92 208 24
1525 12 -107.003918778 225.415402506 0.005 1.0 0.0 0.0 85 215 24
1526 11 -117.351246249 246.110057447 0.005 0.604 0.0 0.0383141762452 39 261 24
1527 15 -152.806431445 317.020427839 0.005 0.208 0.0 0.142348754448 19 281 24
1528 2 -160.875306226 333.158177401 0.005 0.208 0.333333333333 0.205387205387 3 297 24
1529 2 -140.782479542 292.972524034 0.005 0.505 0.0 0.0142857142857 90 210 24
1530 15 -123.711449081 258.830463111 0.005 0.505 0.0178571428571 0.0368852459016 56 244 24
1531 10 -102.576867997 216.561300944 0.005 0.703 0.0 0.0204918032787 56 244 24
1532 15 -130.259705231 271.926975411 0.005 0.307 0.0 0.131487889273 11 289 24
1533 22 -142.424780633 296.257126215 0.005 0.307 0.0188679245283 0.0769230769231 53 247 24
1534 19 -179.696729071 370.801023092 0.005 0.109 nan 0.29 0 300 24
1535 15 -141.523262001 294.454088951 0.005 0.307 0.0 0.10394265233 21 279 24
1536 5 -169.127606126 349.662777202 0.005 0.307 0.0 0.0806451612903 114 186 25
1537 12 -160.040921191 331.489407332 0.005 0.406 0.0 0.0518867924528 88 212 25
1538 32 -168.74911576 348.905796469 0.005 0.208 0.0 0.150943396226 35 265 25
1539 24 -132.833515686 277.074596321 0.005 0.406 0.0 0.0555555555556 48 252 25
1540 8 -129.450403993 270.308372934 0.005 0.901 0.0 0.0 100 200 25
1541 11 -144.710719535 300.829004018 0.005 0.406 0.0 0.047619047619 69 231 25
1542 7 -155.521325939 322.450216827 0.005 0.208 0.1 0.189655172414 10 290 25
1543 7 -150.841241198 313.090047346 0.005 0.505 0.0 0.010152284264 103 197 25
1544 13 -138.83299861 289.07356217 0.005 0.307 0.0487804878049 0.0965250965251 41 259 25
1545 25 -153.619616009 318.646796966 0.005 0.406 0.0 0.0289855072464 93 207 25
1546 12 -146.330716675 304.068998299 0.005 0.406 0.0108695652174 0.0384615384615 92 208 25
1547 23 -207.026950701 425.461466352 0.005 0.01 nan 0.453333333333 0 300 25
1549 27 -163.756479953 338.920524855 0.005 0.208 nan 0.233333333333 0 300 25
1550 4 -170.878522028 353.164609006 0.005 0.208 nan 0.24 0 300 25
1553 11 -172.348426326 356.104417602 0.005 0.307 0.0 0.0752688172043 114 186 25
140 11 -107.136997669 225.681560288 0.005 0.505 0.0 0.0522388059701 32 268 25
141 4 -151.270036392 313.947637733 0.005 0.406 0.0 0.0518867924528 88 212 25
142 10 -124.319541047 260.046647043 0.005 0.505 0.0131578947368 0.0357142857143 76 224 25
143 21 -189.434098101 390.275761151 0.01 0.109 0.5 0.318791946309 2 298 25
144 16 -126.892888911 265.193342772 0.005 0.703 0.0 0.00956937799043 91 209 25
145 10 -123.853275754 259.114116458 0.005 0.604 0.0 0.0355555555556 75 225 25
146 24 -110.321363851 232.050292651 0.005 0.604 0.0 0.0367346938776 55 245 25
147 11 -130.495367202 272.398299354 0.005 0.406 0.0 0.0409836065574 56 244 25
148 3 -84.3531858005 180.11393655 0.005 1.0 0.0 0.0 61 239 25
149 5 -134.133637027 279.674839003 0.005 0.703 0.0 0.0 108 192 25
150 25 -133.940777605 279.28912016 0.005 0.604 0.0 0.0191387559809 91 209 25
151 21 -118.538286563 248.484138076 0.005 0.604 0.0 0.00884955752212 74 226 25
152 9 -116.395359566 244.198284081 0.005 0.406 0.222222222222 0.0893470790378 9 291 25
153 15 -193.530728818 398.469022586 0.005 0.109 nan 0.34 0 300 25
154 3 -153.509504453 318.426573855 0.005 0.307 0.0 0.0924369747899 62 238 25
155 0 -125.342033597 262.091632144 0.005 0.604 0.0 0.0192307692308 92 208 25
157 8 -174.601714661 360.610994271 0.005 0.208 0.0 0.159183673469 55 245 25
158 9 -111.701604916 234.810774781 0.005 0.604 0.0 0.0301886792453 35 265 25
159 15 -142.811036489 297.029637927 0.005 0.505 0.0 0.0285714285714 90 210 25
160 29 -159.05189116 329.511347269 0.005 0.208 nan 0.21 0 300 25
161 4 -89.5999952861 190.607555521 0.005 1.0 0.0 0.0 59 241 25
162 19 -204.382215038 420.171995026 0.035 0.109 1.0 0.394648829431 1 299 25
163 3 -150.686608332 312.780781613 0.005 0.307 0.0 0.0886075949367 63 237 25
164 2 -136.503158943 284.413882835 0.005 0.406 0.0166666666667 0.0833333333333 60 240 25
165 12 -184.962719853 381.333004655 0.005 0.109 nan 0.3 0 300 25
166 1 -162.939941121 337.287447192 0.005 0.208 0.166666666667 0.176870748299 6 294 25
168 37 -158.118910574 327.645386098 0.005 0.208 0.0 0.125 36 264 25
170 12 -158.186366307 327.780297563 0.005 0.208 0.0 0.162454873646 23 277 25
171 5 -136.58529024 284.578145429 0.005 0.406 0.0 0.0538116591928 77 223 25
172 9 -153.920850129 319.249265207 0.005 0.208 0.0 0.13768115942 24 276 25
173 5 -132.553544531 276.514654011 0.005 0.406 0.0185185185185 0.0569105691057 54 246 25
174 1 -148.651636617 308.710838183 0.005 0.208 0.111111111111 0.134020618557 9 291 25
175 12 -126.965519967 265.338604883 0.005 0.505 0.0 0.0423728813559 64 236 25
176 21 -149.841521864 311.090608678 0.005 0.406 0.0 0.0717299578059 63 237 25
177 40 -206.051355487 423.510275923 0.005 0.01 nan 0.406666666667 0 300 25
178 8 -141.846445453 295.100455855 0.005 0.505 0.0 0.025 100 200 25
179 4 -177.629204077 366.665973104 0.005 0.109 0.0833333333333 0.25 12 288 25
180 8 -175.106910818 361.621386585 0.005 0.307 0.0 0.0639534883721 128 172 25
181 4 -141.890382107 295.188329164 0.005 0.703 0.0 0.0 121 179 25
183 5 -177.378378203 366.164321356 0.005 0.109 0.0625 0.218309859155 16 284 25
184 3 -142.436481795 296.280528539 0.005 0.208 nan 0.173333333333 0 300 25
185 7 -147.986321543 307.380208034 0.005 0.307 0.0 0.0704845814978 73 227 25
186 11 -146.026843044 303.461251038 0.005 0.505 0.0 0.0255102040816 104 196 25
187 8 -143.970478163 299.348521275 0.005 0.505 0.0 0.0283018867925 88 212 25
188 20 -164.913746114 341.235057178 0.005 0.208 0.0 0.157480314961 46 254 25
189 3 -172.066270839 355.540106626 0.005 0.208 1.0 0.220735785953 1 299 25
190 32 -203.933294713 419.274154375 0.035 0.109 0.666666666667 0.380952380952 6 294 25
192 7 -157.801632464 327.010829876 0.005 0.208 0.0 0.133828996283 31 269 25
193 2 -142.596834401 296.601233751 0.005 0.604 0.0 0.00546448087432 117 183 25
194 9 -147.536584509 306.480733966 0.005 0.604 0.0 0.0 118 182 25
195 9 -176.774629793 364.956824536 0.005 0.109 0.0 0.234615384615 40 260 25
196 0 -135.395170362 282.197905674 0.005 0.307 0.0 0.113553113553 27 273 25
197 23 -188.077428933 387.562422815 0.005 0.109 nan 0.31 0 300 25
198 8 -112.155947572 235.719460093 0.005 0.505 0.0 0.0524344569288 33 267 25
199 11 -148.070851291 307.549267532 0.005 0.505 0.0 0.0240384615385 92 208 25
200 22 -146.209243582 303.826052113 0.005 0.604 0.0 0.0103092783505 106 194 25
202 17 -168.655379531 348.71832401 0.005 0.208 0.0 0.20979020979 14 286 25
203 7 -155.173200002 321.753964954 0.005 0.406 0.0 0.0660377358491 88 212 25
204 22 -147.437993898 306.283552746 0.005 0.406 0.0 0.0539215686275 96 204 25
206 32 -112.789599878 236.986764705 0.005 1.0 0.0 0.0 83 217 25
207 6 -99.4210770241 210.249718997 0.005 0.604 0.0 0.02734375 44 256 25
208 34 -172.005045054 355.417655057 0.005 0.208 0.0285714285714 0.218867924528 35 265 25
212 1 -119.840820085 251.089205119 0.005 0.703 0.0 0.018018018018 78 222 25
213 18 -207.675603386 426.758771721 0.01 0.01 nan 0.48 0 300 25
215 8 -90.9794020932 193.366369136 0.005 0.901 0.0 0.00401606425703 51 249 25
216 1 -113.47255749 238.352679928 0.005 0.604 0.0 0.0246913580247 57 243 25
217 16 -183.123147312 377.653859573 0.005 0.109 0.0 0.273684210526 15 285 25
218 3 -137.873919139 287.155403227 0.005 0.406 0.0 0.0658436213992 57 243 25
220 26 -125.704361196 262.816287342 0.005 0.505 0.016393442623 0.0585774058577 61 239 25
221 3 -112.586901368 236.581367686 0.005 0.703 0.0 0.0126050420168 62 238 25
223 15 -124.90842219 261.22440933 0.005 0.604 0.0 0.0134529147982 77 223 25
225 4 -158.62174173 328.65104841 0.005 0.208 0.2 0.2 5 295 25
226 22 -132.927097974 277.261760897 0.005 0.406 0.0138888888889 0.0526315789474 72 228 25
227 39 -152.701168361 316.809901672 0.005 0.208 0.0740740740741 0.161172161172 27 273 25
228 12 -151.423601712 314.254768373 0.005 0.307 0.0 0.0711111111111 75 225 25
229 16 -148.108044721 307.623654392 0.005 0.406 0.0 0.0343137254902 96 204 25
230 8 -143.786982731 298.981530412 0.005 0.406 0.0147058823529 0.0560344827586 68 232 25
231 40 -150.892419216 313.192403381 0.005 0.406 0.0 0.0157894736842 110 190 25
232 7 -159.03120463 329.469974209 0.005 0.208 0.0 0.180505415162 23 277 25
234 8 -134.430041061 280.267647072 0.005 0.604 0.0 0.0296610169492 64 236 25
235 11 -171.108605456 353.624775861 0.005 0.307 0.0 0.0502793296089 121 179 25
236 12 -177.210847906 365.829260762 0.005 0.109 nan 0.266666666667 0 300 25
237 3 -158.327547942 328.062660833 0.005 0.307 0.0 0.113821138211 54 246 25
238 25 -159.581780556 330.571126061 0.005 0.208 0.142857142857 0.19795221843 7 293 25
240 3 -94.1905800104 199.78872497 0.005 0.703 0.0 0.027027027027 41 259 25
241 4 -123.560943104 258.529451158 0.005 0.604 0.0 0.025641025641 66 234 25
242 7 -138.82449705 289.05655905 0.005 0.505 0.0 0.0422535211268 87 213 25
243 13 -154.278062784 319.963690518 0.005 0.307 0.0 0.10970464135 63 237 25
244 28 -174.16156745 359.730699849 0.005 0.109 nan 0.23 0 300 25
245 9 -161.932446207 335.272457364 0.005 0.307 0.0 0.0925925925926 84 216 25
247 15 -169.45691456 350.321394069 0.005 0.208 0.0 0.161943319838 53 247 25
248 35 -170.209031714 351.825628377 0.005 0.208 0.0714285714286 0.22027972028 14 286 25
253 4 -129.280713341 269.968991631 0.005 0.505 0.012987012987 0.0358744394619 77 223 25
256 10 -148.532199615 308.471964179 0.005 0.307 0.0 0.0905172413793 68 232 25
257 24 -136.463893654 284.335352257 0.005 0.307 nan 0.156666666667 0 300 25
258 8 -154.84153882 321.09064259 0.005 0.208 nan 0.206666666667 0 300 25
259 14 -146.631415237 304.670395423 0.005 0.406 0.00970873786408 0.0304568527919 103 197 25
260 13 -149.440340262 310.288245474 0.005 0.208 nan 0.2 0 300 25
261 7 -199.129178268 409.665921486 0.005 0.109 nan 0.353333333333 0 300 25
262 11 -132.017651044 275.442867037 0.005 0.406 0.0 0.0488888888889 75 225 25
263 8 -124.523957353 260.455479655 0.005 0.505 0.0645161290323 0.0743494423792 31 269 25
264 3 -120.299080813 252.005726575 0.005 0.802 0.0 0.00970873786408 94 206 25
1519 17 -171.097836636 353.603238221 0.005 0.208 0.0 0.207612456747 11 289 25
1520 4 -133.123892188 277.655349325 0.005 0.505 0.0 0.0358974358974 105 195 25
1521 17 -145.978097583 303.363760115 0.005 0.307 0.0 0.0846774193548 52 248 25
1523 14 -177.174466403 365.756497755 0.005 0.109 0.0 0.234899328859 2 298 25
1524 11 -136.112074712 283.631714372 0.005 0.604 0.0 0.015 100 200 25
1525 12 -144.878365113 301.164295175 0.005 0.406 0.0 0.0701754385965 72 228 25
1526 11 -156.369652679 324.146870308 0.005 0.208 0.272727272727 0.159169550173 11 289 25
1527 15 -174.139053992 359.685672934 0.005 0.109 nan 0.266666666667 0 300 25
1528 2 -150.365575592 312.138716133 0.005 0.208 0.0 0.157142857143 20 280 25
1529 2 -135.228926326 281.865417601 0.005 0.406 0.0 0.0743801652893 58 242 25
1530 15 -125.260624624 261.928814198 0.005 0.604 0.0 0.0336134453782 62 238 25
1531 10 -165.532494708 342.472554365 0.005 0.208 1.0 0.220735785953 1 299 25
1532 15 -152.160582039 315.728729028 0.005 0.604 0.0 0.00534759358289 113 187 25
1533 22 -136.519939266 284.447443482 0.005 0.406 0.0 0.0769230769231 27 273 25
1534 19 -106.211293795 223.830152539 0.005 0.901 0.0 0.00436681222707 71 229 25
1535 15 -164.686399131 340.780363212 0.005 0.208 0.0 0.176923076923 40 260 25
