1536 5 -130.872816657 273.153198263 0.005 0.604 0.0128205128205 0.0225225225225 78 222 96
1537 12 -183.324490184 378.056545317 0.005 0.208 0.0 0.127659574468 112 188 96
1538 32 -135.339344649 282.086254247 0.005 0.604 0.0 0.0145631067961 94 206 96
1539 24 -156.965455925 325.338476799 0.005 0.406 0.0172413793103 0.0271739130435 116 184 96
1540 8 -155.419841186 322.247247322 0.005 0.208 1.0 0.210702341137 1 299 96
1541 11 -179.102211057 369.611987064 0.005 0.109 nan 0.28 0 300 96
1542 7 -163.210025201 337.827615351 0.005 0.208 0.0 0.141078838174 59 241 96
1543 7 -127.817460887 267.042486724 0.005 0.505 0.0 0.0343347639485 67 233 96
1544 13 -91.8684732004 195.14451135 0.005 1.0 0.0 0.0 63 237 96
1545 25 -157.756873667 326.921312282 0.005 0.307 0.0172413793103 0.107438016529 58 242 96
1546 12 -105.86403085 223.13562665 0.005 0.901 0.0 0.00806451612903 52 248 96
1547 23 -207.484017662 426.375600274 0.005 0.01 nan 0.47 0 300 96
1549 27 -158.144707214 327.696979378 0.005 0.307 0.0 0.0851063829787 65 235 96
1550 4 -175.901698757 363.210962463 0.005 0.208 0.0 0.0864864864865 115 185 96
1553 11 -149.938896364 311.285357678 0.005 0.307 0.0 0.114503816794 38 262 96
140 11 -135.004793682 281.417152313 0.005 0.604 0.0 0.0 102 198 96
141 4 -153.757909535 318.923384019 0.005 0.505 0.0 0.0169491525424 123 177 96
142 10 -162.467896127 336.343357204 0.005 0.208 0.0181818181818 0.14693877551 55 245 96
143 21 -180.292277624 371.992120197 0.005 0.109 nan 0.273333333333 0 300 96
144 16 -124.719395979 260.846356908 0.005 0.604 0.0 0.0222222222222 75 225 96
145 10 -108.15009995 227.707764849 0.005 0.703 0.0 0.0248962655602 59 241 96
146 24 -138.582758675 288.5730823 0.005 0.307 0.037037037037 0.0989010989011 27 273 96
147 11 -160.002307887 331.412180723 0.005 0.208 0.046511627907 0.124513618677 43 257 96
148 3 -171.468927419 354.345419787 0.005 0.208 0.0 0.185483870968 52 248 96
149 5 -129.913382835 271.23433062 0.005 0.604 0.0 0.0178571428571 76 224 96
150 25 -156.352202412 324.111969774 0.005 0.505 0.0 0.00571428571429 125 175 96
151 21 -139.328866568 290.065298086 0.005 0.604 0.0 0.00947867298578 89 211 96
152 9 -157.999806053 327.407177055 0.005 0.406 0.0 0.044776119403 99 201 96
153 15 -189.990839324 391.389243598 0.005 0.109 nan 0.323333333333 0 300 96
154 3 -158.933718661 329.275002272 0.005 0.208 0.02 0.132 50 250 96
155 0 -117.691981744 246.791528437 0.005 0.406 0.0 0.080985915493 16 284 96
157 8 -165.02072205 341.449009048 0.005 0.208 0.0 0.161290322581 52 248 96
158 9 -132.114341548 275.636248044 0.005 0.604 0.0 0.0226244343891 79 221 96
159 15 -148.238497376 307.884559702 0.005 0.406 0.00980392156863 0.0505050505051 102 198 96
160 29 -159.311016737 330.029598423 0.005 0.307 0.0 0.111111111111 48 252 96
161 4 -111.729556359 234.866677668 0.005 0.703 0.0 0.0184331797235 83 217 96
162 19 -193.567695523 398.542955995 0.015 0.109 nan 0.346666666667 0 300 96
163 3 -130.447993297 272.303551543 0.005 0.604 0.0 0.00975609756098 95 205 96
164 2 -168.360149213 348.127863376 0.005 0.208 0.0 0.153225806452 52 248 96
165 12 -184.657587277 380.722739502 0.005 0.109 nan 0.283333333333 0 300 96
166 1 -168.593412295 348.594389538 0.005 0.208 nan 0.233333333333 0 300 96
168 37 -163.128687996 337.664940942 0.005 0.208 0.0 0.13358778626 38 262 96
170 12 -162.720230019 336.848024987 0.005 0.208 0.0 0.153284671533 26 274 96
171 5 -119.507326083 250.422217115 0.005 0.604 0.0 0.0135746606335 79 221 96
172 9 -138.182158862 287.771882674 0.005 0.505 0.0 0.0319634703196 81 219 96
173 5 -166.81361457 345.034794089 0.005 0.406 0.0 0.0116959064327 129 171 96
174 1 -188.284842301 387.97724955 0.005 0.208 0.0 0.105882352941 130 170 96
175 12 -159.256059025 329.919683 0.005 0.406 0.0 0.0348258706468 99 201 96
176 21 -180.264735235 371.937035419 0.005 0.109 nan 0.29 0 300 96
177 40 -195.339400149 402.086365248 0.02 0.109 1.0 0.351170568562 1 299 96
178 8 -118.012950036 247.433465021 0.005 0.505 0.0 0.0433070866142 46 254 96
179 4 -167.966853189 347.341271327 0.005 0.208 0.0 0.174545454545 25 275 96
180 8 -173.852499673 359.112564295 0.005 0.109 nan 0.253333333333 0 300 96
181 4 -181.175017309 373.757599568 0.005 0.109 0.2 0.267796610169 5 295 96
183 5 -186.873367792 385.154300534 0.005 0.208 0.0 0.0680272108844 153 147 96
184 3 -178.826687017 369.060938983 0.005 0.208 0.0 0.0697674418605 128 172 96
185 7 -142.742100122 296.891765193 0.005 0.604 0.0 0.00515463917526 106 194 96
186 11 -116.374070588 244.155706126 0.005 0.505 0.0 0.0493827160494 57 243 96
187 8 -147.884839227 307.177243404 0.005 0.307 0.0 0.0823529411765 45 255 96
188 20 -170.207216234 351.821997417 0.005 0.208 0.0 0.185873605948 31 269 96
189 3 -169.328143908 350.063852766 0.005 0.208 nan 0.233333333333 0 300 96
190 32 -205.598268038 422.604101025 0.05 0.109 0.2 0.403571428571 20 280 96
192 7 -176.583379585 364.574324118 0.005 0.109 nan 0.27 0 300 96
193 2 -111.754995703 234.917556355 0.005 0.703 0.0 0.017094017094 66 234 96
194 9 -125.529315031 262.466195011 0.005 0.505 0.0 0.0269058295964 77 223 96
195 9 -163.488558377 338.384681703 0.005 0.307 0.0 0.0735294117647 96 204 96
196 0 -141.15585913 293.71928321 0.005 0.703 0.0 0.0 115 185 96
197 23 -183.96645862 379.34048219 0.005 0.109 nan 0.3 0 300 96
198 8 -113.841893326 239.091351601 0.005 0.505 0.0 0.0433070866142 46 254 96
199 11 -113.57810198 238.563768908 0.005 0.802 0.0 0.0134529147982 77 223 96
200 22 -142.690216672 296.787998293 0.005 0.505 0.0 0.0341463414634 95 205 96
202 17 -173.700500674 358.808566298 0.005 0.109 1.0 0.23745819398 1 299 96
203 7 -132.580042756 276.567650462 0.005 0.307 0.08 0.109090909091 25 275 96
204 22 -135.371549831 282.150664612 0.005 0.406 0.0 0.0593220338983 64 236 96
206 32 -137.448700156 286.304965261 0.005 0.505 0.0 0.0185185185185 84 216 96
207 6 -124.49143216 260.390429269 0.005 0.604 0.0133333333333 0.0355555555556 75 225 96
208 34 -107.71062081 226.82880657 0.005 0.802 0.0 0.0130434782609 70 230 96
212 1 -139.506002665 290.41957028 0.005 0.307 0.0 0.0912698412698 48 252 96
213 18 -206.063274039 423.534113027 0.205 0.109 0.52380952381 0.453488372093 42 258 96
215 8 -126.254736332 263.917037614 0.005 0.604 0.0133333333333 0.04 75 225 96
216 1 -170.531679063 352.470923076 0.005 0.307 0.0 0.0829015544041 107 193 96
217 16 -165.481479176 342.370523301 0.005 0.208 0.25 0.219594594595 4 296 96
218 3 -160.874454838 333.156474625 0.005 0.208 0.0 0.18661971831 16 284 96
220 26 -136.748170102 284.903905154 0.005 0.505 0.0121951219512 0.0321100917431 82 218 96
221 3 -175.515602733 362.438770415 0.005 0.109 0.0 0.240418118467 13 287 96
223 15 -125.594734571 262.59703409 0.005 0.505 0.0 0.0264317180617 73 227 96
225 4 -170.293080811 351.993726572 0.005 0.307 0.0 0.0980392156863 96 204 96
226 22 -142.483406162 296.374377273 0.005 0.307 0.0 0.0783582089552 32 268 96
227 39 -153.621768277 318.651101503 0.005 0.406 0.0 0.0168539325843 122 178 96
228 12 -152.288079797 315.983724543 0.005 0.406 0.0 0.0251256281407 101 199 96
229 16 -146.251654114 303.910873177 0.005 0.208 nan 0.173333333333 0 300 96
230 8 -111.062910815 233.53338658 0.005 0.604 0.0 0.0470588235294 45 255 96
231 40 -115.724323157 242.856211262 0.005 0.505 0.0 0.0566801619433 53 247 96
232 7 -160.372033793 332.151632536 0.005 0.307 0.0 0.0526315789474 110 190 96
234 8 -94.2965983907 200.000761731 0.005 0.703 0.0 0.0294117647059 28 272 96
235 11 -126.441229637 264.290024224 0.005 0.307 nan 0.16 0 300 96
236 12 -162.324586448 336.056737845 0.005 0.307 0.0 0.101382488479 83 217 96
237 3 -152.663018264 316.733601477 0.005 0.406 0.0133333333333 0.0622222222222 75 225 96
238 25 -155.228450117 321.864465183 0.005 0.307 0.0140845070423 0.0742358078603 71 229 96
240 3 -139.654884224 290.717333397 0.005 0.406 0.0 0.0535714285714 76 224 96
241 4 -130.943918119 273.295401188 0.005 0.307 nan 0.126666666667 0 300 96
242 7 -134.373379521 280.154323991 0.005 0.604 0.0 0.0231481481481 84 216 96
243 13 -162.70628317 336.820131289 0.005 0.307 0.0 0.0520833333333 108 192 96
244 28 -187.819927894 387.047420737 0.005 0.109 0.0 0.255474452555 26 274 96
245 9 -129.206822452 269.821209852 0.005 0.406 0.0 0.0708955223881 32 268 96
247 15 -136.443515674 284.294596296 0.005 0.406 0.0 0.0363636363636 80 220 96
248 35 -167.726397202 346.860359353 0.01 0.208 nan 0.246666666667 0 300 96
253 4 -134.322428836 280.052422621 0.005 0.703 0.0 0.00487804878049 95 205 96
256 10 -137.587085884 286.581736717 0.005 0.505 0.0 0.037037037037 84 216 96
257 24 -125.573995734 262.555556418 0.005 0.505 0.0 0.0406504065041 54 246 96
258 8 -157.089303817 325.586172583 0.005 0.406 0.0 0.0322580645161 114 186 96
259 14 -126.717162691 264.84189033 0.005 0.703 0.0 0.00492610837438 97 203 96
260 13 -184.90613987 381.219844689 0.005 0.208 0.00862068965517 0.0978260869565 116 184 96
261 7 -190.93086341 393.269291769 0.005 0.109 nan 0.326666666667 0 300 96
262 11 -162.868603375 337.1447717 0.005 0.307 0.010989010989 0.0956937799043 91 209 96
263 8 -129.720496857 270.848558663 0.005 0.604 0.0 0.0188679245283 88 212 96
264 3 -143.223109712 297.853784374 0.005 0.604 0.0 0.00529100529101 111 189 96
1519 17 -175.101944217 361.611453384 0.005 0.109 nan 0.246666666667 0 300 96
1520 4 -164.012112709 339.431790368 0.005 0.406 0.0 0.00591715976331 131 169 96
1521 17 -150.070032007 311.547628964 0.005 0.208 0.166666666667 0.180272108844 6 294 96
1523 14 -175.219573755 361.84671246 0.005 0.109 0.5 0.238255033557 2 298 96
1524 11 -157.65386711 326.715299169 0.005 0.307 0.0 0.0707547169811 88 212 96
1525 12 -159.65409761 330.715760169 0.005 0.208 0.0625 0.176056338028 16 284 96
1526 11 -142.521995572 296.451556093 0.005 0.406 0.0 0.079295154185 73 227 96
1527 15 -89.9372012681 191.281967485 0.005 1.0 0.0 0.0 66 234 96
1528 2 -142.659557612 296.726680173 0.005 0.406 0.0 0.0144927536232 93 207 96
1529 2 -135.344809501 282.097183952 0.005 0.505 0.0 0.0535714285714 76 224 96
1530 15 -132.814178457 277.035921864 0.005 0.505 0.0138888888889 0.0350877192982 72 228 96
1531 10 -139.429232399 290.266029748 0.005 0.307 0.0 0.0901960784314 45 255 96
1532 15 -138.501487122 288.410539194 0.005 0.406 0.0 0.0647773279352 53 247 96
1533 22 -158.286509305 327.98058356 0.005 0.505 0.0 0.0114285714286 125 175 96
1534 19 -128.063708533 267.534982015 0.005 0.703 0.0 0.0093896713615 87 213 96
1535 15 -163.144390324 337.696345597 0.005 0.307 0.0 0.103004291845 67 233 96
1536 5 -158.822596855 329.052758659 0.005 0.307 0.0 0.0825688073394 82 218 97
1537 12 -159.373835502 330.155235953 0.005 0.307 0.0 0.0521327014218 89 211 97
1538 32 -161.661399997 334.730364944 0.005 0.208 0.0 0.17803030303 36 264 97
1539 24 -138.806258932 289.020082812 0.005 0.604 0.0 0.0204081632653 104 196 97
1540 8 -178.523067865 368.453700679 0.005 0.208 0.0 0.0874316939891 117 183 97
1541 11 -183.018432004 377.444428958 0.005 0.109 0.0196078431373 0.228915662651 51 249 97
1542 7 -174.322085985 360.051736919 0.005 0.109 0.5 0.251677852349 2 298 97
1543 7 -134.235090025 279.877745 0.005 0.406 0.0 0.0576131687243 57 243 97
1544 13 -170.404393969 352.216352887 0.005 0.208 0.0 0.106666666667 75 225 97
1545 25 -154.413820647 320.235206242 0.005 0.505 0.0 0.0218579234973 117 183 97
1546 12 -135.717734138 282.843033224 0.005 0.703 0.0 0.00520833333333 108 192 97
1547 23 -204.310437752 420.028440454 0.075 0.109 0.388888888889 0.400709219858 18 282 97
1549 27 -123.646664725 258.7008944 0.005 0.406 0.0 0.0769230769231 27 273 97
1550 4 -177.121062493 365.649689935 0.005 0.208 0.0 0.0883977900552 119 181 97
1553 11 -143.159454052 297.726473054 0.005 0.406 0.0 0.0524017467249 71 229 97
140 11 -155.595579431 322.59872381 0.005 0.505 0.0 0.00571428571429 125 175 97
141 4 -126.746095307 264.899755563 0.005 0.307 0.05 0.110714285714 20 280 97
142 10 -173.056145765 357.519856479 0.005 0.208 0.0 0.0796019900498 99 201 97
143 21 -186.198781673 383.805128295 0.005 0.109 nan 0.313333333333 0 300 97
144 16 -92.1015707358 195.610706421 0.005 1.0 0.0 0.0 69 231 97
145 10 -144.522844077 300.453253102 0.005 0.307 0.0 0.093984962406 34 266 97
146 24 -170.139036537 351.685638024 0.005 0.208 nan 0.243333333333 0 300 97
147 11 -95.9984701 203.404505149 0.005 1.0 0.0 0.00833333333333 60 240 97
148 3 -154.452236609 320.312038168 0.005 0.307 0.0 0.079295154185 73 227 97
149 5 -169.389599042 350.186763034 0.005 0.208 0.0238095238095 0.193798449612 42 258 97
150 25 -125.028711026 261.464987002 0.005 0.505 0.0 0.0386266094421 67 233 97
151 21 -129.136169594 269.679904138 0.005 0.505 0.0 0.0512820512821 66 234 97
152 9 -84.2208096278 179.849184205 0.005 1.0 0.0 0.00836820083682 61 239 97
153 15 -193.0342328 397.476030549 0.005 0.109 0.0526315789474 0.29537366548 19 281 97
154 3 -147.736288244 306.880141438 0.005 0.406 0.0 0.0380952380952 90 210 97
155 0 -162.69218334 336.791931629 0.005 0.406 0.0 0.031746031746 111 189 97
157 8 -135.089218695 281.586002339 0.005 0.604 0.0 0.00505050505051 102 198 97
158 9 -139.910903443 291.229371836 0.005 0.604 0.0 0.0150753768844 101 199 97
159 15 -157.852455747 327.112476444 0.005 0.406 0.0 0.00558659217877 121 179 97
160 29 -157.043116291 325.493797531 0.005 0.208 0.5 0.197986577181 2 298 97
161 4 -127.791814791 266.991194532 0.005 0.505 0.0 0.0343347639485 67 233 97
162 19 -201.70104146 414.80964787 0.05 0.109 0.5 0.383561643836 8 292 97
163 3 -169.962355624 351.332276198 0.005 0.406 0.0 0.00649350649351 146 154 97
164 2 -147.285889545 305.979344038 0.005 0.208 0.0 0.131487889273 11 289 97
165 12 -165.490790789 342.389146527 0.005 0.208 nan 0.226666666667 0 300 97
166 1 -146.880693079 305.168951107 0.005 0.604 0.0 0.0 119 181 97
168 37 -128.060071801 267.527708551 0.005 0.604 0.0 0.0145631067961 94 206 97
170 12 -144.623028992 300.653622934 0.005 0.406 0.0 0.0497737556561 79 221 97
171 5 -175.218633257 361.844831463 0.005 0.208 0.0 0.0575916230366 109 191 97
172 9 -164.86102272 341.129610389 0.005 0.208 nan 0.22 0 300 97
173 5 -161.956664144 335.320893238 0.005 0.505 0.0 0.0 130 170 97
174 1 -154.678759156 320.765083262 0.005 0.307 0.0 0.134920634921 48 252 97
175 12 -126.223028495 263.85362194 0.005 0.604 0.0 0.0299145299145 66 234 97
176 21 -173.786920479 358.981405908 0.005 0.109 nan 0.25 0 300 97
177 40 -192.198476558 395.804518065 0.02 0.109 nan 0.343333333333 0 300 97
178 8 -128.286041658 267.979648266 0.005 0.406 0.0 0.0666666666667 45 255 97
179 4 -178.062747045 367.533059039 0.005 0.208 0.0 0.189300411523 57 243 97
180 8 -166.158155432 343.723875813 0.01 0.208 nan 0.243333333333 0 300 97
181 4 -132.561719181 276.531003312 0.005 0.505 0.0 0.0387931034483 68 232 97
183 5 -147.949082425 307.305729799 0.005 0.307 0.0 0.11320754717 35 265 97
184 3 -154.778975578 320.965516105 0.005 0.208 nan 0.2 0 300 97
185 7 -155.132106393 321.671777734 0.005 0.307 0.0 0.0609137055838 103 197 97
186 11 -94.4571844845 200.321933918 0.005 0.802 0.0 0.0191570881226 39 261 97
187 8 -122.907187247 257.221939444 0.005 0.406 0.0 0.0617760617761 41 259 97
188 20 -156.850469556 325.108504062 0.005 0.208 0.0 0.179104477612 32 268 97
189 3 -167.769500109 346.946565167 0.005 0.208 nan 0.236666666667 0 300 97
190 32 -194.051612475 399.5107899 0.015 0.109 1.0 0.347826086957 1 299 97
192 7 -171.035914093 353.479393136 0.005 0.208 0.0 0.11 100 200 97
193 2 -153.207562743 317.822690435 0.005 0.208 0.0384615384615 0.138686131387 26 274 97
194 9 -140.679675398 292.766915746 0.005 0.505 0.0126582278481 0.027149321267 79 221 97
195 9 -167.549863658 346.507292264 0.005 0.208 0.0 0.11013215859 73 227 97
196 0 -152.112027675 315.631620299 0.005 0.406 0.0 0.0443349753695 97 203 97
197 23 -177.669986366 366.747537682 0.005 0.109 nan 0.266666666667 0 300 97
198 8 -77.0064418728 165.420448695 0.005 1.0 0.0 0.0 49 251 97
199 11 -154.890151827 321.187868604 0.005 0.208 0.25 0.199324324324 4 296 97
200 22 -150.323439518 312.054443985 0.005 0.307 0.0 0.104838709677 52 248 97
202 17 -165.477939546 342.363444042 0.005 0.208 0.0 0.179930795848 11 289 97
203 7 -134.429573337 280.266711624 0.005 0.406 0.0 0.0901960784314 45 255 97
204 22 -145.473095864 302.353756677 0.005 0.307 0.0 0.116363636364 25 275 97
206 32 -150.589044109 312.585653166 0.005 0.406 0.0117647058824 0.046511627907 85 215 97
207 6 -147.046411058 305.500387065 0.005 0.307 0.030303030303 0.0811965811966 66 234 97
208 34 -161.366568494 334.140701937 0.005 0.307 0.0 0.0940594059406 98 202 97
212 1 -158.112341523 327.632247994 0.005 0.208 nan 0.206666666667 0 300 97
213 18 -208.453024599 428.313614147 0.205 0.01 0.363636363636 0.53515625 44 256 97
215 8 -117.197938197 245.803441344 0.005 1.0 0.0 0.0 94 206 97
216 1 -137.984389796 287.37634454 0.005 0.703 0.0 0.00510204081633 104 196 97
217 16 -161.520861513 334.449287976 0.005 0.208 0.0 0.210884353741 6 294 97
218 3 -144.128844438 299.665253826 0.005 0.406 0.0 0.0442477876106 74 226 97
220 26 -119.774272363 250.956109675 0.005 0.802 0.0 0.0 93 207 97
221 3 -140.82451306 293.056591068 0.005 0.406 0.0 0.0571428571429 55 245 97
223 15 -141.874348193 295.156261335 0.005 0.307 0.0 0.0983606557377 56 244 97
225 4 -167.976997749 347.361560448 0.005 0.208 0.0 0.125506072874 53 247 97
226 22 -135.247155548 281.901876045 0.005 0.505 0.0126582278481 0.0407239819005 79 221 97
227 39 -123.781658495 258.970881939 0.005 0.406 0.0 0.0542635658915 42 258 97
228 12 -112.368701108 236.144967166 0.005 0.505 0.0 0.0496183206107 38 262 97
229 16 -143.546149059 298.499863067 0.005 0.208 0.0 0.163194444444 12 288 97
230 8 -131.760250983 274.928066915 0.005 0.703 0.0 0.00502512562814 101 199 97
231 40 -165.214551918 341.836668785 0.005 0.208 0.0 0.117370892019 87 213 97
232 7 -145.311219894 302.030004738 0.005 0.208 nan 0.176666666667 0 300 97
234 8 -113.479355554 238.366276058 0.005 0.802 0.0 0.0126582278481 63 237 97
235 11 -118.436675437 248.280915822 0.005 0.604 0.0 0.0289256198347 58 242 97
236 12 -174.55603893 360.519642809 0.005 0.109 nan 0.226666666667 0 300 97
237 3 -153.272142397 317.951849743 0.005 0.307 0.0172413793103 0.132231404959 58 242 97
238 25 -160.008648792 331.424862532 0.005 0.307 0.0 0.099173553719 58 242 97
240 3 -136.236975297 283.881515543 0.005 0.604 0.0 0.0143540669856 91 209 97
241 4 -165.815384226 343.038333401 0.005 0.307 0.0 0.0780487804878 95 205 97
242 7 -152.699487903 316.806540755 0.005 0.307 0.0119047619048 0.0925925925926 84 216 97
243 13 -149.842287584 311.092140116 0.005 0.208 0.0454545454545 0.172661870504 22 278 97
244 28 -161.660149579 334.727864108 0.005 0.208 0.0909090909091 0.193771626298 11 289 97
245 9 -111.081375426 233.570315801 0.005 0.604 0.0 0.0301886792453 35 265 97
247 15 -156.734480154 324.876525256 0.005 0.208 0.5 0.168918918919 4 296 97
248 35 -170.826510679 353.060586308 0.005 0.208 nan 0.226666666667 0 300 97
253 4 -131.876234642 275.160034234 0.005 0.505 0.0357142857143 0.0450819672131 56 244 97
256 10 -174.802981315 361.01352758 0.005 0.307 0.0 0.0479041916168 133 167 97
257 24 -125.419587201 262.246739351 0.005 0.406 0.0 0.0661764705882 28 272 97
258 8 -123.905047807 259.217660563 0.005 0.406 0.037037037037 0.0659340659341 27 273 97
259 14 -153.777486077 318.962537102 0.005 0.208 nan 0.173333333333 0 300 97
260 13 -164.691518005 340.790600958 0.005 0.208 0.0185185185185 0.158536585366 54 246 97
261 7 -191.126091267 393.659747484 0.02 0.109 nan 0.34 0 300 97
262 11 -144.115484889 299.638534727 0.005 0.505 0.0 0.0242718446602 94 206 97
263 8 -117.991128639 247.389822228 0.005 0.505 0.0 0.052 50 250 97
264 3 -164.56273188 340.533028709 0.005 0.307 0.0 0.0483870967742 114 186 97
1519 17 -153.557921424 318.523407797 0.005 0.307 0.0 0.11583011583 41 259 97
1520 4 -171.601050363 354.609665675 0.005 0.208 0.0 0.115183246073 109 191 97
1521 17 -151.138160355 313.683885659 0.005 0.505 0.0 0.0167597765363 121 179 97
1523 14 -187.105667089 385.618899128 0.005 0.109 nan 0.31 0 300 97
1524 11 -128.603781242 268.615127434 0.005 0.604 0.0 0.0226244343891 79 221 97
1525 12 -121.830786495 255.069137938 0.005 0.604 0.0 0.0214592274678 67 233 97
1526 11 -80.0580521959 171.523669341 0.005 1.0 0.0 0.00763358778626 38 262 97
1527 15 -168.164016694 347.735598337 0.005 0.208 0.0277777777778 0.162878787879 36 264 97
1528 2 -180.478472748 372.364510445 0.005 0.208 0.0 0.038961038961 146 154 97
1529 2 -120.931578485 253.270721919 0.005 0.406 0.0 0.0808823529412 28 272 97
1530 15 -140.459570188 292.326705325 0.005 0.505 0.0 0.0334928229665 91 209 97
1531 10 -160.691682653 332.790930256 0.005 0.208 0.0 0.142857142857 48 252 97
1532 15 -146.130019533 303.667604016 0.005 0.307 0.0357142857143 0.117647058824 28 272 97
1533 22 -127.407797769 266.223160487 0.005 0.703 0.0 0.0140186915888 86 214 97
1534 19 -172.564142805 356.53585056 0.005 0.109 nan 0.24 0 300 97
1535 15 -160.06572734 331.539019628 0.005 0.208 0.0 0.195804195804 14 286 97
1536 5 -128.665546273 268.738657495 0.005 0.604 0.0 0.00947867298578 89 211 98
1537 12 -142.880736714 297.169038377 0.005 0.307 0.0 0.11320754717 35 265 98
1538 32 -179.203131167 369.813827284 0.005 0.109 0.166666666667 0.248299319728 6 294 98
1539 24 -119.079527652 249.566620253 0.005 0.505 0.0243902439024 0.042471042471 41 259 98
1540 8 -162.648107065 336.70377908 0.005 0.208 nan 0.226666666667 0 300 98
1541 11 -181.028495218 373.464555385 0.005 0.208 0.0 0.180672268908 62 238 98
1542 7 -121.699306877 254.806178703 0.005 0.406 0.0 0.0633802816901 16 284 98
1543 7 -127.866137598 267.139840146 0.005 0.406 0.0 0.0852713178295 42 258 98
1544 13 -145.218034718 301.843634386 0.005 0.505 0.0 0.0103092783505 106 194 98
1545 25 -123.035340233 257.478245416 0.005 0.406 0.0 0.0530303030303 36 264 98
1546 12 -163.724741373 338.857047694 0.005 0.307 0.0 0.0761421319797 103 197 98
1547 23 -207.643335583 426.694236115 0.005 0.01 nan 0.473333333333 0 300 98
1549 27 -124.423044897 260.253654744 0.005 0.604 0.0 0.0255319148936 65 235 98
1550 4 -157.433453087 326.274471123 0.005 0.208 0.125 0.188356164384 8 292 98
1553 11 -158.087579139 327.582723228 0.005 0.307 0.0 0.103139013453 77 223 98
140 11 -106.937929235 225.28342342 0.005 0.505 0.0 0.056338028169 16 284 98
141 4 -167.630448741 346.668462431 0.005 0.208 0.0344827586207 0.144628099174 58 242 98
142 10 -145.311415945 302.03039684 0.005 0.406 0.0135135135135 0.0796460176991 74 226 98
143 21 -183.548415129 378.504395207 0.005 0.109 nan 0.286666666667 0 300 98
144 16 -134.577185077 280.561935104 0.005 0.406 0.0 0.070796460177 74 226 98
145 10 -129.497358177 270.402281303 0.005 0.406 0.0645161290323 0.0706319702602 31 269 98
146 24 -146.572457973 304.552480896 0.005 0.208 0.0 0.183946488294 1 299 98
147 11 -134.854873254 281.117311457 0.005 0.406 0.0 0.0661157024793 58 242 98
148 3 -178.864840629 369.137246208 0.005 0.109 nan 0.256666666667 0 300 98
149 5 -126.297432909 264.002430768 0.005 0.406 0.0 0.0836363636364 25 275 98
150 25 -121.076405911 253.56037677 0.005 0.703 0.0 0.0235849056604 88 212 98
151 21 -194.594630961 400.596826871 0.005 0.208 0.0 0.0277777777778 156 144 98
152 9 -138.354027122 288.115619194 0.005 0.307 0.0 0.0944881889764 46 254 98
153 15 -186.826457078 385.060479106 0.005 0.109 nan 0.313333333333 0 300 98
154 3 -141.425669909 294.258904768 0.005 0.406 0.0161290322581 0.0546218487395 62 238 98
155 0 -144.365659628 300.138884205 0.005 0.406 0.0 0.045045045045 78 222 98
157 8 -174.106272393 359.620109735 0.005 0.208 0.0 0.102941176471 96 204 98
158 9 -145.121349288 301.650263526 0.005 0.307 0.0 0.100401606426 51 249 98
159 15 -106.792172105 224.991909159 0.005 1.0 0.0 0.00869565217391 70 230 98
160 29 -140.96681298 293.34119091 0.005 0.406 0.0 0.0600858369099 67 233 98
161 4 -158.330366917 328.068298783 0.005 0.406 0.0 0.025641025641 105 195 98
162 19 -203.595596594 418.598758136 0.01 0.109 0.142857142857 0.365187713311 7 293 98
163 3 -161.083619413 333.574803775 0.005 0.208 nan 0.186666666667 0 300 98
164 2 -170.459067846 352.325700642 0.005 0.307 0.0 0.0481927710843 134 166 98
165 12 -178.409243296 368.226051541 0.005 0.109 nan 0.28 0 300 98
166 1 -157.139547001 325.686658951 0.005 0.406 0.0 0.0478468899522 91 209 98
168 37 -151.58911874 314.58580243 0.005 0.307 0.0 0.0678733031674 79 221 98
170 12 -146.331986984 304.071538918 0.005 0.406 0.0125 0.0409090909091 80 220 98
171 5 -148.861618531 309.130802012 0.005 0.505 0.0 0.0157068062827 109 191 98
172 9 -167.138750932 345.685066813 0.005 0.208 nan 0.233333333333 0 300 98
173 5 -65.9269952484 143.261555446 0.005 1.0 0.0 0.00763358778626 38 262 98
174 1 -159.921423111 331.250411171 0.005 0.208 0.0 0.15234375 44 256 98
175 12 -152.638095844 316.683756637 0.005 0.307 0.0144927536232 0.0779220779221 69 231 98
176 21 -171.591586651 354.590738252 0.005 0.109 nan 0.25 0 300 98
177 40 -202.836662766 417.080890481 0.05 0.109 0.307692307692 0.386759581882 13 287 98
178 8 -145.931802266 303.271169481 0.005 0.505 0.0 0.0283018867925 88 212 98
179 4 -158.589132287 328.585829524 0.005 0.208 nan 0.21 0 300 98
180 8 -189.339713908 390.086992765 0.005 0.208 0.0 0.030303030303 168 132 98
181 4 -181.928938783 375.265442515 0.005 0.109 nan 0.3 0 300 98
183 5 -183.970714229 379.348993408 0.005 0.208 0.0 0.153846153846 92 208 98
184 3 -172.193895329 355.795355607 0.005 0.208 nan 0.24 0 300 98
185 7 -170.549718879 352.507002708 0.005 0.307 0.00847457627119 0.0604395604396 118 182 98
186 11 -166.181510757 343.770586464 0.005 0.208 0.0 0.1330472103 67 233 98
187 8 -119.799309194 251.006183338 0.005 0.901 0.0 0.0 82 218 98
188 20 -173.623792334 358.655149618 0.005 0.208 0.0 0.218637992832 21 279 98
189 3 -166.162915134 343.733395216 0.005 0.208 0.037037037037 0.186813186813 27 273 98
190 32 -198.474352187 408.356269324 0.02 0.109 1.0 0.357859531773 1 299 98
192 7 -184.386701733 380.180968415 0.005 0.307 0.0 0.041095890411 154 146 98
193 2 -172.385539652 356.178644253 0.005 0.307 0.0 0.00641025641026 144 156 98
194 9 -158.8668669 329.14129875 0.005 0.307 0.0125 0.0863636363636 80 220 98
195 9 -139.352242559 290.112050068 0.005 0.406 0.0 0.0484581497797 73 227 98
196 0 -186.531146136 384.469857222 0.005 0.208 0.0 0.0310559006211 139 161 98
197 23 -182.999766677 377.407098304 0.005 0.109 nan 0.286666666667 0 300 98
198 8 -141.787137514 294.981839978 0.005 0.505 0.0 0.00520833333333 108 192 98
199 11 -147.080702782 305.568970514 0.005 0.406 0.0 0.0533980582524 94 206 98
200 22 -157.900215989 327.207996928 0.005 0.307 0.0102040816327 0.0693069306931 98 202 98
202 17 -181.321665182 374.050895313 0.005 0.109 nan 0.293333333333 0 300 98
203 7 -165.372460728 342.152486406 0.005 0.307 0.0126582278481 0.0950226244344 79 221 98
204 22 -145.896916203 303.201397355 0.005 0.604 0.0 0.0157068062827 109 191 98
206 32 -150.731289764 312.870144478 0.005 0.208 0.142857142857 0.171328671329 14 286 98
207 6 -136.945251901 285.29806875 0.005 0.307 0.0 0.0891472868217 42 258 98
208 34 -149.639646504 310.686857958 0.005 0.307 0.0185185185185 0.0975609756098 54 246 98
212 1 -128.726650418 268.860865785 0.005 0.604 0.0 0.0134529147982 77 223 98
213 18 -206.877995299 425.163555546 0.005 0.01 nan 0.44 0 300 98
215 8 -116.597583822 244.602732592 0.005 0.505 0.03125 0.0485074626866 32 268 98
216 1 -146.356911246 304.121387442 0.005 0.406 0.0 0.0775862068966 68 232 98
217 16 -153.354406106 318.116377161 0.005 0.505 0.0 0.0161290322581 114 186 98
218 3 -155.286632645 321.98083024 0.005 0.406 0.0 0.0657276995305 87 213 98
220 26 -149.175376707 309.758318363 0.005 0.406 0.0 0.0536585365854 95 205 98
221 3 -181.631552876 374.670670701 0.005 0.307 0.0 0.038961038961 146 154 98
223 15 -143.24832044 297.90420583 0.005 0.406 0.0 0.0486725663717 74 226 98
225 4 -182.515239447 376.438043844 0.005 0.208 0.0 0.188596491228 72 228 98
226 22 -110.036341405 231.48024776 0.005 0.901 0.0 0.0084388185654 63 237 98
227 39 -160.067050865 331.54166668 0.005 0.208 0.0 0.173076923077 40 260 98
228 12 -173.671010313 358.749585575 0.005 0.307 0.0 0.0670103092784 106 194 98
229 16 -164.350049015 340.107662979 0.005 0.208 0.0869565217391 0.151624548736 23 277 98
230 8 -150.997878493 313.403321935 0.005 0.406 0.0 0.0366492146597 109 191 98
231 40 -137.128685898 285.664936746 0.005 0.307 0.0 0.0836363636364 25 275 98
232 7 -100.932632469 213.272829887 0.005 0.802 0.0 0.017094017094 66 234 98
234 8 -129.935489018 271.278542985 0.005 0.307 0.0714285714286 0.0979020979021 14 286 98
235 11 -131.524221234 274.456007418 0.005 0.307 0.0625 0.12323943662 16 284 98
236 12 -185.692648683 382.792862315 0.005 0.109 nan 0.3 0 300 98
237 3 -168.198279764 347.804124478 0.005 0.208 0.0 0.105504587156 82 218 98
238 25 -169.523837637 350.455240223 0.005 0.208 0.0 0.101382488479 83 217 98
240 3 -108.43449517 228.27655529 0.005 0.802 0.0 0.0131578947368 72 228 98
241 4 -158.327562106 328.062689161 0.005 0.208 0.0 0.148550724638 24 276 98
242 7 -119.527177079 250.461919108 0.005 0.307 0.2 0.110344827586 10 290 98
243 13 -121.927694701 255.262954351 0.005 0.505 0.0 0.0410447761194 32 268 98
244 28 -176.54675397 364.50107289 0.005 0.109 nan 0.266666666667 0 300 98
245 9 -122.067452432 255.542469814 0.005 0.604 0.0 0.0251046025105 61 239 98
247 15 -132.621512989 276.650590927 0.005 0.307 0.0 0.14527027027 4 296 98
248 35 -186.869795299 385.147155548 0.005 0.109 nan 0.313333333333 0 300 98
253 4 -134.447641197 280.302847342 0.005 0.406 0.0 0.0733590733591 41 259 98
256 10 -102.761315717 216.930196383 0.005 0.604 0.0333333333333 0.0333333333333 30 270 98
257 24 -120.054452312 251.516469573 0.005 0.406 0.0 0.0753968253968 48 252 98
258 8 -184.259427983 379.926420916 0.005 0.208 0.0 0.162790697674 85 215 98
259 14 -135.618863359 282.645291667 0.005 0.604 0.0 0.0 111 189 98
260 13 -166.461347063 344.330259076 0.005 0.307 0.0 0.043956043956 118 182 98
261 7 -188.364932291 388.137429532 0.005 0.109 nan 0.32 0 300 98
262 11 -149.688599327 310.784763603 0.005 0.208 0.0833333333333 0.163194444444 12 288 98
263 8 -148.76982834 308.947221629 0.005 0.307 0.0 0.0739130434783 70 230 98
264 3 -149.37406341 310.15569177 0.005 0.505 0.0 0.0116279069767 128 172 98
1519 17 -167.842779633 347.093124216 0.005 0.307 0.0 0.0419161676647 133 167 98
1520 4 -142.639872526 296.687310001 0.005 0.307 0.0 0.0748898678414 73 227 98
1521 17 -136.240952747 283.889470443 0.005 0.406 0.0 0.0466101694915 64 236 98
1523 14 -172.710352563 356.828270076 0.005 0.208 0.0 0.118226600985 97 203 98
1524 11 -169.115401806 349.638368562 0.005 0.307 0.0 0.0921658986175 83 217 98
1525 12 -167.802120021 347.011804992 0.005 0.208 0.015625 0.161016949153 64 236 98
1526 11 -161.358849918 334.125264784 0.005 0.406 0.0 0.0434782608696 116 184 98
1527 15 -171.47107852 354.34972199 0.005 0.208 0.0 0.203703703704 30 270 98
1528 2 -96.1838760892 203.775317128 0.005 0.901 0.0 0.00826446280992 58 242 98
1529 2 -147.350921541 306.10940803 0.005 0.406 0.0 0.0558139534884 85 215 98
1530 15 -126.882989426 265.173543801 0.005 0.505 0.0 0.0423728813559 64 236 98
1531 10 -144.678839067 300.765243083 0.005 0.406 0.0 0.0373831775701 86 214 98
1532 15 -147.854912892 307.117390733 0.005 0.208 0.0 0.164335664336 14 286 98
1533 22 -155.681508031 322.77058101 0.005 0.406 0.00917431192661 0.0366492146597 109 191 98
1534 19 -176.489409673 364.386384296 0.005 0.109 0.0 0.222222222222 12 288 98
1535 15 -159.991712465 331.390989879 0.005 0.208 0.0 0.153846153846 27 273 98
1536 5 -135.978613606 283.364792161 0.005 0.307 0.0 0.0772200772201 41 259 99
1537 12 -143.884108617 299.175782184 0.005 0.307 0.0 0.136029411765 28 272 99
1538 32 -177.333935812 366.075436572 0.005 0.109 nan 0.27 0 300 99
1539 24 -103.213115364 217.833795678 0.005 1.0 0.0 0.00440528634361 73 227 99
1540 8 -143.110326644 297.628218238 0.005 0.406 0.0 0.0739130434783 70 230 99
1541 11 -184.533754802 380.475074554 0.005 0.109 nan 0.293333333333 0 300 99
1542 7 -165.656830654 342.721226257 0.005 0.208 0.0175438596491 0.164609053498 57 243 99
1543 7 -175.649171483 362.705907914 0.005 0.208 0.0105263157895 0.146341463415 95 205 99
1544 13 -129.603659167 270.614883284 0.005 0.406 0.0 0.0864661654135 34 266 99
1545 25 -167.555274817 346.518114583 0.005 0.208 0.0 0.122270742358 71 229 99
1546 12 -164.317456376 340.042477701 0.005 0.505 0.0 0.0 140 160 99
1547 23 -207.588123997 426.583812944 0.005 0.01 nan 0.476666666667 0 300 99
1549 27 -144.637881964 300.683328877 0.005 0.604 0.0 0.00529100529101 111 189 99
1550 4 -148.935584234 309.278733418 0.005 0.208 0.0384615384615 0.14598540146 26 274 99
1553 11 -170.767842234 352.943249418 0.005 0.208 0.0 0.133640552995 83 217 99
140 11 -153.232316411 317.872197772 0.005 0.406 0.0 0.0341463414634 95 205 99
141 4 -162.391718109 336.191001168 0.005 0.208 0.0909090909091 0.166089965398 11 289 99
142 10 -161.492307929 334.392180807 0.005 0.307 0.0 0.0659898477157 103 197 99
143 21 -144.887571511 301.182707971 0.005 0.406 0.0 0.0349344978166 71 229 99
144 16 -134.106308672 279.620182292 0.005 0.604 0.0 0.00507614213198 103 197 99
145 10 -155.51355977 322.43468449 0.005 0.406 0.0 0.0341463414634 95 205 99
146 24 -102.14483184 215.69722863 0.005 0.505 0.0 0.0496183206107 38 262 99
147 11 -154.749602097 320.906769143 0.005 0.208 nan 0.18 0 300 99
148 3 -102.791029787 216.989624523 0.005 0.604 0.0 0.0363636363636 25 275 99
149 5 -175.465573043 362.338711035 0.005 0.307 0.0 0.0444444444444 120 180 99
150 25 -159.093216798 329.593998545 0.005 0.307 0.0 0.0740740740741 84 216 99
151 21 -149.016952458 309.441469865 0.005 0.307 0.0161290322581 0.0840336134454 62 238 99
152 9 -99.8228265464 211.053218042 0.005 0.505 0.133333333333 0.0842105263158 15 285 99
153 15 -195.489712672 402.386990293 0.005 0.109 0.0666666666667 0.319298245614 15 285 99
154 3 -161.507252683 334.422070315 0.005 0.208 0.0 0.182142857143 20 280 99
155 0 -110.025499687 231.458564324 0.005 0.802 0.0 0.0130434782609 70 230 99
157 8 -150.29101238 311.98958971 0.005 0.208 0.0 0.160142348754 19 281 99
158 9 -152.169617094 315.746799137 0.005 0.208 0.0869565217391 0.166064981949 23 277 99
159 15 -135.0863227 281.580210349 0.005 0.703 0.0 0.0 106 194 99
160 29 -145.147919443 301.703403835 0.005 0.406 0.0 0.0562770562771 69 231 99
161 4 -171.096649368 353.600863685 0.005 0.307 0.0 0.0245398773006 137 163 99
162 19 -199.190235865 409.78803668 0.015 0.109 0.2 0.362711864407 5 295 99
163 3 -160.524144146 332.455853242 0.005 0.307 0.0 0.0656565656566 102 198 99
164 2 -160.75118343 332.90993181 0.005 0.208 nan 0.21 0 300 99
165 12 -138.840280221 289.088125391 0.005 0.307 0.0 0.0972762645914 43 257 99
166 1 -154.195767855 319.799100659 0.005 0.208 0.0 0.153024911032 19 281 99
168 37 -155.171057887 321.749680723 0.005 0.208 0.0 0.162068965517 10 290 99
170 12 -148.964427047 309.336419042 0.005 0.208 nan 0.203333333333 0 300 99
171 5 -176.108951809 363.625468568 0.005 0.307 0.0 0.0193548387097 145 155 99
172 9 -162.082560434 335.572685817 0.005 0.307 0.0 0.0721153846154 92 208 99
173 5 -120.70177741 252.81111977 0.005 0.505 0.0 0.0434782608696 47 253 99
174 1 -132.093723992 275.595012933 0.005 0.505 0.0 0.042735042735 66 234 99
175 12 -150.053390198 311.514345345 0.005 0.406 0.0 0.0568720379147 89 211 99
176 21 -184.407585153 380.222735255 0.005 0.109 nan 0.283333333333 0 300 99
177 40 -205.163820758 421.735206465 0.08 0.109 0.28125 0.399253731343 32 268 99
178 8 -117.874767781 247.157100511 0.005 0.703 0.0 0.0170212765957 65 235 99
179 4 -179.68096741 370.76949977 0.005 0.109 0.166666666667 0.275510204082 6 294 99
180 8 -170.727464581 352.862494111 0.005 0.208 0.0 0.189516129032 52 248 99
181 4 -173.264449457 357.936463863 0.005 0.109 nan 0.26 0 300 99
183 5 -173.089406277 357.586377504 0.005 0.208 0.0344827586207 0.228782287823 29 271 99
184 3 -159.252806142 329.913177234 0.005 0.406 0.0 0.0280898876404 122 178 99
185 7 -135.122658483 281.652881916 0.005 0.307 0.0 0.106060606061 36 264 99
186 11 -121.853455661 255.114476271 0.005 0.604 0.0 0.027027027027 78 222 99
187 8 -135.597862052 282.603289053 0.005 0.703 0.0 0.00507614213198 103 197 99
188 20 -167.434136938 346.275838825 0.005 0.208 0.0 0.118181818182 80 220 99
189 3 -174.28443848 359.976441909 0.005 0.208 0.0 0.188679245283 35 265 99
190 32 -198.878765623 409.165096195 0.005 0.109 nan 0.35 0 300 99
192 7 -140.841687064 293.090939077 0.005 0.307 0.0 0.109022556391 34 266 99
193 2 -156.43792211 324.283409169 0.005 0.307 0.0128205128205 0.0720720720721 78 222 99
194 9 -140.935329055 293.27822306 0.005 0.505 0.0 0.02 100 200 99
195 9 -173.410912291 358.229389531 0.005 0.208 0.0357142857143 0.184426229508 56 244 99
196 0 -137.819508399 287.046581748 0.005 0.307 0.04 0.101818181818 25 275 99
197 23 -180.568808727 372.545182404 0.005 0.109 nan 0.296666666667 0 300 99
198 8 -151.60703817 314.621641289 0.005 0.307 0.0133333333333 0.0888888888889 75 225 99
199 11 -156.678547062 324.764659074 0.005 0.208 0.030303030303 0.179775280899 33 267 99
200 22 -127.211809029 265.831183008 0.005 0.604 0.0 0.0265486725664 74 226 99
202 17 -146.958192382 305.323949714 0.005 0.406 0.0 0.0548523206751 63 237 99
203 7 -118.084000847 247.575566642 0.005 0.604 0.0 0.0322580645161 52 248 99
204 22 -173.737043258 358.881651464 0.005 0.406 0.0 0.012987012987 146 154 99
206 32 -157.558783818 326.525132585 0.005 0.406 0.0 0.0569948186528 107 193 99
207 6 -110.786207258 232.979979465 0.005 0.802 0.0 0.00851063829787 65 235 99
208 34 -157.12052576 325.64861647 0.005 0.208 0.0 0.157894736842 15 285 99
212 1 -150.927668041 313.262901031 0.005 0.307 0.0 0.137546468401 31 269 99
213 18 -207.963366761 427.334298471 0.205 0.01 0.6 0.516363636364 25 275 99
215 8 -125.994066869 263.395698688 0.005 0.505 0.0 0.0337552742616 63 237 99
216 1 -163.122386505 337.65233796 0.005 0.307 0.0 0.0970873786408 94 206 99
217 16 -163.581105559 338.569776067 0.005 0.208 0.0 0.175373134328 32 268 99
218 3 -177.994028634 367.395622218 0.005 0.109 0.111111111111 0.250859106529 9 291 99
220 26 -108.177053659 227.761672268 0.005 1.0 0.0 0.00456621004566 81 219 99
221 3 -173.969939 359.34744295 0.005 0.109 nan 0.24 0 300 99
223 15 -175.155852346 361.719269641 0.005 0.307 0.00735294117647 0.030487804878 136 164 99
225 4 -167.442715916 346.29299678 0.005 0.208 0.0307692307692 0.144680851064 65 235 99
226 22 -146.617473125 304.642511199 0.005 0.307 0.0 0.12274368231 23 277 99
227 39 -136.269154323 283.945873594 0.005 0.406 0.0 0.0669456066946 61 239 99
228 12 -147.888816035 307.185197018 0.005 0.208 0.142857142857 0.160409556314 7 293 99
229 16 -151.613861729 314.635288408 0.005 0.307 0.0125 0.0863636363636 80 220 99
230 8 -165.049775635 341.507116219 0.005 0.406 0.0 0.0280898876404 122 178 99
231 40 -142.253303007 295.914170964 0.005 0.406 0.0 0.070796460177 74 226 99
232 7 -180.763485821 372.934536592 0.005 0.307 0.0 0.0254777070064 143 157 99
234 8 -95.2082630645 201.824091078 0.005 0.703 0.0294117647059 0.0263157894737 34 266 99
235 11 -115.003637361 241.414839672 0.005 0.802 0.0 0.00877192982456 72 228 99
236 12 -180.198374547 371.804314044 0.005 0.109 nan 0.293333333333 0 300 99
237 3 -140.43578855 292.279142048 0.005 0.406 0.0 0.0615384615385 40 260 99
238 25 -165.177227495 341.762019938 0.005 0.307 0.0 0.0985915492958 87 213 99
240 3 -153.400908161 318.209381272 0.005 0.307 0.0 0.0851063829787 65 235 99
241 4 -133.858986057 279.125537063 0.005 0.505 0.0 0.0444444444444 75 225 99
242 7 -149.281339594 309.970244138 0.005 0.505 0.0 0.0201005025126 101 199 99
243 13 -164.135247302 339.678059553 0.005 0.208 0.0 0.162878787879 36 264 99
244 28 -171.185038935 353.777642819 0.005 0.109 nan 0.236666666667 0 300 99
245 9 -167.474546432 346.356657814 0.005 0.208 0.0 0.177358490566 35 265 99
247 15 -153.751965348 318.911495645 0.005 0.208 1.0 0.180602006689 1 299 99
248 35 -141.888141577 295.183848104 0.005 0.307 0.0 0.0861423220974 33 267 99
253 4 -131.952427069 275.312419088 0.005 0.505 0.0 0.0379146919431 89 211 99
256 10 -145.964126336 303.335817622 0.005 0.307 0.111111111111 0.134020618557 9 291 99
257 24 -145.206922263 301.821409476 0.005 0.307 0.02 0.08 50 250 99
258 8 -176.397244036 364.20205302 0.005 0.109 nan 0.273333333333 0 300 99
259 14 -144.014200094 299.435965136 0.005 0.307 0.0 0.099173553719 58 242 99
260 13 -176.859901554 365.127368058 0.005 0.109 0.0769230769231 0.216027874564 13 287 99
261 7 -191.921785463 395.251135876 0.01 0.109 0.5 0.332214765101 2 298 99
262 11 -157.202938265 325.813441479 0.005 0.208 0.0 0.153256704981 39 261 99
263 8 -125.101663177 261.610891302 0.005 0.505 0.0 0.0444444444444 75 225 99
264 3 -153.954305003 319.316174956 0.005 0.406 0.0 0.0212765957447 112 188 99
1519 17 -167.813603886 347.034772722 0.005 0.208 0.0 0.15811965812 66 234 99
1520 4 -111.356900919 234.121366787 0.005 1.0 0.0 0.00446428571429 76 224 99
1521 17 -151.671873432 314.751311813 0.005 0.208 0.0 0.14126394052 31 269 99
1523 14 -191.037559244 393.482683438 0.005 0.109 0.5 0.318791946309 2 298 99
1524 11 -141.377458375 294.1624817 0.005 0.604 0.0 0.0049504950495 98 202 99
1525 12 -149.021847608 309.451260165 0.005 0.604 0.0 0.0 126 174 99
1526 11 -141.278477293 293.964519535 0.005 0.406 0.0 0.067264573991 77 223 99
1527 15 -160.344617334 332.096799617 0.005 0.307 0.0 0.0765550239234 91 209 99
1528 2 -144.99444004 301.39644503 0.005 0.406 0.0 0.0535714285714 76 224 99
1529 2 -111.639735808 234.687036565 0.005 0.901 0.0 0.00444444444444 75 225 99
1530 15 -191.146750293 393.701065535 0.005 0.208 0.0 0.0921985815603 159 141 99
1531 10 -137.240892679 285.889350308 0.005 0.406 0.0 0.0633484162896 79 221 99
1532 15 -132.509053258 276.425671466 0.005 0.802 0.0 0.00505050505051 102 198 99
1533 22 -121.919532355 255.246629659 0.005 0.703 0.0 0.00956937799043 91 209 99
1534 19 -82.6589989418 176.725562833 0.005 1.0 0.0 0.00803212851406 51 249 99
1535 15 -139.90760211 291.22276917 0.005 0.307 0.0357142857143 0.117647058824 28 272 99
1536 5 -172.446175082 356.299915114 0.005 0.208 0.333333333333 0.225589225589 3 297 100
1537 12 -158.88179972 329.171164389 0.005 0.208 0.0 0.164383561644 8 292 100
1538 32 -130.385721525 272.179007999 0.005 0.505 0.0 0.047619047619 48 252 100
1539 24 -158.230255674 327.868076297 0.005 0.505 0.0 0.0168539325843 122 178 100
1540 8 -129.942935592 271.293436133 0.005 0.703 0.0 0.0 99 201 100
1541 11 -180.08676647 371.581097889 0.005 0.109 0.5 0.268456375839 2 298 100
1542 7 -161.873991418 335.155547786 0.005 0.208 nan 0.216666666667 0 300 100
1543 7 -127.739383964 266.886332878 0.005 0.505 0.0 0.0509803921569 45 255 100
1544 13 -155.599846027 322.607257004 0.005 0.406 0.0232558139535 0.0654205607477 86 214 100
1545 25 -177.280372323 365.968309596 0.005 0.109 0.0 0.255892255892 3 297 100
1546 12 -115.731270244 242.870105438 0.005 0.604 0.0 0.0301724137931 68 232 100
1547 23 -207.260417831 425.928400612 0.005 0.01 nan 0.456666666667 0 300 100
1549 27 -161.818313872 335.044192694 0.005 0.208 0.037037037037 0.142276422764 54 246 100
1550 4 -170.6521191 352.71180315 0.005 0.208 nan 0.223333333333 0 300 100
1553 11 -129.608411784 270.624388518 0.005 0.604 0.0125 0.0227272727273 80 220 100
140 11 -153.119333016 317.646230982 0.005 0.307 0.0112359550562 0.0616113744076 89 211 100
141 4 -146.053986418 303.515537785 0.005 0.307 0.0322580645161 0.104089219331 31 269 100
142 10 -118.337982156 248.08352926 0.005 0.802 0.0 0.00448430493274 77 223 100
143 21 -177.240545565 365.888656079 0.005 0.109 nan 0.263333333333 0 300 100
144 16 -143.056414678 297.520394306 0.005 0.604 0.0 0.00523560209424 109 191 100
145 10 -139.167100312 289.741765572 0.005 0.406 0.0 0.0608695652174 70 230 100
146 24 -175.836347203 363.080259354 0.005 0.208 0.0 0.113861386139 98 202 100
147 11 -112.149509821 235.706584592 0.005 0.604 0.0 0.0392156862745 45 255 100
148 3 -143.393675248 298.194915445 0.005 0.208 0.333333333333 0.164983164983 3 297 100
149 5 -156.181052429 323.769669807 0.005 0.307 0.0 0.0684931506849 81 219 100
150 25 -125.317055349 262.041675646 0.005 0.505 0.0 0.0321100917431 82 218 100
151 21 -138.561024617 288.529614183 0.005 0.406 0.0 0.0711462450593 47 253 100
152 9 -122.772024628 256.951614206 0.005 0.703 0.0 0.0047619047619 90 210 100
153 15 -196.782616736 404.972798421 0.005 0.109 nan 0.346666666667 0 300 100
154 3 -145.488092579 302.383750108 0.005 0.208 nan 0.19 0 300 100
155 0 -118.067363365 247.54229168 0.005 0.505 0.0 0.0602836879433 18 282 100
157 8 -168.756490062 348.920545074 0.005 0.208 nan 0.233333333333 0 300 100
158 9 -116.32394079 244.05544653 0.005 0.802 0.0 0.0135746606335 79 221 100
159 15 -140.746001983 292.899568915 0.005 0.604 0.0 0.00537634408602 114 186 100
160 29 -101.376122609 214.159810167 0.005 1.0 0.0 0.0 69 231 100
161 4 -144.613594828 300.634754604 0.005 0.208 0.166666666667 0.163194444444 12 288 100
162 19 -202.366413319 416.140391588 0.035 0.109 0.375 0.376712328767 8 292 100
163 3 -150.43304504 312.273655029 0.005 0.307 0.0222222222222 0.0941176470588 45 255 100
164 2 -174.724934355 360.85743366 0.005 0.208 0.142857142857 0.193548387097 21 279 100
165 12 -184.17168181 379.75092857 0.005 0.109 0.333333333333 0.272727272727 3 297 100
166 1 -143.523206763 298.453978475 0.005 0.307 0.0 0.0842911877395 39 261 100
168 37 -162.877052591 337.161670132 0.005 0.307 0.0294117647059 0.10775862069 68 232 100
170 12 -188.136042668 387.679650286 0.005 0.109 0.0 0.182242990654 86 214 100
171 5 -165.485150274 342.377865498 0.005 0.406 0.0 0.0348837209302 128 172 100
172 9 -164.208315887 339.824196722 0.005 0.208 0.0 0.134782608696 70 230 100
173 5 -145.266094784 301.939754516 0.005 0.208 nan 0.183333333333 0 300 100
174 1 -138.71073226 288.829029469 0.005 0.307 0.0 0.0978260869565 24 276 100
175 12 -147.081840737 305.571246424 0.005 0.406 0.0 0.0652173913043 70 230 100
176 21 -194.803909784 401.015384518 0.005 0.109 0.0144927536232 0.25974025974 69 231 100
177 40 -205.912654854 423.232874658 0.005 0.01 nan 0.396666666667 0 300 100
178 8 -175.320478877 362.048522703 0.005 0.208 0.0 0.174887892377 77 223 100
179 4 -122.975553571 257.358672092 0.005 0.604 0.0 0.0296610169492 64 236 100
180 8 -143.455534446 298.318633842 0.005 0.208 nan 0.193333333333 0 300 100
181 4 -181.096746723 373.601058396 0.005 0.109 0.333333333333 0.276094276094 3 297 100
183 5 -162.483937106 336.375439162 0.005 0.208 nan 0.226666666667 0 300 100
184 3 -172.789283487 356.986131924 0.005 0.208 0.0 0.106382978723 65 235 100
185 7 -170.676100166 352.759765282 0.005 0.307 0.0 0.0666666666667 120 180 100
186 11 -108.59962134 228.60680763 0.005 1.0 0.0 0.0 82 218 100
187 8 -134.205048725 279.817662399 0.005 0.505 0.0 0.0230414746544 83 217 100
188 20 -145.059328817 301.526222583 0.005 0.604 0.0 0.00564971751412 123 177 100
189 3 -142.1623524 295.732269749 0.005 0.307 0.0 0.0778210116732 43 257 100
190 32 -196.154863387 403.717291724 0.025 0.109 0.2 0.359322033898 5 295 100
192 7 -144.493695128 300.394955205 0.005 0.307 0.0 0.115523465704 23 277 100
193 2 -131.435704901 274.27897475 0.005 0.505 0.0 0.0226244343891 79 221 100
194 9 -162.732789514 336.873143978 0.005 0.307 0.0 0.0663265306122 104 196 100
195 9 -166.451428582 344.310422113 0.005 0.208 0.0 0.211805555556 12 288 100
196 0 -145.521888682 302.451342313 0.005 0.208 0.5 0.171140939597 2 298 100
197 23 -195.952357513 403.312279974 0.005 0.109 nan 0.333333333333 0 300 100
198 8 -121.105943961 253.619452872 0.005 0.802 0.0 0.0093896713615 87 213 100
199 11 -141.478343465 294.36425188 0.005 0.406 0.0 0.0456621004566 81 219 100
200 22 -142.40380739 296.215179729 0.005 0.406 0.0 0.0398009950249 99 201 100
202 17 -157.901160595 327.209886139 0.005 0.307 0.0 0.0871369294606 59 241 100
203 7 -155.612598636 322.632762222 0.005 0.406 0.0 0.03125 108 192 100
204 22 -132.081463983 275.570492915 0.005 0.505 0.0 0.0537190082645 58 242 100
206 32 -125.885108157 263.177781263 0.005 0.406 0.046511627907 0.0700389105058 43 257 100
207 6 -120.545135909 252.497836768 0.005 0.604 0.0128205128205 0.0225225225225 78 222 100
208 34 -140.699515159 292.806595267 0.005 0.505 0.0 0.0251256281407 101 199 100
212 1 -164.286707931 339.980980811 0.005 0.208 0.0 0.171003717472 31 269 100
213 18 -206.545529467 424.498623883 0.005 0.01 nan 0.426666666667 0 300 100
215 8 -139.400578726 290.208722402 0.005 0.406 0.0 0.075 60 240 100
216 1 -123.294863069 257.997291088 0.005 0.505 0.0 0.0340425531915 65 235 100
217 16 -169.170676037 349.748917022 0.005 0.208 0.0227272727273 0.1640625 44 256 100
218 3 -139.695413052 290.798391054 0.005 0.406 0.0 0.0669456066946 61 239 100
220 26 -120.513351083 252.434267115 0.005 0.505 0.0263157894737 0.0572519083969 38 262 100
221 3 -153.465893716 318.339352382 0.005 0.307 0.0 0.0663900414938 59 241 100
223 15 -145.248105415 301.903775779 0.005 0.307 0.0 0.0961538461538 40 260 100
225 4 -147.985126681 307.377818311 0.005 0.307 0.0555555555556 0.131205673759 18 282 100
226 22 -131.705012389 274.817589727 0.005 0.505 0.0 0.045643153527 59 241 100
227 39 -160.781988101 332.971541152 0.005 0.208 nan 0.21 0 300 100
228 12 -133.271604776 277.950774501 0.005 0.406 0.027027027027 0.0874524714829 37 263 100
229 16 -159.960305191 331.328175331 0.005 0.406 0.00819672131148 0.0280898876404 122 178 100
230 8 -131.253234146 273.91403324 0.005 0.604 0.0 0.0049504950495 98 202 100
231 40 -120.964251208 253.336067366 0.005 0.604 0.0 0.0231481481481 84 216 100
232 7 -119.663021614 250.733608178 0.005 0.703 0.0 0.0 101 199 100
234 8 -89.1697769107 189.747118771 0.005 0.901 0.0 0.021978021978 27 273 100
235 11 -132.900175325 277.2079156 0.005 0.307 0.0 0.0848708487085 29 271 100
236 12 -112.48346406 236.374493069 0.005 0.703 0.0 0.00442477876106 74 226 100
237 3 -126.635881242 264.679327434 0.005 0.703 0.0 0.00480769230769 92 208 100
238 25 -152.828497716 317.064560381 0.005 0.208 1.0 0.183946488294 1 299 100
240 3 -175.578049494 362.563663938 0.005 0.307 0.0 0.046783625731 129 171 100
241 4 -148.622181749 308.651928448 0.005 0.406 0.0 0.0651162790698 85 215 100
242 7 -142.388170913 296.183906775 0.005 0.505 0.0106382978723 0.0291262135922 94 206 100
243 13 -164.47470611 340.35697717 0.005 0.208 0.111111111111 0.168384879725 9 291 100
244 28 -169.775820053 350.959205055 0.005 0.208 0.0384615384615 0.215328467153 26 274 100
245 9 -152.847365385 317.102295719 0.005 0.307 0.0 0.0646551724138 68 232 100
247 15 -106.19198045 223.79152585 0.005 0.703 0.0 0.0204918032787 56 244 100
248 35 -151.998588258 315.404741466 0.005 0.505 0.0 0.0113636363636 124 176 100
253 4 -151.621336748 314.650238446 0.005 0.406 0.0 0.0285714285714 90 210 100
256 10 -114.500213099 240.407991148 0.005 1.0 0.0 0.0 88 212 100
257 24 -135.708099171 282.823763292 0.005 0.307 0.0217391304348 0.0984251968504 46 254 100
258 8 -162.537617354 336.482799658 0.005 0.208 nan 0.22 0 300 100
259 14 -134.652182692 280.711930333 0.005 0.604 0.0 0.00497512437811 99 201 100
260 13 -142.27248386 295.952532669 0.005 0.307 0.0 0.0950704225352 16 284 100
261 7 -195.969327956 403.34622086 0.02 0.109 1.0 0.347826086957 1 299 100
262 11 -177.333790411 366.075145771 0.005 0.307 0.00751879699248 0.0419161676647 133 167 100
263 8 -151.202491801 313.812548552 0.005 0.406 0.0 0.03 100 200 100
264 3 -109.31901954 230.045604029 0.005 0.901 0.0 0.00454545454545 80 220 100
1519 17 -157.635087599 326.677740147 0.005 0.307 0.0 0.0900900900901 78 222 100
1520 4 -166.88097516 345.169515269 0.005 0.307 0.0 0.0111731843575 121 179 100
1521 17 -130.672840627 272.753246203 0.005 0.406 0.025 0.0653846153846 40 260 100
1523 14 -158.315237735 328.038040419 0.005 0.208 0.333333333333 0.208754208754 3 297 100
1524 11 -124.31170305 260.030971048 0.005 0.505 0.0 0.0376569037657 61 239 100
1525 12 -170.463441049 352.334447048 0.005 0.208 nan 0.223333333333 0 300 100
1526 11 -155.16002743 321.727619809 0.005 0.406 0.0102040816327 0.029702970297 98 202 100
1527 15 -134.942372566 281.292310081 0.005 0.802 0.0 0.0 97 203 100
1528 2 -150.382818507 312.173201964 0.005 0.208 0.0434782608696 0.151624548736 23 277 100
1529 2 -157.25056492 325.908694789 0.005 0.406 0.0 0.0461538461538 105 195 100
1530 15 -137.915351902 287.238268753 0.005 0.604 0.0 0.0157068062827 109 191 100
1531 10 -148.574117875 308.555800699 0.005 0.208 0.0 0.145833333333 12 288 100
1532 15 -166.923622913 345.254810775 0.005 0.208 0.0 0.132701421801 89 211 100
1533 22 -162.269866332 335.947297614 0.005 0.406 0.0 0.0173410404624 127 173 100
1534 19 -175.459326615 362.32621818 0.005 0.109 0.111111111111 0.237113402062 9 291 100
1535 15 -97.410245133 206.228055215 0.005 0.703 0.0 0.0201612903226 52 248 100
