1536 5 -142.873842888 297.155250725 0.005 0.406 0.0 0.0585585585586 78 222 36
1537 12 -166.322063754 344.051692457 0.005 0.208 nan 0.236666666667 0 300 36
1538 32 -177.059601955 365.52676886 0.005 0.208 0.0 0.0960451977401 123 177 36
1539 24 -141.973829331 295.355223612 0.005 0.307 0.046511627907 0.0933852140078 43 257 36
1540 8 -170.828574801 353.064714552 0.005 0.208 nan 0.223333333333 0 300 36
1541 11 -163.252712588 337.912990125 0.005 0.208 0.285714285714 0.201365187713 7 293 36
1542 7 -157.655819902 326.719204754 0.005 0.208 0.166666666667 0.204081632653 6 294 36
1543 7 -129.51884864 270.44526223 0.005 0.307 0.0666666666667 0.122807017544 15 285 36
1544 13 -159.761743365 330.931051679 0.005 0.307 0.0 0.118942731278 73 227 36
1545 25 -153.478635581 318.364836111 0.005 0.406 0.0 0.0478468899522 91 209 36
1546 12 -168.830363195 349.068291339 0.005 0.406 0.00877192982456 0.0430107526882 114 186 36
1547 23 -203.166465793 417.740496535 0.135 0.109 0.55 0.417857142857 20 280 36
1549 27 -151.86745042 315.14246579 0.005 0.307 0.0 0.0847457627119 64 236 36
1550 4 -153.94246243 319.29248981 0.005 0.208 0.25 0.202702702703 4 296 36
1553 11 -163.515940983 338.439446916 0.005 0.208 0.05 0.196428571429 20 280 36
140 11 -114.580053562 240.567672074 0.005 1.0 0.0 0.0047619047619 90 210 36
141 4 -124.168445539 259.744456027 0.005 0.406 0.0 0.0606060606061 36 264 36
142 10 -161.705885295 334.819335539 0.005 0.406 0.0 0.0054347826087 116 184 36
143 21 -198.946070314 409.299705578 0.025 0.109 0.4 0.366101694915 5 295 36
144 16 -112.259741558 235.927048064 0.005 1.0 0.0125 0.00909090909091 80 220 36
145 10 -163.777233391 338.96203173 0.005 0.406 0.0 0.0 135 165 36
146 24 -115.435760857 242.279086663 0.005 0.604 0.0 0.0218340611354 71 229 36
147 11 -140.990919644 293.389404237 0.005 0.505 0.0 0.0292682926829 95 205 36
148 3 -148.876836296 309.161237542 0.005 0.307 0.0140845070423 0.0873362445415 71 229 36
149 5 -150.702562667 312.812690284 0.005 0.307 0.0333333333333 0.125925925926 30 270 36
150 25 -147.721556521 306.850677992 0.005 0.604 0.0 0.0 126 174 36
151 21 -112.826436755 237.06043846 0.005 0.703 0.0 0.0178571428571 76 224 36
152 9 -111.761645158 234.930855265 0.005 0.901 0.0 0.00471698113208 88 212 36
153 15 -195.870571094 403.148707137 0.01 0.109 nan 0.35 0 300 36
154 3 -96.5487086183 204.504982186 0.005 0.703 0.0 0.0264150943396 35 265 36
155 0 -131.425303416 274.258171781 0.005 0.307 0.0 0.0977443609023 34 266 36
157 8 -174.129073764 359.665712477 0.005 0.109 nan 0.25 0 300 36
158 9 -132.559732798 276.527030545 0.005 0.505 0.0 0.0235849056604 88 212 36
159 15 -95.9273916236 203.262348197 0.005 1.0 0.0 0.0042194092827 63 237 36
160 29 -172.087068498 355.581701945 0.005 0.208 0.5 0.231543624161 2 298 36
161 4 -150.029348239 311.466261427 0.005 0.406 0.0 0.064039408867 97 203 36
162 19 -195.465654941 402.338874832 0.005 0.109 nan 0.346666666667 0 300 36
163 3 -141.560952829 294.529470608 0.005 0.307 0.0952380952381 0.125448028674 21 279 36
164 2 -153.95740972 319.322384389 0.005 0.208 0.333333333333 0.163265306122 6 294 36
165 12 -168.822798416 349.053161782 0.005 0.208 nan 0.236666666667 0 300 36
166 1 -177.675007811 366.757580571 0.005 0.208 0.0 0.0928961748634 117 183 36
168 37 -182.057184438 375.521933824 0.005 0.109 nan 0.283333333333 0 300 36
170 12 -171.289977442 353.987519833 0.005 0.109 nan 0.25 0 300 36
171 5 -148.768285499 308.944135947 0.005 0.406 0.0 0.0322580645161 114 186 36
172 9 -127.34933877 266.106242489 0.005 0.604 0.0 0.018691588785 86 214 36
173 5 -167.399266464 346.206097878 0.005 0.208 0.0 0.113636363636 80 220 36
174 1 -137.240933984 285.889432917 0.005 0.406 0.0 0.0632411067194 47 253 36
175 12 -143.57113982 298.54984459 0.005 0.505 0.0104166666667 0.0343137254902 96 204 36
176 21 -179.614152129 370.635869207 0.005 0.109 0.047619047619 0.26164874552 21 279 36
177 40 -203.198679857 417.804924662 0.045 0.109 0.357142857143 0.381118881119 14 286 36
178 8 -122.255426235 255.918417418 0.005 0.703 0.0 0.0045871559633 82 218 36
179 4 -160.477581149 332.362727247 0.005 0.208 0.0 0.153256704981 39 261 36
180 8 -133.184018493 277.775601935 0.005 0.604 0.0 0.0235849056604 88 212 36
181 4 -162.479983852 336.367532654 0.005 0.307 0.0 0.0721649484536 106 194 36
183 5 -144.748336039 300.904237027 0.005 0.307 0.0 0.149152542373 5 295 36
184 3 -177.970401559 367.348368067 0.005 0.208 0.0 0.106951871658 113 187 36
185 7 -159.25082286 329.909210669 0.005 0.307 0.0 0.109756097561 54 246 36
186 11 -186.926783967 385.261132882 0.005 0.307 0.0 0.0 175 125 36
187 8 -150.991356999 313.390278948 0.005 0.208 nan 0.203333333333 0 300 36
188 20 -150.838613472 313.084791894 0.005 0.307 0.0 0.12890625 44 256 36
189 3 -176.579825534 364.567216018 0.005 0.208 0.0161290322581 0.176470588235 62 238 36
190 32 -197.536513267 406.480591483 0.015 0.109 nan 0.36 0 300 36
192 7 -145.137916833 301.683398615 0.005 0.406 0.0 0.0689655172414 68 232 36
193 2 -167.840210611 347.087986171 0.005 0.208 0.0185185185185 0.166666666667 54 246 36
194 9 -148.256464139 307.920493228 0.005 0.208 nan 0.183333333333 0 300 36
195 9 -154.666584965 320.74073488 0.005 0.208 0.125 0.176056338028 16 284 36
196 0 -146.830849704 305.069264357 0.005 0.406 0.0 0.0562770562771 69 231 36
197 23 -182.581993485 376.571551919 0.005 0.109 nan 0.29 0 300 36
198 8 -111.918561791 235.244688532 0.005 0.703 0.0 0.0243902439024 54 246 36
199 11 -111.588239733 234.584044415 0.005 0.406 0.0 0.0671641791045 32 268 36
200 22 -136.782481926 284.972528801 0.005 0.307 0.0833333333333 0.145833333333 12 288 36
202 17 -174.82227101 361.05210697 0.005 0.109 nan 0.27 0 300 36
203 7 -127.779640347 266.966845643 0.005 0.703 0.0 0.0141509433962 88 212 36
204 22 -117.723206995 246.85397894 0.005 1.0 0.0 0.0 97 203 36
206 32 -127.459369415 266.32630378 0.005 0.604 0.0 0.00490196078431 96 204 36
207 6 -111.479607297 234.366779543 0.005 0.802 0.0 0.00456621004566 81 219 36
208 34 -170.46558104 352.338727029 0.01 0.208 0.166666666667 0.241496598639 6 294 36
212 1 -123.782993704 258.973552358 0.005 0.406 0.0 0.0604838709677 52 248 36
213 18 -206.915649414 425.238863778 0.005 0.01 nan 0.44 0 300 36
215 8 -169.839794513 351.087153975 0.005 0.307 0.0 0.0546448087432 117 183 36
216 1 -131.830453527 275.068472004 0.005 0.307 0.0277777777778 0.0795454545455 36 264 36
217 16 -132.335136365 276.07783768 0.005 0.307 0.0 0.0983050847458 5 295 36
218 3 -151.019753427 313.447071804 0.005 0.208 nan 0.203333333333 0 300 36
220 26 -138.54313955 288.493844049 0.005 0.604 0.0 0.0104166666667 108 192 36
221 3 -166.684560494 344.776685937 0.005 0.208 0.2 0.227118644068 5 295 36
223 15 -156.171152979 323.749870907 0.005 0.406 0.0 0.0246305418719 97 203 36
225 4 -149.074765622 309.557096193 0.005 0.307 0.0 0.131386861314 26 274 36
226 22 -179.598127593 370.603820136 0.005 0.208 0.00746268656716 0.0421686746988 134 166 36
227 39 -155.398512937 322.204590823 0.005 0.307 0.0126582278481 0.0723981900452 79 221 36
228 12 -144.962622066 301.332809081 0.005 0.406 0.0 0.067264573991 77 223 36
229 16 -163.243111518 337.893787985 0.005 0.307 0.0 0.0568720379147 89 211 36
230 8 -185.805983971 383.019532891 0.005 0.307 0.00625 0.0 160 140 36
231 40 -153.237577853 317.882720655 0.005 0.307 0.0 0.0913242009132 81 219 36
232 7 -142.659481433 296.726527815 0.005 0.307 0.0 0.100386100386 41 259 36
234 8 -133.5939213 278.595407548 0.005 0.604 0.0 0.0197044334975 97 203 36
235 11 -157.910781223 327.229127396 0.005 0.208 nan 0.216666666667 0 300 36
236 12 -161.030113503 333.467791955 0.005 0.307 0.0 0.0963302752294 82 218 36
237 3 -120.903598102 253.214761153 0.005 0.604 0.0 0.042194092827 63 237 36
238 25 -175.972385774 363.352336496 0.005 0.208 0.0307692307692 0.178723404255 65 235 36
240 3 -140.139325799 291.686216547 0.005 0.406 0.0175438596491 0.0740740740741 57 243 36
241 4 -130.32506046 272.057685868 0.005 0.703 0.0 0.0193236714976 93 207 36
242 7 -170.779794044 352.967153037 0.005 0.406 0.0 0.00564971751412 123 177 36
243 13 -143.7959597 298.999484349 0.005 0.505 0.0 0.020942408377 109 191 36
244 28 -177.664001221 366.735567391 0.005 0.109 0.0 0.224199288256 19 281 36
245 9 -151.071063287 313.549691523 0.005 0.307 0.0217391304348 0.110236220472 46 254 36
247 15 -171.184486806 353.776538561 0.005 0.208 0.0 0.156626506024 51 249 36
248 35 -181.072096683 373.551758315 0.005 0.109 nan 0.28 0 300 36
253 4 -140.607126187 292.621817324 0.005 0.505 0.0 0.0152284263959 103 197 36
256 10 -162.649230021 336.706024992 0.005 0.505 0.0 0.00591715976331 131 169 36
257 24 -142.174895894 295.757356737 0.005 0.505 0.0 0.0344827586207 97 203 36
258 8 -160.90430811 333.21618117 0.005 0.208 0.133333333333 0.19298245614 15 285 36
259 14 -168.692197891 348.791960732 0.005 0.406 0.0 0.00641025641026 144 156 36
260 13 -168.580759828 348.569084606 0.005 0.505 0.0 0.0 139 161 36
261 7 -201.265772095 413.93910914 0.045 0.109 0.181818181818 0.387543252595 11 289 36
262 11 -149.065961937 309.539488822 0.005 0.307 0.0 0.0772532188841 67 233 36
263 8 -127.27016879 265.947902528 0.005 0.307 0.05 0.114285714286 20 280 36
264 3 -127.743083207 266.893731363 0.005 0.406 0.027027027027 0.0608365019011 37 263 36
1519 17 -176.535814713 364.479194375 0.005 0.109 0.0909090909091 0.230215827338 22 278 36
1520 4 -156.283926326 323.975417601 0.005 0.505 0.0 0.00591715976331 131 169 36
1521 17 -151.104638723 313.616842395 0.005 0.307 0.0 0.106299212598 46 254 36
1523 14 -171.986427228 355.380419404 0.005 0.208 0.0357142857143 0.183823529412 28 272 36
1524 11 -132.357253966 276.122072882 0.005 0.505 0.0 0.0379746835443 63 237 36
1525 12 -133.2618378 277.931240549 0.005 0.406 0.0 0.0625 60 240 36
1526 11 -149.446809634 310.301184218 0.005 0.406 0.0 0.048309178744 93 207 36
1527 15 -171.700990824 354.809546598 0.005 0.208 nan 0.236666666667 0 300 36
1528 2 -154.657107293 320.721779535 0.005 0.307 0.0 0.125475285171 37 263 36
1529 2 -106.098527469 223.604619886 0.005 0.604 0.0 0.0339622641509 35 265 36
1530 15 -130.491048162 272.389661273 0.005 0.703 0.0 0.0 102 198 36
1531 10 -158.175696006 327.758956962 0.005 0.307 0.0 0.118942731278 73 227 36
1532 15 -144.686723123 300.781011196 0.005 0.307 0.0 0.0923076923077 40 260 36
1533 22 -158.517400968 328.442366885 0.005 0.307 0.0 0.0875 60 240 36
1534 19 -172.904935859 357.217436668 0.005 0.109 nan 0.25 0 300 36
1535 15 -111.740478957 234.888522863 0.005 0.802 0.0 0.00881057268722 73 227 36
1536 5 -151.798883123 315.005331195 0.005 0.406 0.0 0.0324324324324 115 185 37
1537 12 -181.25344269 373.914450328 0.005 0.307 0.0 0.0523255813953 128 172 37
1538 32 -168.967144253 349.341853456 0.005 0.208 0.0 0.126696832579 79 221 37
1539 24 -152.043495538 315.494556025 0.005 0.307 0.0 0.0717703349282 91 209 37
1540 8 -162.137451686 335.682468322 0.005 0.307 0.0 0.0967741935484 83 217 37
1541 11 -176.390983159 364.189531267 0.005 0.109 nan 0.26 0 300 37
1542 7 -159.293999202 329.995563353 0.005 0.208 0.037037037037 0.175824175824 27 273 37
1543 7 -140.639050367 292.685665684 0.005 0.505 0.0 0.00502512562814 101 199 37
1544 13 -148.441218974 308.290002898 0.005 0.307 0.0 0.085201793722 77 223 37
1545 25 -162.826831888 337.061228725 0.005 0.208 nan 0.22 0 300 37
1546 12 -103.903336486 219.214237922 0.005 0.802 0.0 0.015873015873 48 252 37
1547 23 -207.409671617 426.226908183 0.005 0.01 nan 0.463333333333 0 300 37
1549 27 -161.780136661 334.967838271 0.005 0.208 0.0285714285714 0.132075471698 35 265 37
1550 4 -153.521117268 318.449799484 0.005 0.208 nan 0.2 0 300 37
1553 11 -156.339139415 324.085843778 0.005 0.406 0.0 0.0215053763441 114 186 37
140 11 -139.463944496 290.335453941 0.005 0.604 0.0 0.0104712041885 109 191 37
141 4 -127.137531947 265.682628844 0.005 0.406 0.0 0.0996441281139 19 281 37
142 10 -130.274723573 271.957012096 0.005 0.406 0.0 0.0679245283019 35 265 37
143 21 -196.139504934 403.686574817 0.005 0.109 nan 0.343333333333 0 300 37
144 16 -130.249795571 271.907156091 0.005 0.505 0.0175438596491 0.0493827160494 57 243 37
145 10 -146.405690769 304.218946487 0.005 0.307 0.0 0.1328125 44 256 37
146 24 -125.261063578 261.929692105 0.005 0.505 0.0333333333333 0.0592592592593 30 270 37
147 11 -147.371874106 306.151313162 0.005 0.307 0.030303030303 0.104868913858 33 267 37
148 3 -164.371742566 340.151050081 0.005 0.406 0.0 0.0120481927711 134 166 37
149 5 -150.68345054 312.77446603 0.005 0.406 0.0 0.0469483568075 87 213 37
150 25 -156.634440668 324.676446285 0.005 0.208 0.0384615384615 0.156934306569 26 274 37
151 21 -111.408867798 234.225300545 0.005 0.703 0.0 0.0254237288136 64 236 37
152 9 -151.165949526 313.739464001 0.005 0.505 0.0 0.0 120 180 37
153 15 -191.651522889 394.710610728 0.005 0.109 nan 0.323333333333 0 300 37
154 3 -152.54912316 316.505811269 0.005 0.208 0.0 0.16095890411 8 292 37
155 0 -126.436874216 264.281313381 0.005 0.703 0.0 0.00487804878049 95 205 37
157 8 -164.334596399 340.076757747 0.005 0.307 0.0 0.0682926829268 95 205 37
158 9 -111.903284654 235.214134257 0.005 0.703 0.0 0.0220264317181 73 227 37
159 15 -134.170083611 279.747732171 0.005 0.307 0.1875 0.112676056338 16 284 37
160 29 -133.129124165 277.665813278 0.005 0.505 0.0 0.034188034188 66 234 37
161 4 -159.985634082 331.378833113 0.005 0.406 0.010989010989 0.0526315789474 91 209 37
162 19 -201.470417194 414.348399337 0.005 0.109 0.0116279069767 0.257009345794 86 214 37
163 3 -174.8185834 361.044731749 0.005 0.208 0.0 0.155172413793 68 232 37
164 2 -157.887053667 327.181672283 0.005 0.505 0.0 0.0213903743316 113 187 37
165 12 -158.723073799 328.853712546 0.005 0.208 nan 0.2 0 300 37
166 1 -165.338849416 342.085263782 0.005 0.307 0.0 0.0769230769231 79 221 37
168 37 -116.120266463 243.648097875 0.005 0.505 0.0 0.0323886639676 53 247 37
170 12 -180.374490824 372.156546598 0.005 0.208 0.0 0.0702702702703 115 185 37
171 5 -139.414443754 290.236452458 0.005 0.307 0.0 0.0958333333333 60 240 37
172 9 -163.002888204 337.413341357 0.005 0.208 0.0 0.161290322581 52 248 37
173 5 -153.317464361 318.042493672 0.005 0.307 0.0 0.0779816513761 82 218 37
174 1 -117.805904603 247.019374156 0.005 0.604 0.0 0.0337552742616 63 237 37
175 12 -130.992694964 273.392954877 0.005 0.505 0.0 0.038961038961 69 231 37
176 21 -175.848104593 363.103774136 0.005 0.109 0.25 0.25 4 296 37
177 40 -200.449501266 412.30656748 0.045 0.109 0.363636363636 0.373702422145 11 289 37
178 8 -160.226844166 331.861253281 0.005 0.208 0.0238095238095 0.15503875969 42 258 37
179 4 -164.741346127 340.890257204 0.005 0.208 0.0 0.190476190476 27 273 37
180 8 -163.267293435 337.942151819 0.005 0.307 0.0 0.0840707964602 74 226 37
181 4 -168.645168154 348.697901257 0.005 0.208 0.333333333333 0.218855218855 3 297 37
183 5 -161.61657528 334.640715509 0.005 0.208 nan 0.203333333333 0 300 37
184 3 -147.322246712 306.052058372 0.005 0.208 0.0666666666667 0.157894736842 15 285 37
185 7 -147.533372017 306.474308984 0.005 0.406 0.0125 0.0681818181818 80 220 37
186 11 -135.225150465 281.85786588 0.005 0.406 0.0208333333333 0.0634920634921 48 252 37
187 8 -135.589289881 282.586144712 0.005 0.505 0.0 0.0229357798165 82 218 37
188 20 -186.293448359 383.994461667 0.005 0.208 0.0 0.0914634146341 136 164 37
189 3 -185.638480183 382.684525316 0.005 0.208 0.0 0.1 120 180 37
190 32 -193.320273514 398.048111977 0.005 0.109 0.5 0.322147651007 2 298 37
192 7 -147.817831252 307.043227453 0.005 0.307 0.0 0.100775193798 42 258 37
193 2 -151.712788295 314.83314154 0.005 0.505 0.0 0.0157894736842 110 190 37
194 9 -142.631730269 296.671025488 0.005 0.406 0.0 0.0625 76 224 37
195 9 -156.904664521 325.216893991 0.005 0.208 0.0416666666667 0.173913043478 24 276 37
196 0 -151.044078047 313.495721043 0.005 0.208 0.0384615384615 0.160583941606 26 274 37
197 23 -191.645985041 394.699535031 0.005 0.109 nan 0.326666666667 0 300 37
198 8 -144.001409143 299.410383235 0.005 0.505 0.0194174757282 0.0304568527919 103 197 37
199 11 -136.847002027 285.101569004 0.005 0.406 0.0 0.078125 44 256 37
200 22 -179.343551232 370.094667414 0.005 0.307 0.0 0.0377358490566 141 159 37
202 17 -171.652402766 354.712370482 0.005 0.109 nan 0.256666666667 0 300 37
203 7 -123.129645208 257.666855365 0.005 0.307 nan 0.13 0 300 37
204 22 -117.710159509 246.827883967 0.005 0.505 0.0 0.0549019607843 45 255 37
206 32 -140.962457436 293.332479822 0.005 0.604 0.0 0.00520833333333 108 192 37
207 6 -122.506664341 256.42089363 0.005 0.604 0.0161290322581 0.0336134453782 62 238 37
208 34 -179.608758495 370.62508194 0.005 0.109 nan 0.263333333333 0 300 37
212 1 -158.486142087 328.379849124 0.005 0.208 0.0 0.119850187266 33 267 37
213 18 -206.560077227 424.527719402 0.005 0.01 nan 0.423333333333 0 300 37
215 8 -119.25745633 249.922477609 0.005 0.505 0.0 0.0643939393939 36 264 37
216 1 -129.497988432 270.403541813 0.005 0.307 nan 0.153333333333 0 300 37
217 16 -119.218116244 249.843797438 0.005 0.505 0.0 0.0461538461538 40 260 37
218 3 -155.598843596 322.605252141 0.005 0.307 0.0 0.115523465704 23 277 37
220 26 -129.363906204 270.135377358 0.005 0.505 0.0357142857143 0.0450819672131 56 244 37
221 3 -111.914714887 235.236994724 0.005 0.901 0.0 0.00454545454545 80 220 37
223 15 -131.470480844 274.348526637 0.005 0.505 0.0 0.0515021459227 67 233 37
225 4 -179.279723363 369.967011674 0.005 0.109 nan 0.283333333333 0 300 37
226 22 -159.507724941 330.423014831 0.005 0.208 0.0 0.158490566038 35 265 37
227 39 -130.578781166 272.565127281 0.005 0.505 0.0 0.0353982300885 74 226 37
228 12 -139.245654981 289.898874912 0.005 0.604 0.0 0.005 100 200 37
229 16 -140.579231066 292.566027082 0.005 0.307 0.0 0.13058419244 9 291 37
230 8 -128.53244199 268.472448929 0.005 0.604 0.0 0.019801980198 98 202 37
231 40 -147.72349818 306.85456131 0.005 0.406 0.0 0.0646551724138 68 232 37
232 7 -153.714891906 318.837348762 0.005 0.406 0.0 0.056338028169 87 213 37
234 8 -162.153948731 335.715462411 0.005 0.307 0.010101010101 0.0547263681592 99 201 37
235 11 -142.688790151 296.785145251 0.005 0.406 0.0 0.0535714285714 76 224 37
236 12 -177.209457829 365.826480608 0.005 0.109 nan 0.273333333333 0 300 37
237 3 -142.432302933 296.272170815 0.005 0.505 0.0 0.0338164251208 93 207 37
238 25 -146.095600007 303.598764964 0.005 0.208 0.0 0.153024911032 19 281 37
240 3 -159.158274675 329.7241143 0.005 0.406 0.0 0.00558659217877 121 179 37
241 4 -150.260491757 311.928548463 0.005 0.208 0.0 0.144927536232 24 276 37
242 7 -140.46150167 292.33056829 0.005 0.505 0.0 0.0412844036697 82 218 37
243 13 -154.501607813 320.410780574 0.005 0.208 0.0769230769231 0.177700348432 13 287 37
244 28 -164.871845046 341.151255042 0.005 0.208 0.0 0.104838709677 52 248 37
245 9 -145.246983009 301.901530967 0.005 0.307 0.0169491525424 0.0788381742739 59 241 37
247 15 -141.602372415 294.612309779 0.005 0.406 0.0 0.0280373831776 86 214 37
248 35 -184.704485204 380.816535358 0.005 0.109 nan 0.3 0 300 37
253 4 -79.2398233453 169.88721164 0.005 1.0 0.0 0.00760456273764 37 263 37
256 10 -146.410448996 304.228462942 0.005 0.406 0.013698630137 0.0660792951542 73 227 37
257 24 -119.008295334 249.424155618 0.005 0.802 0.0 0.00904977375566 79 221 37
258 8 -183.174556972 377.756678894 0.005 0.109 nan 0.3 0 300 37
259 14 -120.932030723 253.271626395 0.005 0.505 0.0 0.0459770114943 39 261 37
260 13 -157.935532442 327.278629834 0.005 0.505 0.0 0.0116959064327 129 171 37
261 7 -189.138929873 389.685424695 0.005 0.109 nan 0.316666666667 0 300 37
262 11 -140.10955521 291.62667537 0.005 0.604 0.0 0.005 100 200 37
263 8 -144.257173438 299.921911826 0.005 0.703 0.0 0.0 117 183 37
264 3 -130.354959574 272.117484098 0.005 0.604 0.0149253731343 0.0386266094421 67 233 37
1519 17 -157.926438691 327.260442332 0.005 0.208 nan 0.203333333333 0 300 37
1520 4 -121.547492182 254.502549313 0.005 0.703 0.0 0.0144927536232 93 207 37
1521 17 -166.841251624 345.090068198 0.005 0.208 0.0 0.169884169884 41 259 37
1523 14 -178.307151863 368.021868675 0.005 0.109 0.1 0.235714285714 20 280 37
1524 11 -121.336961672 254.081488292 0.005 0.505 0.0 0.0450819672131 56 244 37
1525 12 -156.616211496 324.63998794 0.005 0.307 0.0 0.0758293838863 89 211 37
1526 11 -133.197129218 277.801823385 0.005 0.505 0.0 0.0277777777778 84 216 37
1527 15 -158.175981906 327.759528762 0.005 0.208 0.08 0.178181818182 25 275 37
1528 2 -155.380351654 322.168268258 0.005 0.307 0.0113636363636 0.0707547169811 88 212 37
1529 2 -146.640445731 304.688456412 0.005 0.505 0.0 0.019801980198 98 202 37
1530 15 -176.12026361 363.648092169 0.005 0.307 0.0 0.00666666666667 150 150 37
1531 10 -168.101388186 347.610341322 0.005 0.208 1.0 0.224080267559 1 299 37
1532 15 -144.963129586 301.333824122 0.005 0.208 0.0 0.158450704225 16 284 37
1533 22 -152.972882271 317.353329492 0.005 0.307 0.0 0.134057971014 24 276 37
1534 19 -150.596542484 312.600649918 0.005 0.307 0.0 0.0663900414938 59 241 37
1535 15 -120.465623448 252.338811846 0.005 0.703 0.0 0.00904977375566 79 221 37
1536 5 -154.296273233 320.000111414 0.005 0.406 0.0114942528736 0.0422535211268 87 213 38
1537 12 -132.415923987 276.239412923 0.005 0.406 0.0 0.045871559633 82 218 38
1538 32 -153.21946797 317.846500889 0.005 0.307 0.0 0.0622009569378 91 209 38
1539 24 -181.75817783 374.923920609 0.005 0.307 0.0 0.0 153 147 38
1540 8 -165.286785133 341.981135216 0.005 0.208 0.0 0.199312714777 9 291 38
1541 11 -171.380176685 354.167918319 0.01 0.208 nan 0.253333333333 0 300 38
1542 7 -155.75398455 322.915534049 0.005 0.406 0.0 0.035 100 200 38
1543 7 -89.4417638489 190.291092647 0.005 1.0 0.0 0.00408163265306 55 245 38
1544 13 -153.060405555 317.528376059 0.005 0.406 0.0 0.0526315789474 91 209 38
1545 25 -153.684478728 318.776522406 0.005 0.208 0.0 0.171328671329 14 286 38
1546 12 -136.088619983 283.584804915 0.005 0.406 0.0 0.0675105485232 63 237 38
1547 23 -208.309706675 428.026978299 0.205 0.01 0.461538461538 0.540229885057 39 261 38
1549 27 -166.832045332 345.071655614 0.005 0.208 nan 0.226666666667 0 300 38
1550 4 -165.504428673 342.416422296 0.005 0.307 0.0 0.0544554455446 98 202 38
1553 11 -133.754115917 278.915796783 0.005 0.307 0.2 0.135593220339 5 295 38
140 11 -128.987190012 269.381944973 0.005 0.604 0.0 0.0188679245283 88 212 38
141 4 -157.732565003 326.872694955 0.005 0.307 0.0166666666667 0.1 60 240 38
142 10 -126.812022924 265.031610796 0.005 0.703 0.0 0.00921658986175 83 217 38
143 21 -182.732052879 376.871670706 0.005 0.109 nan 0.286666666667 0 300 38
144 16 -115.890441826 243.188448601 0.005 0.802 0.0 0.0173913043478 70 230 38
145 10 -123.084706904 257.576978758 0.005 0.505 0.0 0.0373443983402 59 241 38
146 24 -156.101067053 323.609699056 0.005 0.307 0.0 0.0607476635514 86 214 38
147 11 -160.071474563 331.550514075 0.005 0.208 0.0 0.141762452107 39 261 38
148 3 -138.842582991 289.092730932 0.005 0.406 0.0 0.0592885375494 47 253 38
149 5 -159.299859209 330.007283368 0.005 0.208 0.0 0.187279151943 17 283 38
150 25 -169.054268311 349.516101572 0.005 0.406 0.0 0.0119760479042 133 167 38
151 21 -160.556202903 332.519970756 0.005 0.307 0.0144927536232 0.0909090909091 69 231 38
152 9 -138.253589435 287.914743819 0.005 0.604 0.0 0.015625 108 192 38
153 15 -186.718690054 384.844945057 0.005 0.109 nan 0.316666666667 0 300 38
154 3 -137.09760896 285.60278287 0.005 0.406 0.0 0.05 40 260 38
155 0 -136.053214349 283.513993647 0.005 0.505 0.0 0.0313901345291 77 223 38
157 8 -169.223152441 349.853869831 0.005 0.307 0.0 0.0238095238095 132 168 38
158 9 -142.06318316 295.533931269 0.005 0.604 0.0 0.0242718446602 94 206 38
159 15 -157.03623353 325.48003201 0.005 0.406 0.0 0.042654028436 89 211 38
160 29 -146.858922327 305.125409603 0.005 0.208 nan 0.176666666667 0 300 38
161 4 -112.420631529 236.248828008 0.005 0.703 0.016393442623 0.0251046025105 61 239 38
162 19 -188.461546225 388.330657399 0.005 0.109 nan 0.32 0 300 38
163 3 -163.134738425 337.6770418 0.005 0.208 nan 0.226666666667 0 300 38
164 2 -122.568533411 256.544631771 0.005 0.802 0.0 0.00961538461538 92 208 38
165 12 -175.745042298 362.897649545 0.005 0.109 nan 0.266666666667 0 300 38
166 1 -178.022385894 367.452336738 0.005 0.208 0.0 0.0886699507389 97 203 38
168 37 -192.616701025 396.640966999 0.005 0.208 0.0 0.008 175 125 38
170 12 -163.903878358 339.215321664 0.005 0.208 0.285714285714 0.19795221843 7 293 38
171 5 -126.992081171 265.391727292 0.005 0.406 0.047619047619 0.062015503876 42 258 38
172 9 -149.108501574 309.624568098 0.005 0.307 0.0 0.113821138211 54 246 38
173 5 -154.674665742 320.756896434 0.005 0.307 0.0 0.117870722433 37 263 38
174 1 -146.19505124 303.797667429 0.005 0.307 0.0185185185185 0.0691056910569 54 246 38
175 12 -103.243702109 217.894969167 0.005 0.703 0.0 0.0407407407407 30 270 38
176 21 -138.118963847 287.645492644 0.005 0.406 0.0 0.0607287449393 53 247 38
177 40 -197.927710118 407.262985185 0.015 0.109 0.333333333333 0.353535353535 3 297 38
178 8 -137.519701565 286.446968079 0.005 0.307 0.0222222222222 0.0901960784314 45 255 38
179 4 -174.713771768 360.835108485 0.005 0.208 0.25 0.222972972973 4 296 38
180 8 -195.219081915 401.845728779 0.005 0.109 0.0 0.15 140 160 38
181 4 -185.301852846 382.011270642 0.015 0.109 nan 0.323333333333 0 300 38
183 5 -155.332627033 322.072819016 0.005 0.208 0.142857142857 0.191126279863 7 293 38
184 3 -163.454250476 338.316065901 0.005 0.208 0.0 0.154811715481 61 239 38
185 7 -123.676431193 258.760427335 0.005 0.901 0.0 0.0 93 207 38
186 11 -130.647240145 272.702045238 0.005 0.307 0.166666666667 0.12925170068 6 294 38
187 8 -155.108021033 321.623607016 0.005 0.307 0.0 0.0740740740741 84 216 38
188 20 -156.9457785 325.299121949 0.005 0.307 0.0123456790123 0.0776255707763 81 219 38
189 3 -178.592588671 368.592742292 0.005 0.109 0.2 0.257627118644 5 295 38
190 32 -192.234653167 395.876871283 0.005 0.109 nan 0.323333333333 0 300 38
192 7 -161.849883796 335.107332541 0.005 0.208 0.0714285714286 0.185314685315 14 286 38
193 2 -137.859265961 287.12609687 0.005 0.307 0.0 0.146853146853 14 286 38
194 9 -140.215052064 291.837669078 0.005 0.307 0.157894736842 0.131672597865 19 281 38
195 9 -166.77484566 344.957256268 0.005 0.208 nan 0.223333333333 0 300 38
196 0 -101.423044647 214.253654243 0.005 0.703 0.0 0.0200803212851 51 249 38
197 23 -166.922610001 345.252784952 0.005 0.208 0.0 0.165354330709 46 254 38
198 8 -147.932142352 307.271849654 0.005 0.604 0.0 0.0 119 181 38
199 11 -168.232992442 347.873549832 0.005 0.208 0.0 0.174796747967 54 246 38
200 22 -138.469221365 288.346007679 0.005 0.406 0.0 0.0705394190871 59 241 38
202 17 -175.387354067 362.182273082 0.005 0.109 1.0 0.230769230769 1 299 38
203 7 -103.627488614 218.662542176 0.005 0.604 0.0 0.0314960629921 46 254 38
204 22 -132.793221076 276.994007101 0.005 0.505 0.0 0.034632034632 69 231 38
206 32 -141.62936435 294.666293649 0.005 0.307 0.0204081632653 0.0796812749004 49 251 38
207 6 -159.854770091 331.117105132 0.005 0.406 0.0 0.042328042328 111 189 38
208 34 -172.821336339 357.050237628 0.005 0.109 nan 0.26 0 300 38
212 1 -168.733877481 348.875319911 0.005 0.307 0.0 0.0597014925373 99 201 38
213 18 -207.542138812 426.491842572 0.105 0.01 0.5 0.482394366197 16 284 38
215 8 -105.528709628 222.464984206 0.005 1.0 0.0 0.00440528634361 73 227 38
216 1 -130.158891027 271.725347004 0.005 0.703 0.0 0.0100502512563 101 199 38
217 16 -160.52748099 332.462526929 0.005 0.208 0.0151515151515 0.128205128205 66 234 38
218 3 -169.09067387 349.588912689 0.005 0.208 0.25 0.209459459459 4 296 38
220 26 -170.871042578 353.149650105 0.005 0.406 0.0 0.0 141 159 38
221 3 -168.664744618 348.737054185 0.005 0.208 0.2 0.2 10 290 38
223 15 -166.343293419 344.094151788 0.005 0.406 0.00751879699248 0.0179640718563 133 167 38
225 4 -140.735094849 292.877754647 0.005 0.406 0.0 0.0647773279352 53 247 38
226 22 -138.794887608 288.997340166 0.005 0.406 0.0153846153846 0.0553191489362 65 235 38
227 39 -148.536637393 308.480839735 0.005 0.307 0.0 0.0813008130081 54 246 38
228 12 -142.666436526 296.740438 0.005 0.307 0.117647058824 0.155477031802 17 283 38
229 16 -145.747832251 302.903229451 0.005 0.505 0.0 0.0204081632653 104 196 38
230 8 -127.601418698 266.610402346 0.005 0.406 0.0 0.11149825784 13 287 38
231 40 -150.038509483 311.484583916 0.005 0.505 0.0 0.030612244898 104 196 38
232 7 -138.426571722 288.260708394 0.005 0.406 0.0 0.047619047619 69 231 38
234 8 -156.295752246 323.999069441 0.005 0.406 0.0 0.0516431924883 87 213 38
235 11 -163.203155405 337.813875759 0.005 0.208 0.125 0.208904109589 8 292 38
236 12 -185.423872215 382.255309378 0.005 0.109 nan 0.306666666667 0 300 38
237 3 -152.435478571 316.27852209 0.005 0.406 0.0 0.0552995391705 83 217 38
238 25 -144.880753236 301.16907142 0.005 0.406 0.012987012987 0.0582959641256 77 223 38
240 3 -144.08591368 299.579392308 0.005 0.406 0.0185185185185 0.0731707317073 54 246 38
241 4 -158.839583046 329.086731041 0.005 0.208 0.5 0.174496644295 2 298 38
242 7 -151.243278779 313.894122508 0.005 0.505 0.0 0.0213903743316 113 187 38
243 13 -151.235187586 313.87794012 0.005 0.307 0.0 0.0684931506849 81 219 38
244 28 -152.356927288 316.121419526 0.005 0.307 0.0 0.113553113553 27 273 38
245 9 -142.025664704 295.458894357 0.005 0.406 0.0 0.063829787234 65 235 38
247 15 -141.911995742 295.231556433 0.005 0.208 1.0 0.14381270903 1 299 38
248 35 -177.263222955 365.934010859 0.005 0.109 nan 0.256666666667 0 300 38
253 4 -144.77870321 300.964971369 0.005 0.307 0.0 0.10460251046 61 239 38
256 10 -120.944419134 253.296403217 0.005 0.802 0.0 0.0136363636364 80 220 38
257 24 -175.476424092 362.360413134 0.005 0.307 0.00847457627119 0.0714285714286 118 182 38
258 8 -127.943431429 267.294427807 0.005 0.604 0.0 0.0269058295964 77 223 38
259 14 -153.003226377 317.414017703 0.005 0.307 0.0 0.130081300813 54 246 38
260 13 -138.599952781 288.607470511 0.005 0.505 0.0 0.0194174757282 94 206 38
261 7 -192.338063803 396.083692556 0.015 0.109 1.0 0.334448160535 1 299 38
262 11 -124.904844116 261.217253182 0.005 0.505 0.0 0.0409836065574 56 244 38
263 8 -105.045134612 221.497834174 0.005 1.0 0.0 0.0084388185654 63 237 38
264 3 -103.149481806 217.706528561 0.005 0.703 0.0 0.0125523012552 61 239 38
1519 17 -177.889008118 367.185581186 0.005 0.109 0.125 0.236301369863 8 292 38
1520 4 -195.070640088 401.548845125 0.005 0.208 0.0 0.0 186 114 38
1521 17 -139.058191057 289.523947063 0.005 0.406 0.0 0.0775510204082 55 245 38
1523 14 -157.823659374 327.054883698 0.005 0.208 0.0 0.162711864407 5 295 38
1524 11 -150.330574937 312.068714823 0.005 0.208 nan 0.183333333333 0 300 38
1525 12 -107.62496095 226.65748685 0.005 0.901 0.0 0.0 80 220 38
1526 11 -136.051039044 283.509643038 0.005 0.307 0.0 0.096 50 250 38
1527 15 -184.751641832 380.910848613 0.005 0.109 0.0357142857143 0.264705882353 28 272 38
1528 2 -162.768504769 336.944574488 0.005 0.208 0.0625 0.200704225352 16 284 38
1529 2 -139.796489891 291.000544732 0.005 0.406 0.0 0.0790513833992 47 253 38
1530 15 -51.4631714904 114.33390793 0.005 1.0 0.0 0.00353356890459 17 283 38
1531 10 -144.307030987 300.021626924 0.005 0.406 0.0 0.0516431924883 87 213 38
1532 15 -143.118373436 297.644311821 0.005 0.505 0.0 0.0 110 190 38
1533 22 -138.184760778 287.777086506 0.005 0.307 0.027027027027 0.0874524714829 37 263 38
1534 19 -153.929654183 319.266873315 0.005 0.208 0.0 0.159863945578 6 294 38
1535 15 -152.405835685 316.219236319 0.005 0.307 0.0 0.124513618677 43 257 38
1536 5 -161.084182269 333.575929487 0.005 0.208 0.0 0.157692307692 40 260 39
1537 12 -165.303030278 342.013625506 0.005 0.208 0.0217391304348 0.129921259843 46 254 39
1538 32 -173.795011537 358.997588023 0.005 0.109 nan 0.253333333333 0 300 39
1539 24 -158.824821391 329.057207732 0.005 0.307 0.0 0.020725388601 107 193 39
1540 8 -146.209489711 303.826544371 0.005 0.307 0.0 0.104838709677 52 248 39
1541 11 -168.743865382 348.895295713 0.005 0.208 0.0487804878049 0.181467181467 41 259 39
1542 7 -157.334084288 326.075733526 0.005 0.406 0.0 0.0224719101124 122 178 39
1543 7 -120.968966909 253.345498767 0.005 0.406 0.0344827586207 0.0590405904059 29 271 39
1544 13 -135.719418285 282.846401519 0.005 0.703 0.0 0.0196078431373 96 204 39
1545 25 -171.107239035 353.622043019 0.005 0.307 0.0 0.0659898477157 103 197 39
1546 12 -149.382981613 310.173528175 0.005 0.406 0.0111111111111 0.0380952380952 90 210 39
1547 23 -207.455400208 426.318365366 0.005 0.01 nan 0.47 0 300 39
1549 27 -138.072015166 287.551595281 0.005 0.406 0.0 0.0583333333333 60 240 39
1550 4 -151.423469831 314.254504612 0.005 0.208 0.0 0.160409556314 7 293 39
1553 11 -136.845231272 285.098027493 0.005 0.307 0.0 0.142857142857 13 287 39
140 11 -151.434526179 314.276617308 0.005 0.307 0.0597014925373 0.0772532188841 67 233 39
141 4 -159.595598493 330.598761935 0.005 0.307 0.0 0.0801886792453 88 212 39
142 10 -149.149737876 309.707040702 0.005 0.406 0.0344827586207 0.0422535211268 87 213 39
143 21 -192.366243977 396.140052903 0.005 0.109 nan 0.333333333333 0 300 39
144 16 -125.784975841 262.977516631 0.005 0.604 0.0 0.0431034482759 68 232 39
145 10 -159.159647858 329.726860664 0.005 0.406 0.00990099009901 0.0402010050251 101 199 39
146 24 -150.958691733 313.324948415 0.005 0.307 0.025641025641 0.134099616858 39 261 39
147 11 -163.417227424 338.242019798 0.005 0.208 0.0 0.133333333333 60 240 39
148 3 -181.154895584 373.717356117 0.005 0.109 nan 0.286666666667 0 300 39
149 5 -141.048698714 293.504962377 0.005 0.406 0.0 0.0677290836653 49 251 39
150 25 -107.469683982 226.346932914 0.005 1.0 0.0 0.00436681222707 71 229 39
151 21 -156.166348736 323.740262421 0.005 0.208 0.0232558139535 0.155642023346 43 257 39
152 9 -107.189323711 225.786212371 0.005 1.0 0.0 0.00884955752212 74 226 39
153 15 -181.182413482 373.772391913 0.005 0.109 nan 0.293333333333 0 300 39
154 3 -134.63297263 280.673510209 0.005 0.406 0.0 0.059925093633 33 267 39
155 0 -127.796817898 267.001200746 0.005 0.406 0.0 0.0537190082645 58 242 39
157 8 -188.505787818 388.419140586 0.01 0.109 nan 0.323333333333 0 300 39
158 9 -126.096570248 263.600705446 0.005 0.505 0.0 0.05859375 44 256 39
159 15 -137.084133323 285.575831596 0.005 0.505 0.0 0.0277777777778 84 216 39
160 29 -179.09224912 369.592063189 0.005 0.307 0.0 0.0191082802548 143 157 39
161 4 -134.242267966 279.892100882 0.005 0.406 0.0 0.0804597701149 39 261 39
162 19 -199.945379763 411.298324476 0.025 0.109 nan 0.376666666667 0 300 39
163 3 -143.353388539 298.114342027 0.005 0.307 0.0 0.113879003559 19 281 39
164 2 -155.406149446 322.219863841 0.005 0.307 0.0142857142857 0.0913043478261 70 230 39
165 12 -168.978320103 349.364205156 0.005 0.208 0.0 0.176245210728 39 261 39
166 1 -166.890585872 345.188736694 0.005 0.208 0.0 0.179930795848 11 289 39
168 37 -142.83083716 297.069239269 0.005 0.307 0.0 0.102661596958 37 263 39
170 12 -151.773389638 314.954344225 0.005 0.208 0.0 0.139784946237 21 279 39
171 5 -140.191071543 291.789708035 0.005 0.307 0.0357142857143 0.0845588235294 28 272 39
172 9 -131.829077318 275.065719586 0.005 0.604 0.0 0.0251046025105 61 239 39
173 5 -150.644175089 312.695915126 0.005 0.307 0.0 0.0936170212766 65 235 39
174 1 -125.12610409 261.65977313 0.005 0.703 0.0 0.00970873786408 94 206 39
175 12 -154.344949552 320.097464054 0.005 0.307 0.0 0.0782608695652 70 230 39
176 21 -173.084670511 357.576905972 0.005 0.208 0.0 0.14347826087 70 230 39
177 40 -201.661613549 414.730792047 0.045 0.109 0.75 0.388513513514 4 296 39
178 8 -170.499588196 352.406741341 0.005 0.307 0.0 0.0227272727273 124 176 39
179 4 -129.540811912 270.489188773 0.005 0.703 0.0 0.00956937799043 91 209 39
180 8 -172.233027512 355.873619974 0.005 0.208 0.03125 0.186567164179 32 268 39
181 4 -174.551095299 360.509755548 0.005 0.109 nan 0.256666666667 0 300 39
183 5 -162.963404862 337.334374674 0.005 0.208 0.2 0.210169491525 5 295 39
184 3 -170.197999258 351.803563466 0.005 0.307 0.0 0.0225988700565 123 177 39
185 7 -150.858593731 313.124752411 0.005 0.406 0.0 0.0683760683761 66 234 39
186 11 -160.085284034 331.578133017 0.005 0.307 0.0 0.063829787234 112 188 39
187 8 -148.124722567 307.657010084 0.005 0.406 0.0 0.0428571428571 90 210 39
188 20 -158.702715752 328.812996454 0.005 0.208 0.0 0.19387755102 6 294 39
189 3 -175.646025065 362.699615079 0.005 0.208 0.0 0.178723404255 65 235 39
190 32 -202.315179011 416.037922971 0.02 0.109 1.0 0.367892976589 1 299 39
192 7 -166.167137895 343.741840738 0.005 0.208 0.0 0.148 50 250 39
193 2 -118.385446261 248.178457471 0.005 0.406 0.0 0.0824372759857 21 279 39
194 9 -143.365555443 298.138675835 0.005 0.307 0.0 0.0959409594096 29 271 39
195 9 -167.271985306 345.951535562 0.005 0.208 0.0 0.1004784689 91 209 39
196 0 -124.346782885 260.101130719 0.005 0.703 0.0 0.00478468899522 91 209 39
197 23 -184.879279993 381.166124935 0.005 0.109 nan 0.303333333333 0 300 39
198 8 -128.761887067 268.931339084 0.005 0.604 0.0 0.0 94 206 39
199 11 -161.983322418 335.374209784 0.005 0.208 0.0212765957447 0.118577075099 47 253 39
200 22 -125.1949754 261.797515749 0.005 0.703 0.0 0.0177777777778 75 225 39
202 17 -181.746491166 374.900547282 0.005 0.109 0.5 0.258389261745 2 298 39
203 7 -142.230812227 295.869189403 0.005 0.604 0.0 0.0199004975124 99 201 39
204 22 -122.092740248 255.593045446 0.005 0.604 0.0 0.0292887029289 61 239 39
206 32 -144.822997342 301.053559634 0.005 0.406 0.0 0.0616740088106 73 227 39
207 6 -190.129795488 391.667155925 0.005 0.208 0.0 0.0559440559441 157 143 39
208 34 -150.884438891 313.176442732 0.005 0.307 0.0 0.0833333333333 60 240 39
212 1 -169.482195601 350.371956152 0.005 0.307 0.0 0.0118343195266 131 169 39
213 18 -207.837143906 427.081852761 0.005 0.01 nan 0.476666666667 0 300 39
215 8 -145.005962836 301.419490621 0.005 0.307 0.0 0.089552238806 32 268 39
216 1 -126.111712909 263.630990767 0.005 0.406 0.0181818181818 0.0571428571429 55 245 39
217 16 -178.668411106 368.744387161 0.005 0.208 0.0 0.221789883268 43 257 39
218 3 -141.808742541 295.025050032 0.005 0.307 0.0 0.0756972111554 49 251 39
220 26 -148.047056315 307.501677579 0.005 0.604 0.0 0.0 114 186 39
221 3 -124.9471622 261.30188935 0.005 0.703 0.0 0.0134529147982 77 223 39
223 15 -149.407730549 310.223026048 0.005 0.505 0.0 0.0164835164835 118 182 39
225 4 -147.896588991 307.200742931 0.005 0.208 0.0 0.145328719723 11 289 39
226 22 -151.391620871 314.19080669 0.005 0.208 0.0 0.163701067616 19 281 39
227 39 -164.213023444 339.833611836 0.005 0.307 0.0 0.0646766169154 99 201 39
228 12 -146.575173338 304.557911625 0.005 0.208 nan 0.163333333333 0 300 39
229 16 -142.406643334 296.220851618 0.005 0.406 0.0 0.0534979423868 57 243 39
230 8 -136.172817168 283.753199286 0.005 0.604 0.0 0.0229357798165 82 218 39
231 40 -158.005054869 327.417674688 0.005 0.208 nan 0.206666666667 0 300 39
232 7 -148.726469225 308.860503399 0.005 0.505 0.0 0.0108695652174 116 184 39
234 8 -117.368695344 246.144955637 0.005 0.505 0.0222222222222 0.0470588235294 45 255 39
235 11 -147.876347933 307.160260816 0.005 0.406 0.0 0.0636363636364 80 220 39
236 12 -181.41633983 374.24024461 0.005 0.109 0.25 0.266891891892 4 296 39
237 3 -107.432655859 226.272876666 0.005 0.802 0.0 0.0128205128205 66 234 39
238 25 -165.232506218 341.872577386 0.005 0.208 nan 0.233333333333 0 300 39
240 3 -145.436135901 302.279836752 0.005 0.505 0.0 0.0309278350515 106 194 39
241 4 -157.609472419 326.626509788 0.005 0.307 0.0 0.106995884774 57 243 39
242 7 -125.380251268 262.168067486 0.005 0.505 0.0 0.0349344978166 71 229 39
243 13 -152.129712437 315.666989823 0.005 0.307 0.0 0.0652173913043 70 230 39
244 28 -184.373473119 380.154511187 0.005 0.109 nan 0.286666666667 0 300 39
245 9 -135.364524355 282.136613659 0.005 0.406 0.0 0.0466101694915 64 236 39
247 15 -153.571613913 318.550792775 0.005 0.406 0.0 0.0114942528736 126 174 39
248 35 -185.588610076 382.584785101 0.005 0.109 nan 0.293333333333 0 300 39
253 4 -153.672003117 318.751571184 0.005 0.307 0.0188679245283 0.109311740891 53 247 39
256 10 -155.09789109 321.603347129 0.005 0.505 0.0 0.0 133 167 39
257 24 -125.545736606 262.499038162 0.005 0.703 0.0 0.018018018018 78 222 39
258 8 -142.991078208 297.389721366 0.005 0.307 0.0 0.0833333333333 36 264 39
259 14 -102.683765865 216.775096679 0.005 0.901 0.0 0.0127659574468 65 235 39
260 13 -185.223473284 381.854511517 0.005 0.208 0.00826446280992 0.100558659218 121 179 39
261 7 -187.358914665 386.125394279 0.005 0.109 0.0 0.24609375 44 256 39
262 11 -158.166068088 327.739701125 0.005 0.307 0.0338983050847 0.124481327801 59 241 39
263 8 -93.0317083701 197.47098169 0.005 0.802 0.0 0.01953125 44 256 39
264 3 -127.530350227 266.468265403 0.005 0.901 0.0 0.00497512437811 99 201 39
1519 17 -158.56792589 328.543416729 0.005 0.208 0.2 0.2 5 295 39
1520 4 -138.21229553 287.83215601 0.005 0.604 0.0 0.02 100 200 39
1521 17 -147.459239817 306.326044583 0.005 0.307 0.0 0.0894308943089 54 246 39
1523 14 -160.232216648 331.871998246 0.005 0.208 0.0 0.116666666667 60 240 39
1524 11 -150.613110689 312.633786328 0.005 0.307 0.0 0.117154811715 61 239 39
1525 12 -179.037663267 369.482891484 0.005 0.208 0.0 0.132653061224 104 196 39
1526 11 -166.293463464 343.994491878 0.005 0.208 0.0121951219512 0.119266055046 82 218 39
1527 15 -172.106440828 355.620446605 0.005 0.208 0.0 0.205776173285 23 277 39
1528 2 -166.280847805 343.969260559 0.005 0.307 0.0 0.0486486486486 115 185 39
1529 2 -143.412592272 298.232749492 0.005 0.307 0.046511627907 0.0894941634241 43 257 39
1530 15 -143.147801638 297.703168225 0.005 0.307 0.0 0.136842105263 15 285 39
1531 10 -112.725851037 236.859267022 0.005 0.901 0.0 0.00904977375566 79 221 39
1532 15 -158.678021558 328.763608066 0.005 0.406 0.0 0.0380434782609 116 184 39
1533 22 -119.1903964 249.788357748 0.005 0.604 0.0 0.0260869565217 70 230 39
1534 19 -168.063172685 347.53391032 0.005 0.208 0.0 0.16091954023 39 261 39
1535 15 -146.615593224 304.638751397 0.005 0.307 0.0 0.084 50 250 39
1536 5 -149.475696883 310.358958716 0.005 0.208 0.25 0.138513513514 4 296 40
1537 12 -119.358165262 250.123895473 0.005 0.901 0.0 0.00448430493274 77 223 40
1538 32 -164.573403133 340.554371215 0.005 0.208 nan 0.23 0 300 40
1539 24 -149.063054141 309.53367323 0.005 0.208 0.25 0.168918918919 4 296 40
1540 8 -130.028590416 271.464745782 0.005 0.505 0.0 0.0347826086957 70 230 40
1541 11 -175.719671319 362.846907587 0.005 0.208 0.0294117647059 0.176691729323 34 266 40
1542 7 -146.974353914 305.356272778 0.005 0.208 0.0 0.144329896907 9 291 40
1543 7 -132.991186578 277.389938106 0.005 0.406 0.0 0.0534351145038 38 262 40
1544 13 -152.672996248 316.753557446 0.005 0.307 0.0227272727273 0.13671875 44 256 40
1545 25 -150.323166758 312.053898465 0.005 0.505 0.0 0.0155440414508 107 193 40
1546 12 -104.835458437 221.078481824 0.005 0.802 0.0 0.0220264317181 73 227 40
1547 23 -207.107165032 425.621895014 0.005 0.01 nan 0.456666666667 0 300 40
1549 27 -158.040074421 327.48771379 0.005 0.208 0.0 0.132075471698 35 265 40
1550 4 -172.223182266 355.853929481 0.005 0.208 0.0322580645161 0.226765799257 31 269 40
1553 11 -170.140812148 351.689189246 0.005 0.208 0.037037037037 0.212454212454 27 273 40
140 11 -127.155761329 265.719087607 0.005 0.802 0.0 0.0 102 198 40
141 4 -150.3616449 312.130854749 0.005 0.307 0.0 0.142857142857 20 280 40
142 10 -106.070743231 223.549051412 0.005 0.901 0.0 0.0164609053498 57 243 40
143 21 -179.255882478 369.919329904 0.005 0.109 nan 0.28 0 300 40
144 16 -147.66617458 306.739914109 0.005 0.505 0.0 0.0108108108108 115 185 40
145 10 -135.012858836 281.433282621 0.005 0.505 0.0 0.027397260274 81 219 40
146 24 -153.371833312 318.151231572 0.005 0.208 0.1 0.179310344828 10 290 40
147 11 -118.180138018 247.767840985 0.005 0.505 0.0 0.041825095057 37 263 40
148 3 -120.023336679 251.454238307 0.005 0.802 0.0 0.00943396226415 88 212 40
149 5 -144.892905141 301.193375231 0.005 0.406 0.0121951219512 0.0366972477064 82 218 40
150 25 -153.956144914 319.319854777 0.005 0.208 0.0769230769231 0.156934306569 26 274 40
151 21 -163.51704165 338.44164825 0.005 0.307 0.0 0.0721649484536 106 194 40
152 9 -147.158384004 305.724332958 0.005 0.406 0.0 0.035 100 200 40
153 15 -168.156970908 347.721506766 0.005 0.208 0.0277777777778 0.185606060606 36 264 40
154 3 -170.132279151 351.672123252 0.005 0.208 0.0 0.22602739726 8 292 40
155 0 -129.091987755 269.591540459 0.005 0.604 0.0 0.0275229357798 82 218 40
157 8 -166.887658055 345.182881058 0.005 0.208 0.0 0.175572519084 38 262 40
158 9 -129.696766735 270.801098419 0.005 0.406 0.0 0.0653846153846 40 260 40
159 15 -146.749547505 304.90665996 0.005 0.307 0.0322580645161 0.14126394052 31 269 40
160 29 -153.222272734 317.852110417 0.005 0.505 0.0 0.0168539325843 122 178 40
161 4 -126.463047904 264.333660757 0.005 0.604 0.0 0.0263157894737 72 228 40
162 19 -190.73818617 392.88393729 0.005 0.109 0.0 0.284210526316 15 285 40
163 3 -133.345250681 278.098066311 0.005 0.406 0.0 0.0789473684211 34 266 40
164 2 -160.773563295 332.954691539 0.005 0.307 0.0 0.116182572614 59 241 40
165 12 -172.059537287 355.526639524 0.01 0.208 0.125 0.236301369863 8 292 40
166 1 -172.617948728 356.643462405 0.005 0.307 0.0 0.0131578947368 148 152 40
168 37 -162.282973853 335.973512656 0.005 0.208 0.0 0.191126279863 7 293 40
170 12 -136.661842146 284.731249241 0.005 0.505 0.0 0.0316742081448 79 221 40
171 5 -166.804367653 345.016300256 0.005 0.406 0.0 0.0186335403727 139 161 40
172 9 -154.368959214 320.145483376 0.005 0.505 0.0 0.020618556701 106 194 40
173 5 -146.480580951 304.36872685 0.005 0.307 0.0 0.108695652174 24 276 40
174 1 -165.796996667 343.001558283 0.005 0.208 0.0 0.161048689139 33 267 40
175 12 -144.123891843 299.655348635 0.005 0.307 0.222222222222 0.134020618557 9 291 40
176 21 -161.916804038 335.241173025 0.005 0.208 nan 0.216666666667 0 300 40
177 40 -201.815796608 415.039158165 0.04 0.109 0.222222222222 0.384879725086 9 291 40
178 8 -110.390661705 232.188888359 0.005 0.604 0.0133333333333 0.0222222222222 75 225 40
179 4 -169.699758665 350.80708228 0.005 0.208 0.0 0.164 50 250 40
180 8 -141.792269248 294.992103446 0.005 0.307 0.0 0.0736434108527 42 258 40
181 4 -173.38414631 358.175857569 0.005 0.109 nan 0.256666666667 0 300 40
183 5 -127.431968404 266.271501757 0.005 0.604 0.0 0.0173913043478 70 230 40
184 3 -166.410543016 344.228650981 0.005 0.208 nan 0.23 0 300 40
185 7 -158.669310935 328.74618682 0.005 0.208 0.0508474576271 0.136929460581 59 241 40
186 11 -132.325798687 276.059162323 0.005 0.505 0.0 0.0182648401826 81 219 40
187 8 -137.256912939 285.921390828 0.005 0.406 0.0 0.0682730923695 51 249 40
188 20 -143.568547443 298.544659835 0.005 0.406 0.0 0.0518867924528 88 212 40
189 3 -165.524140285 342.45584552 0.005 0.208 0.0 0.172 50 250 40
190 32 -191.768573537 394.944712023 0.025 0.109 0.4 0.342372881356 5 295 40
192 7 -150.439181591 312.285928131 0.005 0.307 0.04 0.134545454545 25 275 40
193 2 -137.26881948 285.94520391 0.005 0.406 0.0 0.0466101694915 64 236 40
194 9 -113.370457007 238.148478963 0.005 0.901 0.0 0.0045045045045 78 222 40
195 9 -177.850934563 367.109434075 0.005 0.109 0.0 0.240549828179 9 291 40
196 0 -160.438438 332.28444095 0.005 0.208 0.166666666667 0.197278911565 6 294 40
197 23 -185.372086105 382.151737159 0.005 0.109 nan 0.303333333333 0 300 40
198 8 -122.878326943 257.164218835 0.005 0.703 0.0 0.0264317180617 73 227 40
199 11 -140.687363773 292.782292495 0.005 0.406 0.0153846153846 0.0808510638298 65 235 40
200 22 -178.364931665 368.137428279 0.005 0.307 0.0 0.0479041916168 133 167 40
202 17 -172.940124137 357.287813223 0.005 0.208 nan 0.226666666667 0 300 40
203 7 -127.535122391 266.477809731 0.005 0.505 0.0 0.063829787234 65 235 40
204 22 -106.938428716 225.284422382 0.005 0.901 0.0 0.0 87 213 40
206 32 -149.203015169 309.813595287 0.005 0.505 0.0 0.0255102040816 104 196 40
207 6 -122.757308737 256.922182423 0.005 0.802 0.0 0.0 100 200 40
208 34 -152.871781713 317.151128376 0.005 0.307 0.0 0.0954356846473 59 241 40
212 1 -157.311253188 326.030071325 0.005 0.208 0.0 0.192439862543 9 291 40
213 18 -208.061167938 427.529900825 0.205 0.01 0.571428571429 0.525735294118 28 272 40
215 8 -130.195803765 271.799172479 0.005 0.703 0.0 0.00469483568075 87 213 40
216 1 -148.039510741 307.486586431 0.005 0.406 0.0 0.0528846153846 92 208 40
217 16 -178.341312465 368.090189879 0.005 0.109 nan 0.263333333333 0 300 40
218 3 -162.119747496 335.647059941 0.005 0.208 0.2 0.216949152542 5 295 40
220 26 -111.316965497 234.041495943 0.005 0.703 0.0 0.0242914979757 53 247 40
221 3 -118.123700893 247.654966736 0.005 0.505 0.04 0.0436363636364 25 275 40
223 15 -120.092434165 251.592433279 0.005 0.604 0.0327868852459 0.0376569037657 61 239 40
225 4 -175.406843491 362.221251932 0.005 0.208 0.00961538461538 0.107142857143 104 196 40
226 22 -158.418424634 328.244414218 0.005 0.307 0.0 0.104347826087 70 230 40
227 39 -136.896383074 285.200331097 0.005 0.505 0.0 0.0355555555556 75 225 40
228 12 -162.078269473 335.564103896 0.005 0.406 0.0 0.0427807486631 113 187 40
229 16 -146.564146183 304.535857315 0.005 0.307 0.25 0.142361111111 12 288 40
230 8 -145.314257889 302.036080728 0.005 0.406 0.0114942528736 0.0422535211268 87 213 40
231 40 -142.094958198 295.597481346 0.005 0.406 0.0 0.0717299578059 63 237 40
232 7 -151.569114249 314.545793447 0.005 0.208 0.04 0.138181818182 25 275 40
234 8 -137.179567406 285.766699761 0.005 0.307 0.0178571428571 0.106557377049 56 244 40
235 11 -145.931762201 303.271089351 0.005 0.307 0.0 0.0866141732283 46 254 40
236 12 -184.797001335 381.001567619 0.005 0.109 0.0 0.290969899666 1 299 40
237 3 -110.654034547 232.715634043 0.005 0.604 0.0166666666667 0.0375 60 240 40
238 25 -147.992719095 307.393003139 0.005 0.505 0.0 0.035 100 200 40
240 3 -127.919806028 267.247177006 0.005 0.505 0.0 0.038961038961 69 231 40
241 4 -130.703224442 272.814013834 0.005 0.505 0.0 0.0358744394619 77 223 40
242 7 -103.317136494 218.041837938 0.005 0.901 0.0 0.0167364016736 61 239 40
243 13 -153.543965978 318.495496906 0.005 0.406 0.0 0.0259067357513 107 193 40
244 28 -139.328549118 290.064663184 0.005 0.505 0.0 0.0235849056604 88 212 40
245 9 -153.733535651 318.874636252 0.005 0.307 0.0 0.0660377358491 88 212 40
247 15 -159.58416978 330.575904508 0.005 0.208 0.0192307692308 0.149193548387 52 248 40
248 35 -171.581649839 354.570864627 0.005 0.208 nan 0.223333333333 0 300 40
253 4 -131.546343245 274.50025144 0.005 0.505 0.0 0.0466101694915 64 236 40
256 10 -132.801787681 277.011140311 0.005 0.307 0.111111111111 0.14089347079 9 291 40
257 24 -114.664165776 240.735896502 0.005 0.406 0.0909090909091 0.0726643598616 11 289 40
258 8 -155.654781528 322.717128006 0.005 0.208 0.0 0.19387755102 6 294 40
259 14 -98.500811913 208.409188775 0.005 0.703 0.0344827586207 0.0405904059041 29 271 40
260 13 -169.045688983 349.498942916 0.005 0.208 0.0 0.211111111111 30 270 40
261 7 -198.631384015 408.670332979 0.04 0.109 0.666666666667 0.373737373737 3 297 40
262 11 -156.523203301 324.453971551 0.005 0.307 0.0 0.120833333333 60 240 40
263 8 -122.231514366 255.870593681 0.005 0.604 0.0 0.0300429184549 67 233 40
264 3 -152.711418549 316.830402047 0.005 0.208 0.0196078431373 0.144578313253 51 249 40
1519 17 -163.984649757 339.376864463 0.005 0.208 nan 0.22 0 300 40
1520 4 -138.494411826 288.396388602 0.005 0.406 0.0 0.0578512396694 58 242 40
1521 17 -164.401191859 340.209948668 0.005 0.307 0.0 0.0537634408602 114 186 40
1523 14 -157.676419954 326.760404858 0.005 0.208 nan 0.21 0 300 40
1524 11 -159.692038296 330.791641542 0.005 0.208 0.0344827586207 0.184501845018 29 271 40
1525 12 -156.086558988 323.580682926 0.005 0.307 0.0 0.0875576036866 83 217 40
1526 11 -140.240025107 291.887615163 0.005 0.505 0.0 0.0239234449761 91 209 40
1527 15 -162.067317185 335.542199319 0.005 0.208 nan 0.23 0 300 40
1528 2 -170.059208406 351.525981762 0.005 0.208 0.0 0.132743362832 74 226 40
1529 2 -107.325189426 226.057943801 0.005 0.703 0.0 0.0204081632653 55 245 40
1530 15 -169.497063337 350.401691623 0.005 0.307 0.0 0.0984455958549 107 193 40
1531 10 -142.70318232 296.813929589 0.005 0.406 0.0 0.0418604651163 85 215 40
1532 15 -126.389748541 264.187062031 0.005 0.703 0.0 0.00480769230769 92 208 40
1533 22 -123.264684726 257.936934401 0.005 0.505 0.0 0.0464135021097 63 237 40
1534 19 -175.773999856 362.95556466 0.005 0.307 0.0 0.0 151 149 40
1535 15 -151.626224091 314.660013131 0.005 0.307 0.0 0.0932203389831 64 236 40
