1536 5 -160.609411853 332.626388656 0.005 0.208 nan 0.21 0 300 26
1537 12 -141.393734635 294.195034219 0.005 0.505 0.0 0.0235849056604 88 212 26
1538 32 -168.500822694 348.409210338 0.005 0.208 nan 0.22 0 300 26
1539 24 -114.935576404 241.278717757 0.005 0.703 0.0 0.0132743362832 74 226 26
1540 8 -142.171137468 295.749839884 0.005 0.505 0.0 0.0377358490566 88 212 26
1541 11 -163.947859547 339.303284042 0.005 0.208 0.0172413793103 0.128099173554 58 242 26
1542 7 -159.521794627 330.451154204 0.005 0.208 0.25 0.199324324324 4 296 26
1543 7 -132.10561952 275.61880399 0.005 0.307 0.111111111111 0.137457044674 9 291 26
1544 13 -136.726430611 284.860426172 0.005 0.307 0.0 0.102473498233 17 283 26
1545 25 -163.536768029 338.481101007 0.005 0.307 0.0 0.0642201834862 82 218 26
1546 12 -148.252902243 307.913369436 0.005 0.505 0.0 0.021978021978 118 182 26
1547 23 -207.293216589 425.993998128 0.005 0.01 nan 0.463333333333 0 300 26
1549 27 -170.296695769 352.000956487 0.005 0.208 0.0 0.0995260663507 89 211 26
1550 4 -175.917263652 363.242092253 0.005 0.109 nan 0.246666666667 0 300 26
1553 11 -151.116362627 313.640290203 0.005 0.307 0.0 0.109022556391 34 266 26
140 11 -136.92684598 285.26125691 0.005 0.604 0.0 0.00520833333333 108 192 26
141 4 -190.527507624 392.462580196 0.005 0.208 0.0 0.0253164556962 142 158 26
142 10 -138.139519806 287.686604562 0.005 0.406 0.0 0.0796812749004 49 251 26
143 21 -177.558951997 366.525468944 0.005 0.109 nan 0.26 0 300 26
144 16 -145.978172832 303.363910612 0.005 0.307 0.0 0.0803212851406 51 249 26
145 10 -126.664062137 264.735689224 0.005 0.703 0.0 0.0 101 199 26
146 24 -138.809244493 289.026053936 0.005 0.307 0.0 0.124087591241 26 274 26
147 11 -85.5407829364 182.489130822 0.005 1.0 0.0 0.0 61 239 26
148 3 -156.283099949 323.973764847 0.005 0.208 nan 0.206666666667 0 300 26
149 5 -173.48385384 358.375272629 0.005 0.208 0.0 0.133928571429 76 224 26
150 25 -110.43959758 232.286760109 0.005 0.604 0.0 0.0255319148936 65 235 26
151 21 -120.459938675 252.3274423 0.005 0.802 0.0 0.00460829493088 83 217 26
152 9 -149.706412049 310.820389048 0.005 0.505 0.0 0.0108695652174 116 184 26
153 15 -186.620398104 384.648361157 0.005 0.109 nan 0.31 0 300 26
154 3 -136.042499371 283.492563692 0.005 0.703 0.0 0.00520833333333 108 192 26
155 0 -147.695835468 306.799235886 0.005 0.505 0.0 0.0197044334975 97 203 26
157 8 -181.130550118 373.668665186 0.005 0.109 nan 0.283333333333 0 300 26
158 9 -160.450479515 332.308523978 0.005 0.208 0.0 0.128514056225 51 249 26
159 15 -136.901290718 285.210146384 0.005 0.406 0.0 0.0931174089069 53 247 26
160 29 -169.481952151 350.371469252 0.005 0.307 0.0 0.060773480663 119 181 26
161 4 -98.0116976027 207.430960155 0.005 0.901 0.0 0.016 50 250 26
162 19 -193.151068348 397.709701645 0.03 0.109 0.166666666667 0.357142857143 6 294 26
163 3 -103.942795782 219.293156514 0.005 0.901 0.0 0.00840336134454 62 238 26
164 2 -154.134069108 319.675703166 0.005 0.208 0.0 0.164983164983 3 297 26
165 12 -163.074686752 337.556938453 0.005 0.307 0.0 0.088785046729 86 214 26
166 1 -123.796766911 259.001098771 0.005 0.505 0.0 0.0539419087137 59 241 26
168 37 -150.917713767 313.242992484 0.005 0.307 0.0178571428571 0.110655737705 56 244 26
170 12 -151.748603747 314.904772443 0.005 0.505 0.0 0.0 112 188 26
171 5 -144.770202045 300.94796904 0.005 0.307 0.0227272727273 0.125 44 256 26
172 9 -144.521065346 300.449695641 0.005 0.505 0.0 0.024154589372 93 207 26
173 5 -148.104764003 307.617092956 0.005 0.307 0.0131578947368 0.0758928571429 76 224 26
174 1 -156.553450448 324.514465846 0.005 0.208 0.0 0.194539249147 7 293 26
175 12 -109.982140647 231.371846244 0.005 0.604 0.0263157894737 0.0419847328244 38 262 26
176 21 -156.198863833 323.805292616 0.005 0.208 0.0 0.158075601375 9 291 26
177 40 -202.435557771 416.278680492 0.035 0.109 0.333333333333 0.371527777778 12 288 26
178 8 -157.272756839 325.953078627 0.005 0.307 0.0 0.120331950207 59 241 26
179 4 -149.402087071 310.211739092 0.005 0.208 0.0 0.137931034483 10 290 26
180 8 -166.156713921 343.720992791 0.005 0.208 0.166666666667 0.221088435374 6 294 26
181 4 -181.838189625 375.083944199 0.005 0.109 nan 0.286666666667 0 300 26
183 5 -188.299261267 388.006087482 0.005 0.208 0.0 0.034965034965 157 143 26
184 3 -108.378911104 228.165387158 0.005 0.802 0.0 0.00873362445415 71 229 26
185 7 -131.582731243 274.573027436 0.005 0.703 0.0 0.00492610837438 97 203 26
186 11 -103.824065383 219.055695716 0.005 0.802 0.0 0.0208333333333 60 240 26
187 8 -174.021414759 359.450394467 0.005 0.208 0.0111111111111 0.157142857143 90 210 26
188 20 -99.8460167014 211.099598352 0.005 1.0 0.0 0.00423728813559 64 236 26
189 3 -165.640085433 342.687735814 0.005 0.307 0.0 0.0612244897959 104 196 26
190 32 -193.709375488 398.826315925 0.005 0.109 nan 0.333333333333 0 300 26
192 7 -174.159567135 359.726699219 0.005 0.109 1.0 0.240802675585 1 299 26
193 2 -151.989328992 315.386222934 0.005 0.208 0.0952380952381 0.146953405018 21 279 26
194 9 -166.745972973 344.899510896 0.005 0.307 0.012987012987 0.116591928251 77 223 26
195 9 -162.90887036 337.22530567 0.005 0.208 0.0 0.209459459459 4 296 26
196 0 -121.275658162 253.958881274 0.005 0.505 0.0 0.0451127819549 34 266 26
197 23 -187.026313073 385.460191095 0.005 0.109 nan 0.316666666667 0 300 26
198 8 -152.189521926 315.786608801 0.005 0.406 0.0 0.0651162790698 85 215 26
199 11 -135.719989791 282.847544531 0.005 0.505 0.0 0.041095890411 81 219 26
200 22 -104.966263953 221.340092856 0.005 1.0 0.0 0.0 76 224 26
202 17 -116.332148058 244.071861066 0.005 0.703 0.0 0.0168776371308 63 237 26
203 7 -115.57650218 242.560569309 0.005 0.802 0.0 0.00925925925926 84 216 26
204 22 -147.090332935 305.588230818 0.005 0.505 0.0 0.020618556701 106 194 26
206 32 -175.17476011 361.757085169 0.005 0.208 0.0 0.128571428571 90 210 26
207 6 -155.727451416 322.862467781 0.005 0.307 0.0 0.0744186046512 85 215 26
208 34 -161.846834353 335.101233656 0.005 0.208 0.0 0.17843866171 31 269 26
212 1 -144.943812557 301.295190064 0.005 0.307 0.0169491525424 0.0871369294606 59 241 26
213 18 -207.906743323 427.221051594 0.205 0.01 0.5625 0.496268656716 32 268 26
215 8 -164.61667271 340.640910369 0.005 0.406 0.0 0.00617283950617 138 162 26
216 1 -118.496843088 248.401251125 0.005 0.406 0.0526315789474 0.067615658363 19 281 26
217 16 -169.945509264 351.298583477 0.01 0.208 1.0 0.244147157191 1 299 26
218 3 -171.89624409 355.200053129 0.005 0.208 0.027027027027 0.212927756654 37 263 26
220 26 -138.8948652 289.197295348 0.005 0.604 0.0 0.0 111 189 26
221 3 -180.701953883 372.811472716 0.005 0.109 0.0555555555556 0.258865248227 18 282 26
223 15 -135.631989405 282.671543759 0.005 0.505 0.0 0.0269058295964 77 223 26
225 4 -127.172263143 265.752091236 0.005 0.505 0.0 0.0285714285714 55 245 26
226 22 -161.654477705 334.716520359 0.005 0.307 0.0 0.0673575129534 107 193 26
227 39 -151.309422783 314.026410515 0.005 0.208 0.0 0.167857142857 20 280 26
228 12 -150.070547752 311.548660454 0.005 0.505 0.0 0.0106951871658 113 187 26
229 16 -160.429375683 332.266316315 0.005 0.307 0.0 0.0837438423645 97 203 26
230 8 -151.759216801 314.925998552 0.005 0.505 0.0 0.0106382978723 112 188 26
231 40 -109.766367603 230.940300155 0.005 0.703 0.0 0.0132743362832 74 226 26
232 7 -144.027595588 299.462756125 0.005 0.307 0.0 0.088122605364 39 261 26
234 8 -143.352355873 298.112276696 0.005 0.505 0.0 0.0205128205128 105 195 26
235 11 -159.391672554 330.190910057 0.005 0.307 0.0 0.0625 92 208 26
236 12 -194.10579668 399.619158309 0.02 0.109 0.25 0.347972972973 4 296 26
237 3 -140.720252428 292.848069806 0.005 0.406 0.0 0.061135371179 71 229 26
238 25 -164.812225399 341.032015747 0.005 0.208 nan 0.233333333333 0 300 26
240 3 -120.29940931 252.006383569 0.005 0.802 0.0 0.00485436893204 94 206 26
241 4 -166.206350618 343.820266185 0.005 0.208 0.0606060606061 0.183520599251 33 267 26
242 7 -91.4205870283 194.248739006 0.005 1.0 0.0 0.0 65 235 26
243 13 -147.00879454 305.425154028 0.005 0.307 0.0 0.129824561404 15 285 26
244 28 -173.960894105 359.329353158 0.005 0.208 0.0 0.182186234818 53 247 26
245 9 -153.982032676 319.371630301 0.005 0.307 0.0128205128205 0.0945945945946 78 222 26
247 15 -83.9142893106 179.236143571 0.005 1.0 0.0 0.00778210116732 43 257 26
248 35 -178.639025028 368.685615004 0.005 0.109 nan 0.27 0 300 26
253 4 -163.506414466 338.420393882 0.005 0.208 0.0 0.130630630631 78 222 26
256 10 -112.377558824 236.162682597 0.005 0.703 0.0 0.0178571428571 76 224 26
257 24 -144.121649828 299.650864605 0.005 0.406 0.0 0.0524017467249 71 229 26
258 8 -151.968396682 315.344358313 0.005 0.208 0.0 0.137546468401 31 269 26
259 14 -155.067378292 321.542321534 0.005 0.307 0.0 0.0634146341463 95 205 26
260 13 -157.878730522 327.165025993 0.005 0.307 0.0161290322581 0.0966386554622 62 238 26
261 7 -184.967262322 381.342089593 0.005 0.109 0.2 0.277966101695 5 295 26
262 11 -154.422847551 320.253260052 0.005 0.208 0.0 0.158450704225 16 284 26
263 8 -113.15949404 237.72655303 0.005 0.703 0.0 0.0 77 223 26
264 3 -165.153889754 341.715344457 0.005 0.307 0.0 0.0430107526882 114 186 26
1519 17 -144.6347576 300.677080149 0.005 0.505 0.0 0.0331753554502 89 211 26
1520 4 -163.883023867 339.173612683 0.005 0.505 0.0 0.0 141 159 26
1521 17 -89.8010084254 191.0095818 0.005 1.0 0.0 0.012 50 250 26
1523 14 -170.060072628 351.527710206 0.005 0.208 0.0 0.135021097046 63 237 26
1524 11 -169.789482977 350.986530904 0.005 0.208 0.0 0.178137651822 53 247 26
1525 12 -159.033479041 329.474523031 0.005 0.208 nan 0.21 0 300 26
1526 11 -154.153627581 319.714820112 0.005 0.208 0.0 0.172413793103 10 290 26
1527 15 -174.017529566 359.442624081 0.005 0.109 nan 0.243333333333 0 300 26
1528 2 -147.962828956 307.333222862 0.005 0.307 0.0 0.0851063829787 65 235 26
1529 2 -168.331688468 348.070941886 0.005 0.307 0.0 0.0648648648649 115 185 26
1530 15 -162.044277237 335.496119423 0.005 0.406 0.0 0.0277777777778 120 180 26
1531 10 -93.9362065213 199.279977992 0.005 1.0 0.0 0.00414937759336 59 241 26
1532 15 -130.359485874 272.126536697 0.005 0.406 0.0 0.0720338983051 64 236 26
1533 22 -119.886470644 251.180506238 0.005 0.505 0.0 0.047619047619 48 252 26
1534 19 -156.840556795 325.08867854 0.005 0.208 0.0 0.163763066202 13 287 26
1535 15 -160.22555687 331.858678689 0.005 0.208 0.0 0.120331950207 59 241 26
1536 5 -164.495216991 340.397998931 0.005 0.208 0.333333333333 0.195286195286 3 297 27
1537 12 -162.14799915 335.70356325 0.005 0.208 0.0 0.150943396226 35 265 27
1538 32 -163.661085132 338.729735213 0.005 0.307 0.0 0.032967032967 118 182 27
1539 24 -128.260422217 267.928409383 0.005 0.406 0.0285714285714 0.0981132075472 35 265 27
1540 8 -159.472100967 330.351766883 0.005 0.208 0.0 0.158301158301 41 259 27
1541 11 -177.705675164 366.818915277 0.005 0.109 nan 0.283333333333 0 300 27
1542 7 -183.323819912 378.055204773 0.005 0.109 nan 0.28 0 300 27
1543 7 -93.3704100786 198.148385107 0.005 1.0 0.0 0.00425531914894 65 235 27
1544 13 -111.433389494 234.274343938 0.005 0.802 0.0 0.00865800865801 69 231 27
1545 25 -184.827985239 381.063535428 0.005 0.208 0.0 0.09375 140 160 27
1546 12 -141.959174735 295.32591442 0.005 0.406 0.015625 0.0762711864407 64 236 27
1547 23 -206.879170199 425.165905347 0.005 0.01 nan 0.44 0 300 27
1549 27 -166.636712388 344.680989725 0.005 0.208 0.0 0.191729323308 34 266 27
1550 4 -147.823924234 307.055413417 0.005 0.208 0.0 0.163763066202 13 287 27
1553 11 -169.767453993 350.942472935 0.005 0.208 0.0 0.166007905138 47 253 27
140 11 -151.183727676 313.775020301 0.005 0.604 0.0 0.0 132 168 27
141 4 -146.759015356 304.925595662 0.005 0.505 0.0 0.0215053763441 114 186 27
142 10 -145.263540981 301.934646911 0.005 0.505 0.0 0.0167597765363 121 179 27
143 21 -178.115640085 367.638845118 0.005 0.109 nan 0.28 0 300 27
144 16 -156.654136875 324.7158387 0.005 0.406 0.0185185185185 0.0416666666667 108 192 27
145 10 -170.639682075 352.686929099 0.005 0.307 0.0 0.0769230769231 118 182 27
146 24 -168.97850905 349.364583049 0.005 0.208 0.04 0.163636363636 25 275 27
147 11 -165.556898489 342.521361928 0.005 0.406 0.0 0.00625 140 160 27
148 3 -172.737212002 356.881988953 0.005 0.208 0.0181818181818 0.171428571429 55 245 27
149 5 -159.917561869 331.242688687 0.005 0.208 0.0555555555556 0.187943262411 18 282 27
150 25 -151.994228647 315.396022244 0.005 0.406 0.0 0.0502283105023 81 219 27
151 21 -138.618240505 288.64404596 0.005 0.505 0.0 0.0287081339713 91 209 27
152 9 -116.899191239 245.205947428 0.005 0.406 0.266666666667 0.0842105263158 15 285 27
153 15 -191.922934377 395.253433704 0.005 0.109 nan 0.313333333333 0 300 27
154 3 -123.691918034 258.791401017 0.005 0.505 0.0 0.0501930501931 41 259 27
155 0 -173.746341901 358.900248751 0.005 0.307 0.0 0.0263157894737 148 152 27
157 8 -176.832837341 365.073239632 0.005 0.109 0.5 0.231543624161 2 298 27
158 9 -135.756740219 282.921045387 0.005 0.703 0.0 0.0 107 193 27
159 15 -165.934348123 343.276261196 0.005 0.406 0.00746268656716 0.00602409638554 134 166 27
160 29 -151.70353038 314.81462571 0.005 0.208 0.0588235294118 0.151943462898 17 283 27
161 4 -94.1964367457 199.800438441 0.005 0.901 0.0 0.0223880597015 32 268 27
162 19 -185.887915492 383.183395933 0.005 0.109 0.333333333333 0.279461279461 3 297 27
163 3 -151.084635033 313.576835015 0.005 0.208 nan 0.21 0 300 27
164 2 -123.947979727 259.303524403 0.005 0.406 0.0 0.094696969697 36 264 27
165 12 -166.607762602 344.623090154 0.005 0.406 0.0 0.0267379679144 113 187 27
166 1 -128.977575571 269.362716091 0.005 0.703 0.0 0.0 96 204 27
168 37 -158.121312519 327.650189987 0.005 0.307 0.0 0.0634146341463 95 205 27
170 12 -131.113540053 273.634645055 0.005 0.604 0.0 0.0049504950495 98 202 27
171 5 -172.319253539 356.046072028 0.005 0.307 0.0 0.0441988950276 119 181 27
172 9 -135.715300916 282.838166781 0.005 0.406 0.0 0.0748031496063 46 254 27
173 5 -146.032867154 303.473299258 0.005 0.307 0.0 0.122950819672 56 244 27
174 1 -135.641309009 282.690182968 0.005 0.604 0.0 0.0235849056604 88 212 27
175 12 -151.737473403 314.882511755 0.005 0.307 0.0 0.0865800865801 69 231 27
176 21 -171.920556795 355.248678539 0.005 0.109 nan 0.256666666667 0 300 27
177 40 -195.860077184 403.127719318 0.03 0.109 0.75 0.361486486486 4 296 27
178 8 -150.596527261 312.600619471 0.005 0.406 0.0 0.0205128205128 105 195 27
179 4 -116.829453305 245.066471558 0.005 0.604 0.0 0.0178571428571 76 224 27
180 8 -132.21601402 275.83959299 0.005 0.307 0.0 0.0902777777778 12 288 27
181 4 -174.070112772 359.547790494 0.005 0.109 0.0 0.24406779661 5 295 27
183 5 -155.463672457 322.334909863 0.005 0.208 nan 0.216666666667 0 300 27
184 3 -165.828098609 343.063762168 0.005 0.307 0.0 0.0432432432432 115 185 27
185 7 -115.476638844 242.360842637 0.005 0.505 0.0 0.0477941176471 28 272 27
186 11 -129.846270323 271.100105595 0.005 0.604 0.0 0.0142180094787 89 211 27
187 8 -174.885154517 361.177873982 0.005 0.307 0.00917431192661 0.0785340314136 109 191 27
188 20 -135.360711465 282.128987879 0.005 0.505 0.0 0.0478260869565 70 230 27
189 3 -192.67279014 396.753145229 0.005 0.109 0.0454545454545 0.31654676259 22 278 27
190 32 -195.737747785 402.88306052 0.005 0.109 nan 0.346666666667 0 300 27
192 7 -141.926992099 295.261549147 0.005 0.604 0.0 0.00520833333333 108 192 27
193 2 -166.401422897 344.210410743 0.005 0.208 0.0133333333333 0.111111111111 75 225 27
194 9 -138.715290211 288.838145372 0.005 0.703 0.0 0.0 108 192 27
195 9 -146.156342495 303.720249939 0.005 0.307 0.0 0.101503759398 34 266 27
196 0 -122.5112687 256.430102349 0.005 0.604 0.0 0.0138248847926 83 217 27
197 23 -190.505162963 392.417890876 0.005 0.109 0.0 0.301694915254 5 295 27
198 8 -113.285479193 237.978523334 0.005 0.802 0.0120481927711 0.00921658986175 83 217 27
199 11 -136.960746145 285.32905724 0.005 0.307 0.0 0.08 50 250 27
200 22 -146.174002326 303.755569602 0.005 0.208 0.2 0.159322033898 5 295 27
202 17 -160.949590543 333.306746036 0.005 0.208 0.125 0.198630136986 8 292 27
203 7 -136.725420919 284.858406787 0.005 0.406 0.012987012987 0.0403587443946 77 223 27
204 22 -138.280751054 287.969067058 0.005 0.406 0.0144927536232 0.0822510822511 69 231 27
206 32 -101.383985195 214.17553534 0.005 0.703 0.0 0.0271317829457 42 258 27
207 6 -132.690407115 276.788379178 0.005 0.505 0.0 0.0669291338583 46 254 27
208 34 -178.198243225 367.8040514 0.005 0.109 0.0 0.241496598639 6 294 27
212 1 -153.630558107 318.668681164 0.005 0.307 0.0 0.075117370892 87 213 27
213 18 -208.100125849 427.607816648 0.205 0.01 0.512820512821 0.509578544061 39 261 27
215 8 -142.707795376 296.823155701 0.005 0.406 0.0 0.0338164251208 93 207 27
216 1 -126.218988674 263.845542297 0.005 0.406 0.025 0.0653846153846 40 260 27
217 16 -172.965217013 357.337998976 0.005 0.109 nan 0.243333333333 0 300 27
218 3 -153.393154409 318.193873767 0.005 0.208 nan 0.176666666667 0 300 27
220 26 -98.7154661037 208.838497157 0.005 1.0 0.0 0.0 78 222 27
221 3 -122.072196092 255.551957133 0.005 0.703 0.0 0.00961538461538 92 208 27
223 15 -118.078790483 247.565145915 0.005 0.604 0.0192307692308 0.0322580645161 52 248 27
225 4 -147.98082579 307.369216529 0.005 0.604 0.0 0.0 120 180 27
226 22 -115.100040565 241.607646079 0.005 0.604 0.0 0.0171673819742 67 233 27
227 39 -171.716866045 354.84129704 0.01 0.208 nan 0.246666666667 0 300 27
228 12 -135.437316607 282.282198162 0.005 0.307 0.0 0.089552238806 32 268 27
229 16 -153.403327258 318.214219466 0.005 0.406 0.0131578947368 0.0535714285714 76 224 27
230 8 -149.050529496 309.508623941 0.005 0.505 0.0 0.0212765957447 112 188 27
231 40 -158.981631561 329.370828072 0.005 0.307 0.0 0.0637254901961 96 204 27
232 7 -107.32934693 226.066258809 0.005 0.604 0.0 0.030303030303 36 264 27
234 8 -130.208379737 271.824324423 0.005 0.604 0.0 0.0190476190476 90 210 27
235 11 -141.129277561 293.666120072 0.005 0.307 0.0 0.120401337793 1 299 27
236 12 -163.507616725 338.422798398 0.005 0.307 0.0 0.0913043478261 70 230 27
237 3 -171.864732193 355.137029336 0.005 0.307 0.010752688172 0.0869565217391 93 207 27
238 25 -164.506959959 340.421484868 0.005 0.307 0.0103092783505 0.0935960591133 97 203 27
240 3 -141.5835636 294.574692149 0.005 0.307 0.0263157894737 0.114503816794 38 262 27
241 4 -156.246478517 323.900521984 0.005 0.307 0.0 0.0622009569378 91 209 27
242 7 -134.97580057 281.359166089 0.005 0.505 0.0 0.0377358490566 88 212 27
243 13 -165.451646615 342.31085818 0.005 0.208 0.0 0.120192307692 92 208 27
244 28 -172.303056336 356.013677622 0.005 0.109 nan 0.256666666667 0 300 27
245 9 -172.982541354 357.372647657 0.005 0.208 0.0 0.133891213389 61 239 27
247 15 -154.940851077 321.289267104 0.005 0.208 0.0526315789474 0.156583629893 19 281 27
248 35 -166.612069686 344.631704321 0.005 0.208 0.0 0.158671586716 29 271 27
253 4 -109.273118057 229.953801064 0.005 0.703 0.0 0.0306513409962 39 261 27
256 10 -149.722410088 310.852385125 0.005 0.406 0.0 0.0382775119617 91 209 27
257 24 -95.8774958759 203.162556701 0.005 1.0 0.0 0.0 68 232 27
258 8 -158.597781941 328.603128831 0.005 0.208 0.0 0.212328767123 8 292 27
259 14 -150.131624766 311.670814481 0.005 0.208 0.1 0.172413793103 10 290 27
260 13 -172.019455182 355.446475314 0.005 0.208 nan 0.233333333333 0 300 27
261 7 -190.421423662 392.250412274 0.005 0.109 nan 0.32 0 300 27
262 11 -131.087754875 273.583074699 0.005 0.703 0.0 0.00952380952381 90 210 27
263 8 -156.167539633 323.742644216 0.005 0.406 0.0 0.0335195530726 121 179 27
264 3 -119.203873459 249.815311867 0.005 0.406 0.285714285714 0.116040955631 7 293 27
1519 17 -156.540832939 324.489230827 0.005 0.406 0.0 0.0374331550802 113 187 27
1520 4 -162.396944516 336.20145398 0.005 0.307 0.0 0.0531914893617 112 188 27
1521 17 -136.120063377 283.647691703 0.005 0.307 0.030303030303 0.10861423221 33 267 27
1523 14 -188.716921536 388.841408021 0.005 0.109 nan 0.32 0 300 27
1524 11 -168.480347879 348.368260707 0.005 0.208 nan 0.226666666667 0 300 27
1525 12 -135.180133096 281.767831142 0.005 0.604 0.0 0.00510204081633 104 196 27
1526 11 -150.796026574 312.999618096 0.005 0.307 0.0263157894737 0.118320610687 38 262 27
1527 15 -173.315874338 358.039313626 0.005 0.109 nan 0.243333333333 0 300 27
1528 2 -154.010859104 319.429283157 0.005 0.307 0.0 0.0958333333333 60 240 27
1529 2 -164.144313717 339.696192383 0.005 0.307 0.0 0.0636363636364 80 220 27
1530 15 -142.995741265 297.399047479 0.005 0.406 0.0 0.0521327014218 89 211 27
1531 10 -142.442345274 296.292255498 0.005 0.307 0.02 0.088 50 250 27
1532 15 -162.143689012 335.694942974 0.005 0.208 0.0 0.142857142857 62 238 27
1533 22 -129.170768273 269.749101495 0.005 0.505 0.0 0.0483870967742 52 248 27
1534 19 -185.630526103 382.668617154 0.005 0.109 nan 0.3 0 300 27
1535 15 -172.518098146 356.443761241 0.005 0.208 0.0 0.168724279835 57 243 27
1536 5 -175.443445813 362.294456576 0.005 0.307 0.0 0.0368098159509 137 163 28
1537 12 -137.123657999 285.654880948 0.005 0.406 0.0 0.0708333333333 60 240 28
1538 32 -122.095837227 255.599239403 0.005 0.604 0.0 0.0130434782609 70 230 28
1539 24 -149.528474281 310.464513512 0.005 0.307 0.0344827586207 0.136531365314 29 271 28
1540 8 -159.027045392 329.461655733 0.005 0.208 nan 0.21 0 300 28
1541 11 -155.542139445 322.491843839 0.005 0.208 0.105263157895 0.181494661922 19 281 28
1542 7 -156.477694899 324.362954746 0.005 0.406 0.0 0.020942408377 109 191 28
1543 7 -172.016177004 355.439918958 0.005 0.307 0.0 0.0526315789474 110 190 28
1544 13 -124.071169965 259.549904879 0.005 0.505 0.0 0.0483870967742 52 248 28
1545 25 -148.570286676 308.548138302 0.005 0.208 0.0 0.128378378378 4 296 28
1546 12 -160.642690771 332.692946492 0.005 0.406 0.0 0.0430107526882 114 186 28
1547 23 -207.46669464 426.340954229 0.005 0.01 nan 0.473333333333 0 300 28
1549 27 -156.759477904 324.926520757 0.005 0.307 0.0 0.0707547169811 88 212 28
1550 4 -159.665485033 330.738535016 0.005 0.307 0.0 0.0597014925373 99 201 28
1553 11 -142.558341585 296.524248119 0.005 0.604 0.0 0.00537634408602 114 186 28
140 11 -127.364974947 266.137514842 0.005 0.802 0.0 0.0 101 199 28
141 4 -149.378246125 310.1640572 0.005 0.505 0.0 0.0154639175258 106 194 28
142 10 -150.23945528 311.88647551 0.005 0.406 0.025641025641 0.0720720720721 78 222 28
143 21 -195.909880483 403.227325915 0.005 0.109 0.5 0.325503355705 2 298 28
144 16 -137.260301666 285.928168281 0.005 0.406 0.0 0.0924369747899 62 238 28
145 10 -125.02384501 261.45525497 0.005 0.505 0.0 0.0448979591837 55 245 28
146 24 -167.545116362 346.497797674 0.005 0.208 0.1 0.210344827586 10 290 28
147 11 -162.752872126 336.913309201 0.005 0.208 0.105263157895 0.192170818505 19 281 28
148 3 -158.195727548 327.799020046 0.005 0.307 0.0 0.112449799197 51 249 28
149 5 -173.983122058 359.373809066 0.005 0.208 0.0 0.138392857143 76 224 28
150 25 -166.036792248 343.481149445 0.005 0.208 0.0298507462687 0.12017167382 67 233 28
151 21 -168.641742393 348.691049735 0.005 0.406 0.0 0.0188679245283 141 159 28
152 9 -175.755595627 362.918756204 0.005 0.307 0.0 0.0 153 147 28
153 15 -193.894966247 399.197497443 0.02 0.109 0.4 0.345762711864 5 295 28
154 3 -158.138352163 327.684269276 0.005 0.208 0.166666666667 0.19387755102 6 294 28
155 0 -147.024664856 305.456894661 0.005 0.406 0.012987012987 0.0448430493274 77 223 28
157 8 -161.839192038 335.085949024 0.005 0.208 0.0 0.137931034483 39 261 28
158 9 -99.9155504919 211.238665933 0.005 0.604 0.0 0.0371747211896 31 269 28
159 15 -121.776415641 254.960396232 0.005 0.604 0.0 0.00921658986175 83 217 28
160 29 -125.19008061 261.787726169 0.005 0.505 0.0 0.0472440944882 46 254 28
161 4 -173.117263188 357.642091326 0.005 0.406 0.0 0.00588235294118 130 170 28
162 19 -204.162398809 419.732362567 0.01 0.109 nan 0.37 0 300 28
163 3 -144.337271458 300.082107866 0.005 0.307 0.0 0.134020618557 9 291 28
164 2 -141.599410239 294.606385426 0.005 0.307 0.06 0.1 50 250 28
165 12 -117.921261545 247.250088039 0.005 0.505 0.0 0.0357142857143 48 252 28
166 1 -125.887104466 263.181773882 0.005 0.505 0.0 0.0354330708661 46 254 28
168 37 -168.075422082 347.558409113 0.005 0.208 0.0 0.108695652174 70 230 28
170 12 -179.621181123 370.649927195 0.005 0.109 0.111111111111 0.264604810997 9 291 28
171 5 -149.798366347 311.004297644 0.005 0.208 0.25 0.155405405405 4 296 28
172 9 -154.212606386 319.832777722 0.005 0.208 nan 0.196666666667 0 300 28
173 5 -156.416904953 324.241374855 0.005 0.307 0.0238095238095 0.108527131783 42 258 28
174 1 -169.709381696 350.826328342 0.005 0.208 0.05 0.217857142857 20 280 28
175 12 -122.437470451 256.282505852 0.005 0.604 0.0 0.0347826086957 70 230 28
176 21 -159.773961974 330.955488897 0.005 0.208 0.0 0.149812734082 33 267 28
177 40 -205.725685195 422.858935339 0.18 0.109 0.387755102041 0.442231075697 49 251 28
178 8 -151.38205295 314.17167085 0.005 0.406 0.0 0.025641025641 105 195 28
179 4 -170.286745654 351.981056258 0.005 0.208 nan 0.233333333333 0 300 28
180 8 -155.960255254 323.328075456 0.005 0.208 nan 0.206666666667 0 300 28
181 4 -180.785978853 372.979522655 0.005 0.208 0.0 0.106598984772 103 197 28
183 5 -153.996417745 319.400400439 0.005 0.208 0.2 0.186440677966 5 295 28
184 3 -177.589714406 366.586993762 0.005 0.109 nan 0.27 0 300 28
185 7 -162.04374973 335.495064409 0.005 0.307 0.0123456790123 0.109589041096 81 219 28
186 11 -156.480048888 324.367662726 0.005 0.505 0.0 0.00591715976331 131 169 28
187 8 -152.81090549 317.029375928 0.005 0.505 0.0 0.0216216216216 115 185 28
188 20 -168.146418316 347.700401581 0.005 0.208 0.0 0.2 20 280 28
189 3 -164.582484533 340.572534015 0.005 0.208 0.0 0.192170818505 19 281 28
190 32 -202.051388523 415.510341994 0.02 0.109 1.0 0.371237458194 1 299 28
192 7 -150.511960143 312.431485234 0.005 0.406 0.0 0.0542986425339 79 221 28
193 2 -170.844904368 353.097373685 0.005 0.307 0.0 0.0386740331492 119 181 28
194 9 -124.141307809 259.690180568 0.005 0.406 0.0 0.0719696969697 36 264 28
195 9 -160.824298137 333.056161223 0.005 0.208 0.0 0.171140939597 2 298 28
196 0 -114.856630644 241.120826237 0.005 0.604 0.0 0.0294117647059 62 238 28
197 23 -185.645430222 382.698425393 0.005 0.109 nan 0.313333333333 0 300 28
198 8 -121.787782188 254.983129325 0.005 0.604 0.0 0.0309734513274 74 226 28
199 11 -152.149726999 315.707018947 0.005 0.604 0.0 0.0 119 181 28
200 22 -131.553809486 274.515183922 0.005 0.604 0.0 0.0147783251232 97 203 28
202 17 -177.000477004 365.408518957 0.005 0.109 nan 0.273333333333 0 300 28
203 7 -147.130050393 305.667665735 0.005 0.406 0.0 0.0704845814978 73 227 28
204 22 -139.313106448 290.033777845 0.005 0.307 0.0 0.0909090909091 47 253 28
206 32 -123.890784884 259.189134718 0.005 0.505 0.0 0.0396825396825 48 252 28
207 6 -103.045674903 217.498914755 0.005 0.901 0.0 0.0 81 219 28
208 34 -164.632447683 340.672460315 0.005 0.208 0.1875 0.18661971831 16 284 28
212 1 -160.654615445 332.716795839 0.005 0.307 0.0 0.0593607305936 81 219 28
213 18 -207.459055321 426.325675591 0.01 0.01 nan 0.476666666667 0 300 28
215 8 -119.116961493 249.641487935 0.005 0.505 0.0 0.0367346938776 55 245 28
216 1 -121.644487981 254.696540912 0.005 0.802 0.0 0.0138248847926 83 217 28
217 16 -178.499673629 368.406912208 0.005 0.109 nan 0.273333333333 0 300 28
218 3 -164.145780766 339.699126482 0.005 0.406 0.0 0.032967032967 118 182 28
220 26 -126.294695644 263.996956237 0.005 0.604 0.0 0.0440528634361 73 227 28
221 3 -107.108670683 225.624906316 0.005 0.604 0.0 0.029520295203 29 271 28
223 15 -93.9250845593 199.257734068 0.005 0.901 0.0 0.0121457489879 53 247 28
225 4 -154.151641745 319.71084844 0.005 0.307 0.0 0.106382978723 65 235 28
226 22 -183.468377753 378.344320455 0.005 0.208 0.0 0.0679012345679 138 162 28
227 39 -151.202309797 313.812184542 0.005 0.208 nan 0.2 0 300 28
228 12 -108.696703142 228.800971233 0.005 0.802 0.0 0.00888888888889 75 225 28
229 16 -132.404727218 276.217019386 0.005 0.307 0.333333333333 0.148148148148 3 297 28
230 8 -109.272334602 229.952234154 0.005 0.604 0.0185185185185 0.0365853658537 54 246 28
231 40 -147.955995788 307.319556525 0.005 0.406 0.0 0.0384615384615 92 208 28
232 7 -112.446350496 236.300265941 0.005 0.505 0.0 0.0472440944882 46 254 28
234 8 -133.691001786 278.789568521 0.005 0.406 0.0 0.0468085106383 65 235 28
235 11 -125.997533675 263.4026323 0.005 0.604 0.0 0.0337552742616 63 237 28
236 12 -130.737928026 272.883421002 0.005 0.406 0.0 0.0510638297872 65 235 28
237 3 -139.259384976 289.926334901 0.005 0.505 0.0 0.0308370044053 73 227 28
238 25 -165.052478121 341.512521191 0.005 0.406 0.0 0.0171428571429 125 175 28
240 3 -138.422025063 288.251615075 0.005 0.406 0.0175438596491 0.0781893004115 57 243 28
241 4 -128.405347763 268.218260475 0.005 0.505 0.0135135135135 0.0442477876106 74 226 28
242 7 -107.352835491 226.11323593 0.005 1.0 0.0 0.00440528634361 73 227 28
243 13 -148.168580034 307.744725017 0.005 0.208 0.0 0.15034965035 14 286 28
244 28 -184.395463762 380.198492473 0.005 0.109 0.03125 0.253731343284 32 268 28
245 9 -168.048086073 347.503737095 0.005 0.208 0.0588235294118 0.191729323308 34 266 28
247 15 -128.754740169 268.917045288 0.005 0.505 0.0 0.0308370044053 73 227 28
248 35 -170.712105711 352.831776371 0.005 0.208 0.0 0.150214592275 67 233 28
253 4 -174.259224778 359.926014506 0.005 0.406 0.0 0.00649350649351 146 154 28
256 10 -150.583435735 312.57443642 0.005 0.505 0.0 0.0265957446809 112 188 28
257 24 -148.49358394 308.39473283 0.005 0.505 0.0 0.0216216216216 115 185 28
258 8 -164.541695475 340.4909559 0.005 0.208 nan 0.223333333333 0 300 28
259 14 -165.53732116 342.482207269 0.005 0.307 0.0111111111111 0.0619047619048 90 210 28
260 13 -167.464781626 346.337128202 0.005 0.208 0.0243902439024 0.169884169884 41 259 28
261 7 -189.673375759 390.754316467 0.005 0.109 nan 0.313333333333 0 300 28
262 11 -123.131183988 257.669932925 0.005 0.505 0.0 0.0517928286853 49 251 28
263 8 -147.816891033 307.041347014 0.005 0.406 0.0105263157895 0.0439024390244 95 205 28
264 3 -139.609803875 290.627172699 0.005 0.604 0.0 0.0 116 184 28
1519 17 -172.905648227 357.218861404 0.005 0.109 nan 0.246666666667 0 300 28
1520 4 -82.5839715105 176.57550797 0.005 1.0 0.0 0.00384615384615 40 260 28
1521 17 -151.405627208 314.218819365 0.005 0.406 0.0 0.0545454545455 80 220 28
1523 14 -175.958106251 363.323777452 0.005 0.109 nan 0.273333333333 0 300 28
1524 11 -151.149800743 313.707166435 0.005 0.307 0.0 0.0875 60 240 28
1525 12 -172.760617905 356.928800759 0.005 0.208 0.0 0.229452054795 8 292 28
1526 11 -126.622236869 264.652038688 0.005 0.703 0.0 0.0049504950495 98 202 28
1527 15 -155.320720508 322.049005966 0.005 0.406 0.0 0.0212765957447 112 188 28
1528 2 -165.673122181 342.75380931 0.005 0.208 0.0526315789474 0.213523131673 19 281 28
1529 2 -159.382576464 330.172717877 0.005 0.505 0.0 0.00581395348837 128 172 28
1530 15 -137.378594464 286.164753878 0.005 0.703 0.0 0.00505050505051 102 198 28
1531 10 -146.629179239 304.665923428 0.005 0.505 0.0 0.0307692307692 105 195 28
1532 15 -127.008642572 265.424850094 0.005 0.604 0.0 0.0226244343891 79 221 28
1533 22 -129.814906464 271.037377877 0.005 0.703 0.0 0.00952380952381 90 210 28
1534 19 -181.829782506 375.067129961 0.005 0.109 nan 0.293333333333 0 300 28
1535 15 -152.072162036 315.551889021 0.005 0.307 0.0 0.0846774193548 52 248 28
1536 5 -163.251062191 337.909689331 0.005 0.208 nan 0.223333333333 0 300 29
1537 12 -163.841460588 339.090486125 0.005 0.208 0.0 0.113043478261 70 230 29
1538 32 -159.16519031 329.737945569 0.005 0.307 0.0 0.0660377358491 88 212 29
1539 24 -167.190734934 345.789034817 0.005 0.208 0.0 0.142222222222 75 225 29
1540 8 -144.342274852 300.092114654 0.005 0.406 0.0119047619048 0.0694444444444 84 216 29
1541 11 -149.694735685 310.797036319 0.005 0.307 0.030303030303 0.116104868914 33 267 29
1542 7 -160.050643287 331.508851524 0.005 0.208 0.333333333333 0.197278911565 6 294 29
1543 7 -156.738286896 324.884138741 0.005 0.307 0.012987012987 0.0896860986547 77 223 29
1544 13 -138.438191371 288.283947692 0.005 0.505 0.0 0.0 104 196 29
1545 25 -161.108293078 333.624151105 0.005 0.208 nan 0.226666666667 0 300 29
1546 12 -156.160627956 323.72882086 0.005 0.406 0.00833333333333 0.0166666666667 120 180 29
1547 23 -207.377482087 426.162529124 0.015 0.01 nan 0.473333333333 0 300 29
1549 27 -152.949991105 317.307547159 0.005 0.208 nan 0.206666666667 0 300 29
1550 4 -147.795930969 306.999426887 0.005 0.307 0.0 0.0829694323144 71 229 29
1553 11 -151.634676833 314.676918616 0.005 0.307 0.0 0.11328125 44 256 29
140 11 -119.460430968 250.328426886 0.005 0.406 0.0 0.0845070422535 16 284 29
141 4 -155.287853864 321.983272677 0.005 0.208 nan 0.186666666667 0 300 29
142 10 -170.631486177 352.670537303 0.005 0.307 0.0105263157895 0.0780487804878 95 205 29
143 21 -187.625952993 386.659470936 0.02 0.109 1.0 0.327759197324 1 299 29
144 16 -163.136188917 337.679942783 0.005 0.505 0.0 0.00606060606061 135 165 29
145 10 -148.394548966 308.196662881 0.005 0.208 0.0454545454545 0.158273381295 22 278 29
146 24 -166.582871053 344.573307054 0.005 0.307 0.0 0.0606060606061 102 198 29
147 11 -146.167165396 303.741895741 0.005 0.307 0.0 0.152777777778 12 288 29
148 3 -148.920220478 309.248005906 0.005 0.208 nan 0.196666666667 0 300 29
149 5 -182.260925238 375.929415425 0.005 0.208 0.0 0.109375 108 192 29
150 25 -127.758408085 266.924381119 0.005 0.406 0.0 0.0833333333333 36 264 29
151 21 -118.341697868 248.090960685 0.005 0.604 0.0 0.013698630137 81 219 29
152 9 -117.31960352 246.046771989 0.005 0.703 0.037037037037 0.0325203252033 54 246 29
153 15 -183.183383433 377.774331815 0.005 0.109 nan 0.296666666667 0 300 29
154 3 -169.969112408 351.345789765 0.005 0.307 0.0 0.085 100 200 29
155 0 -125.801044587 263.009654124 0.005 0.505 0.0 0.0304347826087 70 230 29
157 8 -165.543670801 342.49490655 0.005 0.208 0.0526315789474 0.217081850534 19 281 29
158 9 -153.401297155 318.210159258 0.005 0.406 0.0 0.0585365853659 95 205 29
159 15 -147.626059447 306.659683843 0.005 0.604 0.0 0.0108695652174 116 184 29
160 29 -173.732673326 358.8729116 0.005 0.208 0.0 0.0869565217391 116 184 29
161 4 -130.582183453 272.571931855 0.005 0.406 0.0625 0.0858208955224 32 268 29
162 19 -201.821058462 415.049681872 0.065 0.109 0.388888888889 0.386524822695 18 282 29
163 3 -157.005947304 325.419459557 0.005 0.208 0.333333333333 0.198653198653 3 297 29
164 2 -158.445660661 328.298886272 0.005 0.208 0.0833333333333 0.190972222222 12 288 29
165 12 -187.300450567 386.008466083 0.005 0.109 nan 0.32 0 300 29
166 1 -164.984559032 341.376683013 0.005 0.208 nan 0.223333333333 0 300 29
168 37 -136.813573378 285.034711705 0.005 0.604 0.0 0.0093023255814 85 215 29
170 12 -139.34053157 290.088628089 0.005 0.406 0.0 0.0502092050209 61 239 29
171 5 -147.289333929 305.986232807 0.005 0.406 0.0 0.0528846153846 92 208 29
172 9 -106.295452138 223.998469225 0.005 0.703 0.0 0.0206611570248 58 242 29
173 5 -143.690093345 298.78775164 0.005 0.406 0.0114942528736 0.0516431924883 87 213 29
174 1 -170.565032866 352.537630682 0.005 0.208 0.0 0.169291338583 46 254 29
175 12 -138.051426219 287.510417387 0.005 0.505 0.0 0.0243902439024 95 205 29
176 21 -174.833663437 361.074891823 0.005 0.109 nan 0.27 0 300 29
177 40 -201.727428611 414.862422172 0.015 0.109 nan 0.376666666667 0 300 29
178 8 -130.471160375 272.349885699 0.005 0.307 0.0 0.101818181818 25 275 29
179 4 -179.842780968 371.093126886 0.005 0.109 nan 0.263333333333 0 300 29
180 8 -165.437255111 342.282075171 0.005 0.208 0.0 0.226351351351 4 296 29
181 4 -178.444071618 368.295708185 0.005 0.109 nan 0.263333333333 0 300 29
183 5 -127.421610965 266.250786879 0.005 0.406 0.0 0.0666666666667 30 270 29
184 3 -115.015637347 241.438839643 0.005 0.703 0.0 0.0245901639344 56 244 29
185 7 -96.9890929542 205.385750858 0.005 1.0 0.0 0.00446428571429 76 224 29
186 11 -133.793845947 278.995256843 0.005 0.406 0.0 0.0590717299578 63 237 29
187 8 -137.156014813 285.719594575 0.005 0.406 0.0 0.0540540540541 78 222 29
188 20 -168.382835328 348.173235605 0.005 0.208 0.0357142857143 0.202205882353 28 272 29
189 3 -165.539482229 342.486529408 0.005 0.208 0.0555555555556 0.202127659574 18 282 29
190 32 -193.83734269 399.082250329 0.005 0.109 nan 0.326666666667 0 300 29
192 7 -104.801995768 221.011556485 0.005 0.703 0.0 0.0202429149798 53 247 29
193 2 -133.48938702 278.386338989 0.005 0.406 0.0 0.06640625 44 256 29
194 9 -149.438757102 310.285079153 0.005 0.307 0.0 0.0867579908676 81 219 29
195 9 -165.92822539 343.264015729 0.005 0.208 0.333333333333 0.215488215488 3 297 29
196 0 -155.329902418 322.067369785 0.005 0.208 0.0454545454545 0.151079136691 22 278 29
197 23 -182.82954217 377.06664929 0.005 0.109 nan 0.286666666667 0 300 29
198 8 -127.455739171 266.319043291 0.005 0.604 0.0 0.00947867298578 89 211 29
199 11 -156.433871056 324.275307061 0.005 0.406 0.0 0.0420560747664 86 214 29
200 22 -122.974463987 257.356492924 0.005 0.406 0.0238095238095 0.062015503876 42 258 29
202 17 -183.653109815 378.71378458 0.005 0.109 0.166666666667 0.268707482993 6 294 29
203 7 -80.4149938284 172.237552606 0.005 1.0 0.0 0.0 60 240 29
204 22 -129.162139214 269.731843378 0.005 0.505 0.0128205128205 0.036036036036 78 222 29
206 32 -147.280507368 305.968579685 0.005 0.208 0.1 0.162068965517 10 290 29
207 6 -130.718502747 272.844570444 0.005 0.505 0.0 0.0413223140496 58 242 29
208 34 -131.936592843 275.280750635 0.005 0.604 0.0 0.00947867298578 89 211 29
212 1 -115.227277599 241.862120148 0.005 0.604 0.0 0.0445344129555 53 247 29
213 18 -207.667010843 426.741586635 0.04 0.01 nan 0.486666666667 0 300 29
215 8 -123.996952604 259.401470158 0.005 0.901 0.0 0.0 93 207 29
216 1 -152.851997909 317.111560767 0.005 0.406 0.0114942528736 0.0516431924883 87 213 29
217 16 -158.070980307 327.549525563 0.005 0.208 0.0 0.190476190476 6 294 29
218 3 -119.299655977 250.006876904 0.005 0.802 0.0 0.00869565217391 70 230 29
220 26 -120.100932466 251.609429881 0.005 0.703 0.0 0.0224215246637 77 223 29
221 3 -133.479482815 278.366530579 0.005 0.307 0.0 0.112676056338 16 284 29
223 15 -145.309621481 302.026807911 0.005 0.307 0.0754716981132 0.0931174089069 53 247 29
225 4 -127.640787151 266.689139252 0.005 0.505 0.0 0.0414937759336 59 241 29
226 22 -146.188568349 303.784701647 0.005 0.604 0.0 0.00540540540541 115 185 29
227 39 -165.9168443 343.241253548 0.005 0.406 0.0 0.0119047619048 132 168 29
228 12 -167.059867072 345.527299094 0.005 0.307 0.0 0.0416666666667 132 168 29
229 16 -158.834930431 329.077425812 0.005 0.208 0.0263157894737 0.187022900763 38 262 29
230 8 -130.107293433 271.622151816 0.005 0.406 0.0178571428571 0.0737704918033 56 244 29
231 40 -154.108087677 319.623740303 0.005 0.307 0.0 0.0657894736842 72 228 29
232 7 -137.580093536 286.567752021 0.005 0.505 0.0 0.0308370044053 73 227 29
234 8 -118.453889161 248.315343272 0.005 0.901 0.0 0.0 95 205 29
235 11 -154.608378637 320.624322223 0.005 0.604 0.0 0.0 124 176 29
236 12 -152.232720027 315.873005003 0.005 0.307 0.0 0.0916030534351 38 262 29
237 3 -144.850336707 301.108238364 0.005 0.604 0.0 0.00534759358289 113 187 29
238 25 -174.072152109 359.551869167 0.005 0.307 0.0 0.0350877192982 129 171 29
240 3 -140.078330539 291.564226027 0.005 0.406 0.0 0.0843373493976 51 249 29
241 4 -171.699778764 354.807122477 0.005 0.208 nan 0.233333333333 0 300 29
242 7 -136.551584412 284.510733773 0.005 0.406 0.0 0.056768558952 71 229 29
243 13 -127.273701132 265.954967213 0.005 0.505 0.0 0.0464135021097 63 237 29
244 28 -159.089561574 329.586688098 0.005 0.208 0.0 0.143369175627 21 279 29
245 9 -150.52349103 312.45454701 0.005 0.307 0.0294117647059 0.105263157895 34 266 29
247 15 -139.097756624 289.603078198 0.005 0.307 0.0 0.0876494023904 49 251 29
248 35 -174.339395001 360.086354952 0.005 0.109 nan 0.236666666667 0 300 29
253 4 -132.174881176 275.757327302 0.005 0.505 0.0 0.0243902439024 95 205 29
256 10 -120.80886015 253.025285249 0.005 0.802 0.0 0.00462962962963 84 216 29
257 24 -156.696320109 324.800205167 0.005 0.307 0.0 0.0717488789238 77 223 29
258 8 -178.06551759 367.53860013 0.005 0.109 0.0714285714286 0.244755244755 14 286 29
259 14 -128.360821524 268.129207998 0.005 0.406 0.0 0.0817843866171 31 269 29
260 13 -165.063930567 341.535426084 0.005 0.208 0.0 0.190114068441 37 263 29
261 7 -191.832369764 395.072304478 0.005 0.109 nan 0.33 0 300 29
262 11 -159.331918511 330.071401972 0.005 0.208 0.333333333333 0.188552188552 3 297 29
263 8 -146.359361934 304.126288817 0.005 0.307 0.0 0.136531365314 29 271 29
264 3 -141.461789235 294.331143418 0.005 0.307 0.166666666667 0.126811594203 24 276 29
1519 17 -126.451224403 264.310013755 0.005 0.505 0.0 0.0491803278689 56 244 29
1520 4 -141.390462253 294.188489455 0.005 0.604 0.0 0.0103626943005 107 193 29
1521 17 -107.337221273 226.082007495 0.005 0.802 0.0 0.0165289256198 58 242 29
1523 14 -181.561804714 374.531174378 0.005 0.109 0.0 0.214574898785 53 247 29
1524 11 -164.489392233 340.386349415 0.005 0.208 0.5 0.208053691275 2 298 29
1525 12 -149.979691745 311.366948439 0.005 0.208 0.0 0.15034965035 14 286 29
1526 11 -131.113970694 273.635506337 0.005 0.703 0.0 0.0100502512563 101 199 29
1527 15 -160.896715331 333.200995611 0.005 0.307 0.0149253731343 0.0987124463519 67 233 29
1528 2 -130.870379841 273.148324631 0.005 0.505 0.0 0.0364372469636 53 247 29
1529 2 -136.375057298 284.157679545 0.005 0.307 0.0384615384615 0.0985401459854 26 274 29
1530 15 -171.512735109 354.433035168 0.005 0.307 0.0 0.0357142857143 132 168 29
1531 10 -155.256638159 321.920841267 0.005 0.307 0.025641025641 0.11877394636 39 261 29
1532 15 -151.738347848 314.884260646 0.005 0.208 0.2 0.162711864407 5 295 29
1533 22 -167.221982074 345.851529098 0.005 0.307 0.0 0.0227272727273 124 176 29
1534 19 -173.52916464 358.46589423 0.005 0.208 0.0 0.200757575758 36 264 29
1535 15 -165.386777817 342.181120583 0.005 0.208 0.166666666667 0.221088435374 6 294 29
1536 5 -135.234283364 281.876131677 0.005 0.604 0.0 0.01 100 200 30
1537 12 -157.343374698 326.094314345 0.005 0.208 0.0 0.145390070922 18 282 30
1538 32 -172.080862019 355.569288988 0.005 0.307 0.0 0.00591715976331 131 169 30
1539 24 -108.741106171 228.889777291 0.005 0.901 0.0 0.0 83 217 30
1540 8 -96.4896740859 204.386913121 0.005 1.0 0.0 0.0 66 234 30
1541 11 -181.682618192 374.772801334 0.005 0.109 0.047619047619 0.26523297491 21 279 30
1542 7 -138.900472382 289.208509714 0.005 0.208 0.0 0.154362416107 2 298 30
1543 7 -153.885522024 319.178608997 0.005 0.307 0.0 0.0991379310345 68 232 30
1544 13 -163.827013647 339.061592244 0.005 0.208 0.0487804878049 0.15444015444 41 259 30
1545 25 -175.12285915 361.653283249 0.005 0.109 nan 0.253333333333 0 300 30
1546 12 -137.765024563 286.937614076 0.005 0.505 0.0 0.02 100 200 30
1547 23 -208.075680901 427.558926751 0.205 0.01 0.566666666667 0.511111111111 30 270 30
1549 27 -150.288034259 311.983633468 0.005 0.406 0.0 0.035 100 200 30
1550 4 -148.177173662 307.761912273 0.005 0.307 0.04 0.105454545455 25 275 30
1553 11 -158.84179639 329.091157729 0.005 0.208 0.0 0.130952380952 48 252 30
140 11 -127.888128361 267.183821672 0.005 0.505 0.0714285714286 0.062015503876 42 258 30
141 4 -108.111430674 227.630426297 0.005 0.703 0.0 0.0208333333333 60 240 30
142 10 -134.026853255 279.461271459 0.005 0.604 0.0 0.00985221674877 97 203 30
143 21 -193.937548215 399.28266138 0.005 0.109 nan 0.336666666667 0 300 30
144 16 -117.571883599 246.551332147 0.005 0.802 0.0 0.00881057268722 73 227 30
145 10 -133.124236013 277.656036975 0.005 0.406 0.0 0.0515021459227 67 233 30
146 24 -150.222560077 311.852685103 0.005 0.307 0.0 0.0645161290323 83 217 30
147 11 -153.741944215 318.891453379 0.005 0.208 0.133333333333 0.168421052632 15 285 30
148 3 -160.205990605 331.81954616 0.005 0.307 0.0 0.0947867298578 89 211 30
149 5 -161.85161285 335.110790649 0.005 0.307 0.0 0.046875 108 192 30
150 25 -122.775137067 256.957839084 0.005 0.703 0.0 0.0178571428571 76 224 30
151 21 -153.209303062 317.826171073 0.005 0.307 0.0 0.108870967742 52 248 30
152 9 -114.099139614 239.605844177 0.005 0.703 0.0 0.0174672489083 71 229 30
153 15 -191.975832634 395.359230217 0.025 0.109 0.5 0.348993288591 2 298 30
154 3 -147.356023886 306.119612721 0.005 0.307 0.0 0.0981132075472 35 265 30
155 0 -123.506259875 258.420084698 0.005 0.604 0.0 0.0183486238532 82 218 30
157 8 -130.131424001 271.67041295 0.005 0.505 0.0 0.0227272727273 80 220 30
158 9 -179.284510061 369.976585071 0.005 0.208 0.00735294117647 0.0609756097561 136 164 30
159 15 -148.277307775 307.962180498 0.005 0.406 0.0 0.031746031746 111 189 30
160 29 -114.234894046 239.877353041 0.005 0.802 0.0 0.0 79 221 30
161 4 -159.246478554 329.900522058 0.005 0.307 0.0 0.0862068965517 68 232 30
162 19 -181.117873158 373.643311265 0.005 0.109 nan 0.256666666667 0 300 30
163 3 -97.6209240284 206.649413006 0.005 1.0 0.0 0.00431034482759 68 232 30
164 2 -134.640362635 280.688290219 0.005 0.307 0.0555555555556 0.113475177305 18 282 30
165 12 -163.612375152 338.632315253 0.005 0.208 nan 0.223333333333 0 300 30
166 1 -153.981650924 319.370866798 0.005 0.208 0.0540540540541 0.167300380228 37 263 30
168 37 -178.763322478 368.934209906 0.005 0.109 1.0 0.257525083612 1 299 30
170 12 -143.97179171 299.351148369 0.005 0.307 0.0 0.111111111111 39 261 30
171 5 -145.782325453 302.972215855 0.005 0.505 0.0 0.020202020202 102 198 30
172 9 -146.40691682 304.221398589 0.005 0.505 0.0 0.02 100 200 30
173 5 -131.684226923 274.776018796 0.005 0.505 0.0 0.024154589372 93 207 30
174 1 -139.838320391 291.084205731 0.005 0.208 nan 0.16 0 300 30
175 12 -117.610582602 246.628730154 0.005 0.505 0.0 0.0361445783133 51 249 30
176 21 -172.978724053 357.365013056 0.005 0.208 0.0 0.157205240175 71 229 30
177 40 -206.724718386 424.85700172 0.005 0.01 nan 0.433333333333 0 300 30
178 8 -134.839596651 281.086758252 0.005 0.406 0.0 0.0806451612903 52 248 30
179 4 -94.6269817185 200.661528386 0.005 1.0 0.0 0.0 67 233 30
180 8 -158.817666208 329.042897366 0.005 0.208 1.0 0.19397993311 1 299 30
181 4 -177.992144289 367.391853527 0.005 0.109 nan 0.26 0 300 30
183 5 -172.926594981 357.260754912 0.005 0.208 0.0 0.104761904762 90 210 30
184 3 -145.050915021 301.509394991 0.005 0.307 0.0 0.121771217712 29 271 30
185 7 -149.13872391 309.685012769 0.005 0.208 0.0 0.173469387755 6 294 30
186 11 -132.332340388 276.072245725 0.005 0.604 0.0 0.0292887029289 61 239 30
187 8 -143.991426484 299.390417918 0.005 0.604 0.0 0.00515463917526 106 194 30
188 20 -111.441972995 234.29151094 0.005 0.901 0.0140845070423 0.00873362445415 71 229 30
189 3 -118.438502484 248.284569918 0.005 0.703 0.0 0.0 88 212 30
190 32 -195.469442631 402.34645021 0.005 0.109 nan 0.336666666667 0 300 30
192 7 -163.628739439 338.665043827 0.005 0.208 0.111111111111 0.209621993127 9 291 30
193 2 -147.887784465 307.183133879 0.005 0.307 0.0 0.141342756184 17 283 30
194 9 -123.406354819 258.220274587 0.005 0.703 0.0 0.0 97 203 30
195 9 -168.013742709 347.435050368 0.005 0.208 0.0 0.234693877551 6 294 30
196 0 -135.923380804 283.254326558 0.005 0.604 0.0 0.0141509433962 88 212 30
197 23 -190.192589292 391.792743533 0.005 0.109 nan 0.32 0 300 30
198 8 -135.44196447 282.291493889 0.005 0.604 0.0 0.0049504950495 98 202 30
199 11 -163.667151792 338.741868534 0.005 0.208 nan 0.223333333333 0 300 30
200 22 -158.342595145 328.092755239 0.005 0.307 0.0 0.035 100 200 30
202 17 -174.872753763 361.153072476 0.005 0.208 0.0 0.145228215768 59 241 30
203 7 -123.987506065 259.382577079 0.005 0.604 0.0 0.0336134453782 62 238 30
204 22 -157.476206687 326.359978324 0.005 0.208 0.2 0.193220338983 5 295 30
206 32 -130.241824874 271.891214696 0.005 0.406 0.0 0.06 50 250 30
207 6 -95.6272095683 202.661984086 0.005 0.901 0.0 0.0119047619048 48 252 30
208 34 -162.21201831 335.831601569 0.005 0.208 0.08 0.207272727273 25 275 30
212 1 -147.470787943 306.349140835 0.005 0.307 0.0 0.0967741935484 83 217 30
213 18 -208.199374654 427.806314258 0.205 0.01 0.547619047619 0.5 42 258 30
215 8 -204.221357625 419.8502802 0.005 0.109 0.0 0.00925925925926 192 108 30
216 1 -180.528214739 372.463994427 0.005 0.307 0.0 0.0 147 153 30
217 16 -184.089348033 379.586261015 0.005 0.109 0.0 0.246428571429 20 280 30
218 3 -149.079513631 309.566592212 0.005 0.505 0.0 0.00564971751412 123 177 30
220 26 -83.1119603183 177.631485586 0.005 1.0 0.0 0.00790513833992 47 253 30
221 3 -164.590464142 340.588493234 0.005 0.208 nan 0.216666666667 0 300 30
223 15 -122.192355731 255.792276411 0.005 0.802 0.0 0.0093896713615 87 213 30
225 4 -154.293565528 319.994696005 0.005 0.505 0.0 0.0108695652174 116 184 30
226 22 -157.800535969 327.008636888 0.005 0.208 0.0232558139535 0.120622568093 43 257 30
227 39 -81.0694133223 173.546391594 0.005 1.0 0.0 0.0115384615385 40 260 30
228 12 -158.317522939 328.042610827 0.005 0.307 0.0 0.100917431193 82 218 30
229 16 -159.337380303 330.082325555 0.005 0.307 0.0 0.0950226244344 79 221 30
230 8 -106.25431528 223.91619551 0.005 0.505 0.0 0.0541516245487 23 277 30
231 40 -116.425608758 244.258782466 0.005 0.505 0.0 0.0364372469636 53 247 30
232 7 -130.578940281 272.565445511 0.005 0.406 0.0 0.0548523206751 63 237 30
234 8 -134.081155291 279.569875532 0.005 0.307 0.0 0.141891891892 4 296 30
235 11 -162.30930119 336.026167329 0.005 0.208 0.0 0.182835820896 32 268 30
236 12 -155.84210502 323.09177499 0.005 0.307 0.0 0.0840707964602 74 226 30
237 3 -156.328698115 324.06496118 0.005 0.208 0.0 0.170648464164 7 293 30
238 25 -157.132554233 325.672673416 0.005 0.307 0.0 0.0788177339901 97 203 30
240 3 -123.468312424 258.344189797 0.005 0.802 0.0 0.00497512437811 99 201 30
241 4 -150.444330925 312.2962268 0.005 0.208 0.285714285714 0.163822525597 7 293 30
242 7 -66.1353924114 143.678349772 0.005 1.0 0.0 0.00735294117647 28 272 30
243 13 -141.107220819 293.622006586 0.005 0.406 0.0169491525424 0.0580912863071 59 241 30
244 28 -175.220085598 361.847736145 0.005 0.109 nan 0.26 0 300 30
245 9 -161.487642856 334.38285066 0.005 0.208 0.0 0.164794007491 33 267 30
247 15 -155.358800225 322.1251654 0.005 0.307 0.0 0.0663507109005 89 211 30
248 35 -164.198356188 339.804277325 0.005 0.208 0.142857142857 0.211604095563 7 293 30
253 4 -160.547543025 332.502650999 0.005 0.307 0.0 0.0754716981132 88 212 30
256 10 -142.720013715 296.847592378 0.005 0.208 nan 0.173333333333 0 300 30
257 24 -119.687894337 250.783353624 0.005 0.406 0.0689655172414 0.070110701107 29 271 30
258 8 -83.8952718777 179.198108705 0.005 0.901 0.0 0.0190114068441 37 263 30
259 14 -147.82820419 307.06397333 0.005 0.505 0.0 0.0163043478261 116 184 30
260 13 -135.196624416 281.800813781 0.005 0.604 0.0 0.0316742081448 79 221 30
261 7 -180.157808523 371.723181996 0.005 0.109 nan 0.266666666667 0 300 30
262 11 -140.123995573 291.655556096 0.005 0.406 0.0 0.0708661417323 46 254 30
263 8 -135.794483497 282.996531943 0.005 0.406 0.0166666666667 0.0875 60 240 30
264 3 -114.866981052 241.141527053 0.005 0.901 0.0 0.00888888888889 75 225 30
1519 17 -146.158916165 303.725397279 0.005 0.406 0.0 0.0684931506849 81 219 30
1520 4 -140.199888014 291.807340978 0.005 0.406 0.0 0.0857142857143 55 245 30
1521 17 -163.006260931 337.420086812 0.005 0.208 0.0222222222222 0.16862745098 45 255 30
1523 14 -175.049799054 361.507163058 0.005 0.109 0.0 0.221453287197 11 289 30
1524 11 -161.786184612 334.979934174 0.005 0.208 0.0555555555556 0.156028368794 18 282 30
1525 12 -143.779917835 298.96740062 0.005 0.406 0.0 0.0616740088106 73 227 30
1526 11 -140.828530759 293.064626466 0.005 0.307 0.0 0.113553113553 27 273 30
1527 15 -151.47280342 314.353171789 0.005 0.208 0.0 0.143968871595 43 257 30
1528 2 -176.96050224 365.328569429 0.005 0.307 0.0 0.0635838150289 127 173 30
1529 2 -149.574749567 310.557064084 0.005 0.208 0.4 0.166101694915 5 295 30
1530 15 -116.742234888 244.892034725 0.005 0.604 0.0 0.0368852459016 56 244 30
1531 10 -149.990531909 311.388628768 0.005 0.208 0.5 0.191275167785 2 298 30
1532 15 -108.340655378 228.088875705 0.005 0.604 0.0 0.0277777777778 48 252 30
1533 22 -130.782995876 272.973556701 0.005 0.406 0.0 0.0772357723577 54 246 30
1534 19 -154.153240006 319.714044962 0.005 0.208 0.0263157894737 0.125954198473 38 262 30
1535 15 -163.622674825 338.6529146 0.005 0.208 nan 0.22 0 300 30
