1536 5 -175.046725281 361.501015512 0.005 0.109 0.333333333333 0.231292517007 6 294 91
1537 12 -181.233642655 373.87485026 0.005 0.208 0.0 0.103260869565 116 184 91
1538 32 -171.325557667 354.058680283 0.005 0.208 0.0 0.177419354839 52 248 91
1539 24 -152.803075074 317.013715098 0.005 0.406 0.0 0.0154639175258 106 194 91
1540 8 -172.810851088 357.029267126 0.005 0.208 0.0 0.185950413223 58 242 91
1541 11 -154.736461123 320.880487194 0.005 0.307 0.0 0.0847457627119 64 236 91
1542 7 -168.582570122 348.572705194 0.005 0.307 0.0 0.0687830687831 111 189 91
1543 7 -116.958205772 245.323976493 0.005 0.505 0.0 0.0622568093385 43 257 91
1544 13 -128.185470252 267.778505454 0.005 0.505 0.0 0.036866359447 83 217 91
1545 25 -173.617707736 358.642980421 0.005 0.109 1.0 0.234113712375 1 299 91
1546 12 -124.063440145 259.534445239 0.005 0.406 0.0 0.0931899641577 21 279 91
1547 23 -207.02141161 425.450388169 0.205 0.109 0.615384615385 0.448275862069 39 261 91
1549 27 -161.11659067 333.640746289 0.005 0.208 0.125 0.212328767123 8 292 91
1550 4 -154.721696516 320.85095798 0.005 0.208 0.0909090909091 0.143884892086 22 278 91
1553 11 -176.034797892 363.477160733 0.005 0.109 nan 0.256666666667 0 300 91
140 11 -130.778355406 272.964275762 0.005 0.703 0.0 0.0 103 197 91
141 4 -134.133105188 279.673775324 0.005 0.307 nan 0.153333333333 0 300 91
142 10 -147.842057007 307.091678963 0.005 0.307 0.0 0.08203125 44 256 91
143 21 -187.875811299 387.159187548 0.005 0.109 nan 0.31 0 300 91
144 16 -109.517184574 230.441934097 0.005 0.604 0.0 0.0278884462151 49 251 91
145 10 -142.143132667 295.693830283 0.005 0.208 nan 0.173333333333 0 300 91
146 24 -164.399456132 340.206477213 0.005 0.307 0.0 0.0489130434783 116 184 91
147 11 -176.973249657 365.354064263 0.005 0.208 0.0 0.0952380952381 111 189 91
148 3 -162.583399369 336.574363687 0.005 0.208 nan 0.226666666667 0 300 91
149 5 -152.532979719 316.473524387 0.005 0.505 0.0 0.0 122 178 91
150 25 -159.271489168 329.950543286 0.005 0.307 0.0 0.0588235294118 96 204 91
151 21 -157.360862446 326.129289841 0.005 0.307 0.0 0.048309178744 93 207 91
152 9 -150.17246818 311.75250131 0.005 0.505 0.00943396226415 0.0257731958763 106 194 91
153 15 -187.886440398 387.180445745 0.005 0.109 nan 0.316666666667 0 300 91
154 3 -153.011881015 317.431326979 0.005 0.208 0.047619047619 0.136200716846 21 279 91
155 0 -109.95821731 231.32399957 0.005 0.505 0.0294117647059 0.0563909774436 34 266 91
157 8 -161.247728953 333.903022855 0.005 0.505 0.0 0.0 135 165 91
158 9 -145.83270517 303.072975289 0.005 0.505 0.0 0.0205128205128 105 195 91
159 15 -160.879129859 333.165824668 0.005 0.406 0.0 0.0228571428571 125 175 91
160 29 -145.653341691 302.714248332 0.005 0.307 0.0 0.0859375 44 256 91
161 4 -123.49800483 258.40357461 0.005 0.703 0.0 0.0 97 203 91
162 19 -201.956708347 415.320981643 0.03 0.109 0.5 0.378378378378 4 296 91
163 3 -179.90376735 371.21509965 0.005 0.109 nan 0.273333333333 0 300 91
164 2 -153.073705105 317.554975159 0.005 0.406 0.0 0.025641025641 105 195 91
165 12 -182.820014434 377.047593818 0.005 0.208 0.0 0.177272727273 80 220 91
166 1 -190.572366533 392.552298015 0.005 0.208 0.0 0.00757575757576 168 132 91
168 37 -158.10195916 327.61148327 0.005 0.208 0.0526315789474 0.167259786477 19 281 91
170 12 -137.345295752 286.098156453 0.005 0.505 0.0144927536232 0.047619047619 69 231 91
171 5 -149.124175524 309.655915997 0.005 0.307 0.0 0.0851063829787 65 235 91
172 9 -164.963184943 341.333934835 0.005 0.208 0.0188679245283 0.125506072874 53 247 91
173 5 -145.537586943 302.482738835 0.005 0.307 0.0526315789474 0.124555160142 19 281 91
174 1 -154.43016575 320.267896449 0.005 0.208 nan 0.196666666667 0 300 91
175 12 -124.406102087 260.219769122 0.005 0.604 0.0 0.0321285140562 51 249 91
176 21 -160.49265853 332.392882009 0.005 0.406 0.0 0.0116959064327 129 171 91
177 40 -205.117188103 421.641941155 0.105 0.109 0.45 0.392307692308 40 260 91
178 8 -160.24966369 331.906892329 0.005 0.208 0.0 0.120833333333 60 240 91
179 4 -185.881173134 383.169911217 0.005 0.109 nan 0.303333333333 0 300 91
180 8 -167.836716272 347.080997493 0.005 0.208 0.2 0.213559322034 5 295 91
181 4 -179.801690478 371.010945905 0.005 0.109 nan 0.276666666667 0 300 91
183 5 -145.583265505 302.57409596 0.005 0.208 0.166666666667 0.149659863946 6 294 91
184 3 -127.557669484 266.522903917 0.005 0.505 0.0 0.0338983050847 64 236 91
185 7 -138.129767233 287.667099416 0.005 0.307 0.0 0.107011070111 29 271 91
186 11 -147.448286616 306.304138182 0.005 0.307 0.015625 0.0847457627119 64 236 91
187 8 -165.3594355 342.126435949 0.005 0.406 0.0 0.0179640718563 133 167 91
188 20 -163.74286702 338.893298989 0.005 0.208 0.5 0.211409395973 2 298 91
189 3 -169.224264855 349.856094658 0.005 0.208 0.0526315789474 0.156583629893 19 281 91
190 32 -193.790763854 398.989092657 0.015 0.109 nan 0.346666666667 0 300 91
192 7 -168.624749695 348.65706434 0.005 0.208 0.2 0.206896551724 10 290 91
193 2 -127.973356498 267.354277946 0.005 0.604 0.0113636363636 0.0188679245283 88 212 91
194 9 -175.366914692 362.141394333 0.005 0.307 0.0 0.0238095238095 132 168 91
195 9 -182.206361889 375.820288727 0.005 0.208 0.0 0.0967741935484 114 186 91
196 0 -159.378909176 330.165383302 0.005 0.505 0.0 0.00581395348837 128 172 91
197 23 -187.737736 386.883036949 0.005 0.109 nan 0.323333333333 0 300 91
198 8 -128.025180433 267.457925815 0.005 0.406 0.04 0.0981818181818 25 275 91
199 11 -136.089163251 283.585891451 0.005 0.307 0.0 0.118279569892 21 279 91
200 22 -104.864147519 221.135859988 0.005 0.703 0.0 0.03125 44 256 91
202 17 -124.523463451 260.454491851 0.005 0.406 0.0 0.067615658363 19 281 91
203 7 -103.21644168 217.840448309 0.005 1.0 0.0 0.0 70 230 91
204 22 -117.199720843 245.807006634 0.005 0.703 0.0 0.00888888888889 75 225 91
206 32 -127.950614619 267.308794187 0.005 0.406 0.0666666666667 0.0771929824561 15 285 91
207 6 -155.415715048 322.238995046 0.005 0.505 0.0 0.0118343195266 131 169 91
208 34 -114.845678607 241.098922163 0.005 0.703 0.0 0.0132158590308 73 227 91
212 1 -87.3532440132 186.114052976 0.005 1.0 0.0 0.00819672131148 56 244 91
213 18 -206.479006904 424.365578757 0.2 0.109 0.5 0.418699186992 54 246 91
215 8 -116.869101894 245.145768738 0.005 0.505 0.0 0.0406504065041 54 246 91
216 1 -174.801866796 361.011298541 0.005 0.208 0.0 0.10447761194 99 201 91
217 16 -167.557375877 346.522316702 0.005 0.208 nan 0.233333333333 0 300 91
218 3 -152.368954127 316.145473203 0.005 0.406 0.0 0.0478468899522 91 209 91
220 26 -146.361769062 304.131103073 0.005 0.604 0.0 0.00549450549451 118 182 91
221 3 -158.68604234 328.77964963 0.005 0.208 0.0526315789474 0.170818505338 19 281 91
223 15 -128.555490646 268.518546241 0.005 0.604 0.0 0.0145631067961 94 206 91
225 4 -202.268246631 415.94405821 0.005 0.109 0.0 0.0344827586207 184 116 91
226 22 -161.306684726 334.020934402 0.005 0.208 0.0 0.132352941176 28 272 91
227 39 -130.509305531 272.426176011 0.005 0.604 0.0 0.0222222222222 75 225 91
228 12 -156.671711539 324.750988027 0.005 0.208 0.0444444444444 0.156862745098 45 255 91
229 16 -171.098430945 353.60442684 0.005 0.406 0.0 0.025 140 160 91
230 8 -130.971187618 273.349940185 0.005 0.307 nan 0.153333333333 0 300 91
231 40 -123.723087619 258.853740187 0.005 0.406 0.0 0.089928057554 22 278 91
232 7 -141.255245384 293.918055718 0.005 0.307 0.0 0.0859375 44 256 91
234 8 -125.877127091 263.161819132 0.005 0.505 0.0 0.0414937759336 59 241 91
235 11 -176.538844874 364.485254698 0.005 0.109 0.0357142857143 0.231617647059 28 272 91
236 12 -133.365238243 278.138041435 0.005 0.604 0.0 0.0179372197309 77 223 91
237 3 -161.046866871 333.501298692 0.005 0.208 0.0217391304348 0.141732283465 46 254 91
238 25 -141.125816861 293.659198672 0.005 0.307 0.0 0.0919117647059 28 272 91
240 3 -129.989111076 271.385787101 0.005 0.406 0.0175438596491 0.0452674897119 57 243 91
241 4 -146.406427483 304.220419915 0.005 0.208 0.0 0.155797101449 24 276 91
242 7 -191.195873028 393.799311005 0.005 0.208 0.0 0.0510948905109 163 137 91
243 13 -134.870230764 281.148026478 0.005 0.505 0.0 0.0343347639485 67 233 91
244 28 -169.446969862 350.301504673 0.005 0.208 0.0 0.195035460993 18 282 91
245 9 -158.540690542 328.488946034 0.005 0.307 0.0 0.0656565656566 102 198 91
247 15 -101.681149234 214.769863417 0.005 1.0 0.0 0.0 76 224 91
248 35 -149.015302487 309.438169924 0.005 0.406 0.0 0.0557939914163 67 233 91
253 4 -132.319481595 276.046528139 0.005 0.505 0.0 0.0460251046025 61 239 91
256 10 -102.647896648 216.703358246 0.005 1.0 0.0 0.0 75 225 91
257 24 -140.268762477 291.945089903 0.005 0.307 0.166666666667 0.139455782313 6 294 91
258 8 -177.226067238 365.859699426 0.005 0.109 0.0357142857143 0.231617647059 28 272 91
259 14 -143.624344668 298.656254285 0.005 0.406 0.0 0.0746887966805 59 241 91
260 13 -162.947144718 337.301854385 0.005 0.208 nan 0.22 0 300 91
261 7 -183.507713836 378.422992621 0.005 0.109 nan 0.296666666667 0 300 91
262 11 -157.539881885 326.487328718 0.005 0.208 0.0 0.184115523466 23 277 91
263 8 -123.534959028 258.477483005 0.005 0.604 0.0 0.0294117647059 62 238 91
264 3 -110.564331261 232.536227472 0.005 0.901 0.0 0.0 84 216 91
1519 17 -176.25265021 363.912865369 0.005 0.109 nan 0.27 0 300 91
1520 4 -126.932886411 265.273337772 0.005 0.307 0.0666666666667 0.112280701754 15 285 91
1521 17 -168.566538202 348.540641352 0.005 0.208 0.0 0.14224137931 68 232 91
1523 14 -180.82913116 373.065827269 0.005 0.109 0.111111111111 0.264604810997 9 291 91
1524 11 -161.654145197 334.715855344 0.005 0.208 0.142857142857 0.194539249147 7 293 91
1525 12 -160.95563754 333.318840029 0.005 0.208 0.333333333333 0.212121212121 3 297 91
1526 11 -157.854918372 327.117401693 0.005 0.208 0.0555555555556 0.187943262411 18 282 91
1527 15 -92.3144372148 196.036439379 0.005 0.703 0.0 0.0298507462687 32 268 91
1528 2 -143.468273991 298.344112931 0.005 0.307 0.0 0.0737704918033 56 244 91
1529 2 -142.85437939 297.116323729 0.005 0.406 0.0 0.085201793722 77 223 91
1530 15 -181.369510302 374.146585552 0.005 0.307 0.0 0.0310559006211 139 161 91
1531 10 -170.483281659 352.374128266 0.005 0.307 0.0 0.0233918128655 129 171 91
1532 15 -152.95610771 317.319780369 0.005 0.505 0.0 0.0215053763441 114 186 91
1533 22 -161.473385804 334.354336556 0.005 0.505 0.0 0.00606060606061 135 165 91
1534 19 -162.729355235 336.866275418 0.005 0.208 nan 0.193333333333 0 300 91
1535 15 -169.914288649 351.236142248 0.005 0.208 0.0 0.103603603604 78 222 91
1536 5 -154.146846172 319.701257294 0.005 0.307 0.0 0.0509259259259 84 216 92
1537 12 -169.018697575 349.444960099 0.01 0.208 0.0 0.238095238095 6 294 92
1538 32 -159.940684656 331.288934261 0.005 0.208 0.0909090909091 0.176470588235 11 289 92
1539 24 -143.380778609 298.169122168 0.005 0.505 0.0 0.0334928229665 91 209 92
1540 8 -146.86214093 305.131846808 0.005 0.208 0.0 0.172881355932 5 295 92
1541 11 -166.368995746 344.145556441 0.005 0.208 0.0 0.190311418685 11 289 92
1542 7 -176.40469831 364.216961569 0.005 0.109 0.0526315789474 0.241992882562 19 281 92
1543 7 -161.127144349 333.661853648 0.005 0.208 nan 0.19 0 300 92
1544 13 -149.869968225 311.1475014 0.005 0.406 0.0 0.0334928229665 91 209 92
1545 25 -170.575216921 352.557998791 0.005 0.307 0.0 0.0985221674877 97 203 92
1546 12 -116.046474786 243.500514522 0.005 0.604 0.0192307692308 0.0443548387097 52 248 92
1547 23 -207.722085279 426.851735508 0.005 0.01 nan 0.473333333333 0 300 92
1549 27 -146.060339234 303.528243418 0.005 0.208 nan 0.173333333333 0 300 92
1550 4 -108.484773885 228.377112719 0.005 0.901 0.0 0.0123456790123 57 243 92
1553 11 -157.642411011 326.692386972 0.005 0.208 0.0232558139535 0.15953307393 43 257 92
140 11 -130.627587325 272.6627396 0.005 0.505 0.0138888888889 0.0482456140351 72 228 92
141 4 -145.791238832 302.990042613 0.005 0.406 0.0131578947368 0.0669642857143 76 224 92
142 10 -111.57376055 234.55508605 0.005 0.505 0.0 0.062015503876 42 258 92
143 21 -179.766648573 370.940862095 0.005 0.109 1.0 0.267558528428 1 299 92
144 16 -147.310909849 306.029384647 0.005 0.505 0.0 0.0151515151515 102 198 92
145 10 -138.055246766 287.518058481 0.005 0.406 0.0 0.0660792951542 73 227 92
146 24 -166.160787117 343.729139184 0.005 0.307 0.0 0.0944206008584 67 233 92
147 11 -157.003242508 325.414049965 0.005 0.208 0.0 0.138059701493 32 268 92
148 3 -171.102030645 353.611626239 0.005 0.208 0.0 0.20819112628 7 293 92
149 5 -127.779246408 266.966057765 0.005 0.307 0.0 0.126279863481 7 293 92
150 25 -154.669003038 320.745571026 0.005 0.208 0.0285714285714 0.150943396226 35 265 92
151 21 -113.511831091 238.431227131 0.005 0.901 0.0 0.00448430493274 77 223 92
152 9 -104.949678981 221.306922912 0.005 0.604 0.0 0.0335820895522 32 268 92
153 15 -189.991342914 391.390250778 0.005 0.109 nan 0.326666666667 0 300 92
154 3 -139.049275238 289.506115425 0.005 0.307 0.0 0.101503759398 34 266 92
155 0 -149.582586611 310.572738171 0.005 0.505 0.0 0.0 102 198 92
157 8 -169.89565893 351.19888281 0.005 0.208 0.0909090909091 0.217993079585 11 289 92
158 9 -125.173425459 261.754415867 0.005 0.703 0.0 0.00909090909091 80 220 92
159 15 -129.970528271 271.348621491 0.005 0.703 0.0 0.0 94 206 92
160 29 -147.359753282 306.127071514 0.005 0.307 0.0 0.121771217712 29 271 92
161 4 -158.488126115 328.38381718 0.005 0.406 0.0 0.0603015075377 101 199 92
162 19 -199.474967393 410.357499736 0.015 0.109 nan 0.36 0 300 92
163 3 -148.486912093 308.381389136 0.005 0.406 0.0 0.0338164251208 93 207 92
164 2 -157.299625473 326.006815895 0.005 0.208 0.0 0.140684410646 37 263 92
165 12 -174.102269928 359.612104806 0.005 0.109 nan 0.256666666667 0 300 92
166 1 -162.823030803 337.053626556 0.01 0.208 0.1 0.227586206897 10 290 92
168 37 -148.752428461 308.912421871 0.005 0.307 0.0 0.101960784314 45 255 92
170 12 -136.80385642 285.01527779 0.005 0.406 0.0 0.0884615384615 40 260 92
171 5 -117.648982229 246.705529407 0.005 0.505 0.0 0.0532786885246 56 244 92
172 9 -115.148978129 241.705521208 0.005 0.604 0.02 0.036 50 250 92
173 5 -186.276628017 383.960820982 0.005 0.208 0.0 0.0532544378698 131 169 92
174 1 -116.539224387 244.486013723 0.005 0.802 0.0 0.0 86 214 92
175 12 -132.764004756 276.935574461 0.005 0.604 0.0 0.0221238938053 74 226 92
176 21 -152.206603299 315.820771547 0.005 0.505 0.0 0.0 130 170 92
177 40 -200.902384978 413.212334905 0.06 0.109 0.857142857143 0.389078498294 7 293 92
178 8 -155.089369468 321.586303884 0.005 0.307 0.0 0.105263157895 53 247 92
179 4 -144.501607912 300.410780774 0.005 0.307 0.0 0.129824561404 15 285 92
180 8 -170.103322212 351.614209372 0.005 0.208 0.0 0.126582278481 63 237 92
181 4 -90.6255422677 192.658649485 0.005 1.0 0.0 0.00403225806452 52 248 92
183 5 -164.915180515 341.237925979 0.005 0.307 0.0 0.105263157895 72 228 92
184 3 -169.412974742 350.233514434 0.01 0.208 1.0 0.244147157191 1 299 92
185 7 -130.040412156 271.488389261 0.005 0.505 0.0116279069767 0.0327102803738 86 214 92
186 11 -140.158662436 291.724889822 0.005 0.307 0.0 0.135888501742 13 287 92
187 8 -136.23275957 283.873084088 0.005 0.307 0.0 0.102836879433 18 282 92
188 20 -170.033523471 351.474611892 0.005 0.208 0.0625 0.201492537313 32 268 92
189 3 -181.205123145 373.81781124 0.005 0.109 nan 0.286666666667 0 300 92
190 32 -190.68639288 392.780350709 0.005 0.109 nan 0.32 0 300 92
192 7 -166.248061634 343.903688217 0.005 0.406 0.0 0.0287356321839 126 174 92
193 2 -143.152569774 297.712704498 0.005 0.307 0.0 0.138181818182 25 275 92
194 9 -151.794762094 314.997089138 0.005 0.406 0.0 0.0422535211268 87 213 92
195 9 -164.726091519 340.859747988 0.005 0.208 0.0 0.112449799197 51 249 92
196 0 -151.912440545 315.232446039 0.005 0.307 0.0 0.0948275862069 68 232 92
197 23 -179.192830784 369.793226518 0.005 0.109 nan 0.28 0 300 92
198 8 -129.468959842 270.345484633 0.005 0.703 0.0 0.0236966824645 89 211 92
199 11 -131.344811833 274.097188614 0.005 0.604 0.0 0.0236966824645 89 211 92
200 22 -139.845688363 291.098941674 0.005 0.307 0.0769230769231 0.1393728223 13 287 92
202 17 -175.45337765 362.314320249 0.005 0.109 nan 0.253333333333 0 300 92
203 7 -152.512566526 316.432698 0.005 0.307 0.0 0.10843373494 51 249 92
204 22 -161.064141279 333.535847507 0.005 0.406 0.0 0.0118343195266 131 169 92
206 32 -151.342157216 314.091879382 0.005 0.208 nan 0.17 0 300 92
207 6 -106.988063777 225.383692502 0.005 0.802 0.0 0.0217391304348 70 230 92
208 34 -157.109067062 325.625699073 0.005 0.208 nan 0.2 0 300 92
212 1 -113.116356255 237.64027746 0.005 0.604 0.0 0.0204918032787 56 244 92
213 18 -205.394749692 422.197064334 0.205 0.109 0.52380952381 0.445736434109 42 258 92
215 8 -104.829847088 221.067259125 0.005 0.604 0.0 0.0269230769231 40 260 92
216 1 -132.144289109 275.696143167 0.005 0.505 0.0120481927711 0.0276497695853 83 217 92
217 16 -171.46653013 354.340625209 0.005 0.208 0.0 0.187943262411 18 282 92
218 3 -153.940223902 319.288012754 0.005 0.208 0.0 0.144 50 250 92
220 26 -130.400007708 272.207580365 0.005 0.505 0.0 0.0365853658537 54 246 92
221 3 -177.386179417 366.179923783 0.005 0.109 nan 0.263333333333 0 300 92
223 15 -117.636117369 246.679799687 0.005 0.604 0.0327868852459 0.0460251046025 61 239 92
225 4 -126.237123297 263.881811543 0.005 0.604 0.0 0.0136363636364 80 220 92
226 22 -155.180881119 321.769327187 0.005 0.307 0.0 0.0505050505051 102 198 92
227 39 -162.135112539 335.677790027 0.005 0.208 0.1 0.2 10 290 92
228 12 -100.225072137 211.857709223 0.005 0.604 0.0 0.0367647058824 28 272 92
229 16 -134.912615219 281.232795388 0.005 0.604 0.0 0.0189573459716 89 211 92
230 8 -120.833732696 253.075030341 0.005 0.604 0.0 0.0225225225225 78 222 92
231 40 -138.921066792 289.249698534 0.005 0.406 0.0 0.063829787234 65 235 92
232 7 -156.680694638 324.768954226 0.005 0.307 0.0 0.102564102564 66 234 92
234 8 -146.833890307 305.075345563 0.005 0.307 0.0 0.102564102564 66 234 92
235 11 -158.996231889 329.400028727 0.005 0.208 0.0 0.189655172414 10 290 92
236 12 -167.741313184 346.890191318 0.005 0.208 0.015625 0.110169491525 64 236 92
237 3 -183.531706474 378.470977897 0.005 0.307 0.0 0.0 169 131 92
238 25 -151.517778431 314.443121811 0.005 0.307 0.0 0.0745614035088 72 228 92
240 3 -88.1434401567 187.694445263 0.005 1.0 0.0 0.00418410041841 61 239 92
241 4 -156.855388833 325.118342615 0.005 0.208 0.0 0.137254901961 45 255 92
242 7 -99.6211875746 210.649940098 0.005 0.901 0.0 0.011673151751 43 257 92
243 13 -158.815855356 329.039275662 0.005 0.307 0.0161290322581 0.113445378151 62 238 92
244 28 -193.103854588 397.615274125 0.005 0.109 nan 0.326666666667 0 300 92
245 9 -165.375326695 342.158218339 0.005 0.307 0.0 0.103734439834 59 241 92
247 15 -152.489442026 316.386449 0.005 0.406 0.0 0.0516431924883 87 213 92
248 35 -176.055462642 363.518490233 0.005 0.109 nan 0.266666666667 0 300 92
253 4 -133.939820098 279.287205146 0.005 0.604 0.0 0.00473933649289 89 211 92
256 10 -133.45800639 278.32357773 0.005 0.406 0.0 0.0857142857143 55 245 92
257 24 -160.086561253 331.580687456 0.005 0.307 0.0 0.0731707317073 95 205 92
258 8 -145.718005057 302.843575063 0.005 0.307 0.0 0.0902255639098 34 266 92
259 14 -160.073266375 331.554097699 0.005 0.307 0.0 0.0564102564103 105 195 92
260 13 -129.426011862 270.259588674 0.005 0.505 0.0 0.0301724137931 68 232 92
261 7 -187.70769433 386.822953609 0.005 0.109 nan 0.32 0 300 92
262 11 -151.788327304 314.984219557 0.005 0.307 0.0169491525424 0.0871369294606 59 241 92
263 8 -146.057701021 303.522966992 0.005 0.406 0.0 0.0150753768844 101 199 92
264 3 -158.583910004 328.575384958 0.005 0.307 0.027027027027 0.070796460177 74 226 92
1519 17 -153.780552562 318.968670073 0.005 0.307 0.0384615384615 0.124087591241 26 274 92
1520 4 -121.379196778 254.165958506 0.005 0.505 0.0 0.0505836575875 43 257 92
1521 17 -163.000559145 337.40868324 0.005 0.208 0.0 0.143442622951 56 244 92
1523 14 -153.654800515 318.71716598 0.005 0.208 0.0625 0.165492957746 16 284 92
1524 11 -160.134928979 331.677422908 0.01 0.208 0.5 0.228187919463 2 298 92
1525 12 -162.910412428 337.228389805 0.005 0.208 0.0344827586207 0.151291512915 29 271 92
1526 11 -112.025844598 235.459254145 0.005 0.703 0.0149253731343 0.0214592274678 67 233 92
1527 15 -174.870304071 361.148173091 0.005 0.208 0.0 0.118483412322 89 211 92
1528 2 -144.629846465 300.66725788 0.005 0.406 0.0116279069767 0.0420560747664 86 214 92
1529 2 -133.067456402 277.542477753 0.005 0.505 0.0 0.0357142857143 76 224 92
1530 15 -160.30210463 332.01177421 0.005 0.307 0.0 0.0855855855856 78 222 92
1531 10 -114.94429428 241.29615351 0.005 0.802 0.0 0.00909090909091 80 220 92
1532 15 -152.208283883 315.824132715 0.005 0.406 0.0 0.0758928571429 76 224 92
1533 22 -152.24381437 315.89519369 0.005 0.307 0.0384615384615 0.108870967742 52 248 92
1534 19 -167.746163641 346.899892231 0.005 0.307 0.0 0.0326086956522 116 184 92
1535 15 -153.514450066 318.436465082 0.005 0.208 nan 0.21 0 300 92
1536 5 -151.448817021 314.305198992 0.005 0.307 0.0 0.104089219331 31 269 93
1537 12 -172.098429463 355.604423876 0.005 0.208 0.0833333333333 0.225694444444 12 288 93
1538 32 -147.377377878 306.162320705 0.005 0.208 0.0 0.142857142857 13 287 93
1539 24 -116.156906039 243.721377027 0.005 0.406 0.0 0.0851063829787 18 282 93
1540 8 -144.205686021 299.818936991 0.005 0.307 0.0222222222222 0.109803921569 45 255 93
1541 11 -166.488785297 344.385135544 0.005 0.208 0.037037037037 0.142857142857 27 273 93
1542 7 -156.61119868 324.62996231 0.005 0.307 0.0 0.0981308411215 86 214 93
1543 7 -100.573663131 212.554891212 0.005 1.0 0.0 0.00440528634361 73 227 93
1544 13 -180.949271418 373.306107785 0.005 0.307 0.0 0.0 158 142 93
1545 25 -163.050253999 337.508072948 0.005 0.208 0.0 0.205387205387 3 297 93
1546 12 -132.226954648 275.861474246 0.005 0.703 0.0 0.0 96 204 93
1547 23 -207.469038055 426.34564106 0.015 0.01 nan 0.476666666667 0 300 93
1549 27 -150.180310638 311.768186225 0.005 0.406 0.0 0.0593607305936 81 219 93
1550 4 -180.527707344 372.462979638 0.005 0.109 nan 0.27 0 300 93
1553 11 -167.92571804 347.259001029 0.005 0.208 0.111111111111 0.202127659574 18 282 93
140 11 -130.886637262 273.180839473 0.005 0.604 0.0 0.0191387559809 91 209 93
141 4 -172.266483673 355.940532294 0.005 0.208 0.0 0.126168224299 86 214 93
142 10 -155.882661747 323.172888443 0.005 0.406 0.0 0.0653266331658 101 199 93
143 21 -191.37001739 394.14759973 0.005 0.109 0.333333333333 0.295918367347 6 294 93
144 16 -120.426502826 252.260570602 0.005 0.802 0.0 0.00490196078431 96 204 93
145 10 -151.949202684 315.305970318 0.005 0.307 0.0 0.0694444444444 84 216 93
146 24 -173.007981342 357.423527633 0.005 0.109 nan 0.256666666667 0 300 93
147 11 -144.945485824 301.298536597 0.005 0.406 0.0 0.0363636363636 80 220 93
148 3 -163.924403973 339.256372895 0.005 0.208 1.0 0.207357859532 1 299 93
149 5 -134.375830253 280.159225456 0.005 0.703 0.0 0.00966183574879 93 207 93
150 25 -155.509310491 322.426185931 0.005 0.406 0.00970873786408 0.0456852791878 103 197 93
151 21 -133.13872178 277.685008509 0.005 0.406 0.0 0.0564516129032 52 248 93
152 9 -164.253598265 339.914761479 0.005 0.505 0.0 0.00621118012422 139 161 93
153 15 -182.445211459 376.297987867 0.005 0.109 nan 0.286666666667 0 300 93
154 3 -166.521746792 344.451058533 0.005 0.307 0.0 0.0696517412935 99 201 93
155 0 -112.468122938 236.343810825 0.005 0.802 0.0 0.0 87 213 93
157 8 -185.208075976 381.823716902 0.005 0.109 nan 0.303333333333 0 300 93
158 9 -143.630249518 298.668063985 0.005 0.406 0.0151515151515 0.0641025641026 66 234 93
159 15 -107.449650258 226.306865466 0.005 1.0 0.0 0.0 77 223 93
160 29 -166.5865874 344.580739749 0.005 0.307 0.0 0.0995475113122 79 221 93
161 4 -129.429078319 270.265721587 0.005 0.406 0.0 0.0530612244898 55 245 93
162 19 -189.957544444 391.322653837 0.01 0.109 nan 0.33 0 300 93
163 3 -163.850697842 339.108960633 0.005 0.208 0.0 0.219178082192 8 292 93
164 2 -122.059925033 255.527415016 0.005 0.802 0.0104166666667 0.0 96 204 93
165 12 -175.737626203 362.882817355 0.005 0.208 0.0 0.162895927602 79 221 93
166 1 -161.6249382 334.657441349 0.005 0.208 0.0 0.124463519313 67 233 93
168 37 -164.3631705 340.133905948 0.005 0.208 0.0 0.179389312977 38 262 93
170 12 -157.205018992 325.817602934 0.005 0.406 0.0 0.048309178744 93 207 93
171 5 -136.910659202 285.228883354 0.005 0.802 0.0 0.0 109 191 93
172 9 -154.695450752 320.798466453 0.005 0.307 0.0 0.0689655172414 97 203 93
173 5 -134.056525953 279.520616856 0.005 0.307 0.0 0.104166666667 12 288 93
174 1 -111.823476739 235.054518426 0.005 0.901 0.0 0.00471698113208 88 212 93
175 12 -176.043452265 363.49446948 0.005 0.307 0.0 0.025641025641 144 156 93
176 21 -175.839817368 363.087199686 0.005 0.109 nan 0.266666666667 0 300 93
177 40 -199.349309313 410.106183576 0.02 0.109 0.333333333333 0.367003367003 3 297 93
178 8 -162.142300795 335.69216654 0.005 0.307 0.0 0.0597826086957 116 184 93
179 4 -176.112465584 363.632496117 0.005 0.109 nan 0.27 0 300 93
180 8 -155.608639559 322.624844068 0.005 0.208 0.0 0.142335766423 26 274 93
181 4 -153.845144309 319.097853568 0.005 0.208 0.0 0.12274368231 23 277 93
183 5 -133.68181253 278.771190008 0.005 0.307 0.0 0.0839694656489 38 262 93
184 3 -152.21234536 315.832255669 0.005 0.307 0.0 0.111111111111 57 243 93
185 7 -169.593578954 350.594722858 0.005 0.307 0.0 0.0655737704918 117 183 93
186 11 -135.171265323 281.750095595 0.005 0.406 0.0 0.0703703703704 30 270 93
187 8 -117.531772469 246.471109886 0.005 0.604 0.0 0.0175438596491 72 228 93
188 20 -177.049879099 365.507323148 0.005 0.109 nan 0.27 0 300 93
189 3 -160.785199744 332.977964437 0.005 0.208 nan 0.176666666667 0 300 93
190 32 -193.367029658 398.141624266 0.005 0.109 0.166666666667 0.319727891156 6 294 93
192 7 -159.004191236 329.415947422 0.005 0.208 0.0 0.136882129278 37 263 93
193 2 -145.712410894 302.832386738 0.005 0.406 0.0 0.040404040404 102 198 93
194 9 -139.90875033 291.22506561 0.005 0.505 0.0 0.0322580645161 83 217 93
195 9 -153.105450117 317.618465182 0.005 0.307 0.0 0.10593220339 64 236 93
196 0 -174.774701595 360.956968139 0.005 0.307 0.0 0.0310559006211 139 161 93
197 23 -185.871812726 383.151190401 0.005 0.109 0.0833333333333 0.288194444444 12 288 93
198 8 -150.049640243 311.506845435 0.005 0.505 0.0 0.0267379679144 113 187 93
199 11 -134.938998166 281.285561282 0.005 0.406 0.0 0.0588235294118 79 221 93
200 22 -142.367099078 296.141763105 0.005 0.505 0.0 0.00917431192661 82 218 93
202 17 -140.65195634 292.71147763 0.005 0.307 0.0 0.11231884058 24 276 93
203 7 -119.399306646 250.206178241 0.005 0.703 0.0 0.013698630137 81 219 93
204 22 -198.989767411 409.387099771 0.005 0.208 0.0 0.00884955752212 187 113 93
206 32 -152.480681423 316.368927796 0.005 0.406 0.0 0.029702970297 98 202 93
207 6 -150.115989804 311.639544558 0.005 0.505 0.0 0.0220994475138 119 181 93
208 34 -176.331220588 364.070006125 0.005 0.109 1.0 0.247491638796 1 299 93
212 1 -159.833997844 331.075560637 0.005 0.208 0.0 0.146443514644 61 239 93
213 18 -208.073864573 427.555294094 0.205 0.01 0.466666666667 0.501960784314 45 255 93
215 8 -110.460039399 232.327643747 0.005 0.604 0.0 0.0396825396825 48 252 93
216 1 -112.876052051 237.159669052 0.005 0.802 0.0 0.0 75 225 93
217 16 -159.059830683 329.527226316 0.005 0.208 0.0 0.158450704225 16 284 93
218 3 -151.828846587 315.065258123 0.005 0.208 0.333333333333 0.151515151515 3 297 93
220 26 -114.373699029 240.154963008 0.005 0.604 0.0 0.0396825396825 48 252 93
221 3 -182.406980953 376.221526855 0.005 0.109 nan 0.3 0 300 93
223 15 -138.491343509 288.390251967 0.005 0.703 0.0 0.00529100529101 111 189 93
225 4 -152.955735829 317.319036608 0.005 0.307 0.0 0.102459016393 56 244 93
226 22 -164.599134695 340.605834338 0.005 0.208 0.1 0.2 10 290 93
227 39 -150.030406739 311.468378428 0.005 0.208 0.111111111111 0.178694158076 9 291 93
228 12 -109.858441858 231.124448665 0.005 0.604 0.0 0.0407407407407 30 270 93
229 16 -134.820782161 281.049129272 0.005 0.307 0.0 0.0833333333333 36 264 93
230 8 -171.617010315 354.641585579 0.005 0.307 0.00869565217391 0.0594594594595 115 185 93
231 40 -169.077207914 349.561980778 0.005 0.307 0.0 0.0913705583756 103 197 93
232 7 -173.271589994 357.950744938 0.005 0.307 0.0 0.0744680851064 112 188 93
234 8 -143.944491367 299.296547684 0.005 0.307 0.0243902439024 0.135135135135 41 259 93
235 11 -154.268374649 319.944314248 0.005 0.307 0.0 0.0666666666667 90 210 93
236 12 -137.939583466 287.28673188 0.005 0.406 0.0125 0.0454545454545 80 220 93
237 3 -106.130075029 223.667715007 0.005 1.0 0.0 0.004329004329 69 231 93
238 25 -149.128714718 309.664994385 0.005 0.406 0.0 0.0542986425339 79 221 93
240 3 -143.587589779 298.582744508 0.005 0.604 0.00840336134454 0.0165745856354 119 181 93
241 4 -153.619411325 318.646387599 0.005 0.208 0.0833333333333 0.1875 12 288 93
242 7 -117.299140192 246.005845334 0.005 0.703 0.0 0.0179372197309 77 223 93
243 13 -171.464900636 354.337366222 0.005 0.208 0.125 0.215753424658 8 292 93
244 28 -160.883369651 333.17430425 0.005 0.208 nan 0.226666666667 0 300 93
245 9 -156.936378071 325.280321092 0.005 0.208 0.0 0.143939393939 36 264 93
247 15 -158.629878866 328.667322681 0.005 0.208 0.333333333333 0.205387205387 3 297 93
248 35 -143.816848577 299.041262104 0.005 0.703 0.0 0.0 119 181 93
253 4 -165.150915275 341.7093955 0.005 0.307 0.0 0.0646766169154 99 201 93
256 10 -140.0081015 291.42376795 0.005 0.406 0.0185185185185 0.0934959349593 54 246 93
257 24 -115.389360965 242.186286879 0.005 0.604 0.0 0.0252100840336 62 238 93
258 8 -186.385480259 384.178525467 0.005 0.109 0.0 0.261324041812 13 287 93
259 14 -101.082765762 213.573096473 0.005 0.901 0.0 0.0084388185654 63 237 93
260 13 -153.158773896 317.725112741 0.005 0.208 0.0 0.185810810811 4 296 93
261 7 -201.289714919 413.986994787 0.09 0.109 0.454545454545 0.388489208633 22 278 93
262 11 -183.45169732 378.310959589 0.005 0.208 0.0 0.0595238095238 132 168 93
263 8 -106.022685634 223.452936218 0.005 0.703 0.0 0.0361445783133 51 249 93
264 3 -165.752085686 342.911736322 0.005 0.307 0.0 0.0432432432432 115 185 93
1519 17 -175.232531834 361.872628617 0.005 0.208 0.047619047619 0.170542635659 42 258 93
1520 4 -123.409131345 258.225827639 0.005 0.604 0.0 0.0257510729614 67 233 93
1521 17 -148.163483644 307.734532237 0.005 0.406 0.0 0.0547945205479 81 219 93
1523 14 -152.891196777 317.189958503 0.005 0.307 0.0 0.129921259843 46 254 93
1524 11 -155.800389261 323.008343472 0.005 0.208 nan 0.21 0 300 93
1525 12 -164.540512619 340.488590186 0.005 0.307 0.0 0.0609137055838 103 197 93
1526 11 -152.605987229 316.619539408 0.005 0.406 0.0 0.0257731958763 106 194 93
1527 15 -98.0780104947 207.563585939 0.005 1.0 0.0 0.00436681222707 71 229 93
1528 2 -159.353582573 330.114730094 0.005 0.208 0.0 0.177083333333 12 288 93
1529 2 -131.015260998 273.438086946 0.005 0.604 0.0 0.0235849056604 88 212 93
1530 15 -151.194052944 313.795670836 0.005 0.406 0.0 0.0628019323671 93 207 93
1531 10 -152.757035836 316.921636621 0.005 0.307 0.0 0.100401606426 51 249 93
1532 15 -170.123174791 351.65391453 0.005 0.307 0.0 0.0375 140 160 93
1533 22 -147.523610766 306.454786481 0.005 0.208 nan 0.19 0 300 93
1534 19 -180.40117817 372.20992129 0.005 0.109 0.0 0.248120300752 34 266 93
1535 15 -177.634238399 366.676041748 0.005 0.109 0.0625 0.225352112676 16 284 93
1536 5 -130.942046765 273.29165848 0.005 0.307 0.0588235294118 0.0989399293286 17 283 94
1537 12 -162.943896702 337.295358353 0.005 0.208 0.0 0.130434782609 47 253 94
1538 32 -175.156553855 361.720672659 0.005 0.109 nan 0.253333333333 0 300 94
1539 24 -152.327762732 316.063090414 0.005 0.307 0.0 0.106837606838 66 234 94
1540 8 -112.040047463 235.487659876 0.005 0.604 0.0 0.0378787878788 36 264 94
1541 11 -151.793661556 314.994888061 0.005 0.307 0.0 0.102661596958 37 263 94
1542 7 -147.054691073 305.516947096 0.005 0.208 0.333333333333 0.171717171717 3 297 94
1543 7 -65.6301825579 142.667930065 0.005 1.0 0.0 0.0 42 258 94
1544 13 -166.260262301 343.928089551 0.005 0.307 0.0 0.0833333333333 84 216 94
1545 25 -142.741159714 296.889884378 0.005 0.307 0.030303030303 0.0861423220974 33 267 94
1546 12 -99.492146347 210.391857643 0.005 1.0 0.0 0.00446428571429 76 224 94
1547 23 -206.521204345 424.449973639 0.005 0.01 nan 0.426666666667 0 300 94
1549 27 -167.607688481 346.622941911 0.005 0.208 0.666666666667 0.205387205387 3 297 94
1550 4 -146.478166252 304.363897452 0.005 0.208 0.0 0.146757679181 7 293 94
1553 11 -162.212342031 335.832249012 0.005 0.208 0.0 0.147169811321 35 265 94
140 11 -187.792442886 386.992450721 0.005 0.307 0.0 0.0 162 138 94
141 4 -164.345860393 340.099285736 0.005 0.406 0.0 0.0374331550802 113 187 94
142 10 -116.734041139 244.875647227 0.005 0.703 0.0 0.00943396226415 88 212 94
143 21 -184.275239826 379.958044602 0.005 0.109 nan 0.293333333333 0 300 94
144 16 -160.252325215 331.912215379 0.005 0.406 0.0 0.0116279069767 128 172 94
145 10 -166.938126215 345.283817378 0.005 0.406 0.0 0.00578034682081 127 173 94
146 24 -156.151759036 323.711083022 0.005 0.406 0.0 0.0344827586207 97 203 94
147 11 -156.623431776 324.654428501 0.005 0.208 0.0 0.126016260163 54 246 94
148 3 -148.181605116 307.770775181 0.005 0.208 nan 0.2 0 300 94
149 5 -140.124422417 291.656409783 0.005 0.406 0.0 0.0472103004292 67 233 94
150 25 -136.851014617 285.109594183 0.005 0.604 0.00884955752212 0.00534759358289 113 187 94
151 21 -170.023330418 351.454225785 0.005 0.208 0.0 0.147186147186 69 231 94
152 9 -133.584475252 278.576515453 0.005 0.604 0.0 0.027397260274 81 219 94
153 15 -197.593787347 406.595139643 0.005 0.109 1.0 0.334448160535 1 299 94
154 3 -146.679597725 304.766760399 0.005 0.307 0.0 0.11583011583 41 259 94
155 0 -144.774882348 300.957329646 0.005 0.307 0.0 0.0980392156863 45 255 94
157 8 -148.248054915 307.903674779 0.005 0.604 0.0 0.0 116 184 94
158 9 -118.460286057 248.328137063 0.005 0.505 0.0 0.0337552742616 63 237 94
159 15 -112.721383842 236.850332634 0.005 0.505 0.0 0.0514705882353 28 272 94
160 29 -131.396223926 274.200012802 0.005 0.604 0.0 0.0185185185185 84 216 94
161 4 -119.690036974 250.787638896 0.005 0.703 0.0 0.0311111111111 75 225 94
162 19 -201.288941209 413.985447367 0.04 0.109 0.272727272727 0.38062283737 11 289 94
163 3 -158.408313664 328.224192277 0.005 0.208 0.0 0.134146341463 54 246 94
164 2 -103.23621156 217.87998807 0.005 1.0 0.0 0.0 74 226 94
165 12 -169.929752807 351.267070562 0.005 0.208 0.0 0.194029850746 32 268 94
166 1 -123.774960881 258.957486712 0.005 0.703 0.0 0.0046511627907 85 215 94
168 37 -160.411115663 332.229796276 0.005 0.208 0.0285714285714 0.150943396226 35 265 94
170 12 -152.255256936 315.918078821 0.005 0.307 0.0 0.11328125 44 256 94
171 5 -173.369518738 358.146602426 0.005 0.208 0.0 0.0882352941176 96 204 94
172 9 -135.596166938 282.599898825 0.005 0.307 0.037037037037 0.106227106227 27 273 94
173 5 -160.779127336 332.965819622 0.005 0.208 nan 0.23 0 300 94
174 1 -163.31698553 338.041536008 0.005 0.307 0.0 0.0710659898477 103 197 94
175 12 -133.129290349 277.666145648 0.005 0.406 0.0425531914894 0.0948616600791 47 253 94
176 21 -158.01183911 327.431243168 0.005 0.406 0.0 0.0 106 194 94
177 40 -197.214113528 405.835792006 0.04 0.109 0.428571428571 0.372013651877 7 293 94
178 8 -157.743292443 326.894149836 0.005 0.208 1.0 0.200668896321 1 299 94
179 4 -141.913383324 295.234331598 0.005 0.703 0.0 0.0 122 178 94
180 8 -179.079174433 369.565913815 0.005 0.307 0.0 0.0379746835443 142 158 94
181 4 -181.367937705 374.143440359 0.005 0.109 nan 0.293333333333 0 300 94
183 5 -163.879067151 339.165699251 0.005 0.208 nan 0.22 0 300 94
184 3 -145.807801104 303.023167157 0.005 0.307 0.0243902439024 0.0926640926641 41 259 94
185 7 -140.797070807 293.001706564 0.005 0.505 0.0 0.0192307692308 92 208 94
186 11 -154.579396262 320.566357472 0.005 0.307 0.0 0.117886178862 54 246 94
187 8 -170.939025465 353.28561588 0.005 0.307 0.0 0.0430107526882 114 186 94
188 20 -163.771961232 338.951487414 0.005 0.208 0.333333333333 0.222222222222 3 297 94
189 3 -159.734599883 330.876764714 0.005 0.208 0.0 0.139534883721 42 258 94
190 32 -190.420303303 392.248171556 0.01 0.109 nan 0.33 0 300 94
192 7 -158.000436717 327.408438383 0.005 0.307 0.0 0.1 60 240 94
193 2 -97.348656894 206.104878737 0.005 1.0 0.0 0.00836820083682 61 239 94
194 9 -154.695288644 320.798142237 0.005 0.406 0.0 0.0343137254902 96 204 94
195 9 -177.031483994 365.470532937 0.005 0.109 nan 0.27 0 300 94
196 0 -71.1692676469 153.746100243 0.005 1.0 0.0 0.0180505415162 23 277 94
197 23 -189.102169422 389.611903793 0.01 0.109 nan 0.326666666667 0 300 94
198 8 -137.359233419 286.126031787 0.005 0.604 0.0 0.00490196078431 96 204 94
199 11 -136.754085309 284.915735568 0.005 0.406 0.0 0.0632911392405 63 237 94
200 22 -132.81529422 277.038153389 0.005 0.406 0.0 0.0480349344978 71 229 94
202 17 -155.238358933 321.884282816 0.005 0.208 0.0 0.19298245614 15 285 94
203 7 -164.79423382 340.99603259 0.005 0.307 0.0 0.0618556701031 106 194 94
204 22 -131.280571082 273.968707113 0.005 0.505 0.0 0.0305676855895 71 229 94
206 32 -160.630182712 332.667930373 0.005 0.406 0.0 0.0461538461538 105 195 94
207 6 -160.228907287 331.865379524 0.005 0.406 0.0 0.049504950495 98 202 94
208 34 -146.669921824 304.747408597 0.005 0.208 0.0625 0.151408450704 16 284 94
212 1 -134.976847868 281.361260686 0.005 0.307 0.0666666666667 0.115789473684 15 285 94
213 18 -205.263993408 421.935551765 0.19 0.109 0.58 0.408 50 250 94
215 8 -166.128682419 343.664929788 0.005 0.307 0.00917431192661 0.0785340314136 109 191 94
216 1 -154.323699055 320.054963059 0.005 0.208 0.25 0.189189189189 4 296 94
217 16 -152.391743872 316.191052693 0.005 0.208 0.0 0.144876325088 17 283 94
218 3 -158.674224686 328.75601432 0.005 0.208 0.0 0.143968871595 43 257 94
220 26 -130.832442565 273.072450078 0.005 0.505 0.0 0.042194092827 63 237 94
221 3 -163.869533949 339.146632848 0.005 0.307 0.0 0.0518134715026 107 193 94
223 15 -107.469651129 226.346867207 0.005 1.0 0.0 0.0 72 228 94
225 4 -164.840895023 341.089354995 0.005 0.208 nan 0.226666666667 0 300 94
226 22 -149.03610609 309.47977713 0.005 0.406 0.0 0.0495495495495 78 222 94
227 39 -153.841597079 319.090759107 0.005 0.208 0.0 0.184668989547 13 287 94
228 12 -85.8280217788 183.063608507 0.005 1.0 0.0 0.0 57 243 94
229 16 -173.657179875 358.721924699 0.005 0.307 0.0 0.0714285714286 118 182 94
230 8 -129.742777605 270.893120159 0.005 0.703 0.0 0.0141509433962 88 212 94
231 40 -187.375790296 386.15914554 0.005 0.307 0.0 0.0220588235294 164 136 94
232 7 -119.433666829 250.274898607 0.005 0.505 0.0196078431373 0.0522088353414 51 249 94
234 8 -119.411318523 250.230201996 0.005 1.0 0.0 0.0 86 214 94
235 11 -158.639951462 328.687467874 0.005 0.208 0.0 0.132575757576 36 264 94
236 12 -177.091344119 365.590253187 0.005 0.109 0.181818181818 0.235294117647 11 289 94
237 3 -136.146037639 283.699640227 0.005 0.307 0.037037037037 0.0769230769231 27 273 94
238 25 -139.701193056 290.809951061 0.005 0.505 0.0 0.0363636363636 80 220 94
240 3 -144.555445822 300.518456593 0.005 0.307 0.0277777777778 0.125 36 264 94
241 4 -125.080825583 261.569216116 0.005 0.406 0.0 0.0664206642066 29 271 94
242 7 -115.163029513 241.733623976 0.005 0.505 0.0294117647059 0.0526315789474 34 266 94
243 13 -142.95599078 297.319546508 0.005 0.505 0.0 0.0106382978723 112 188 94
244 28 -186.145861448 383.699287846 0.005 0.109 nan 0.31 0 300 94
245 9 -149.746999939 310.901564827 0.005 0.505 0.0 0.0280373831776 86 214 94
247 15 -159.076753182 329.561071314 0.005 0.208 0.333333333333 0.20202020202 3 297 94
248 35 -182.768814211 376.945193372 0.005 0.109 nan 0.296666666667 0 300 94
253 4 -154.969746764 321.347058477 0.005 0.208 0.0227272727273 0.1484375 44 256 94
256 10 -151.118562288 313.644689524 0.005 0.406 0.0 0.0439024390244 95 205 94
257 24 -152.094403619 315.596372187 0.005 0.505 0.0 0.010582010582 111 189 94
258 8 -156.394548613 324.196662176 0.005 0.307 0.0 0.099173553719 58 242 94
259 14 -126.858799087 265.125163123 0.005 0.703 0.0 0.0222222222222 75 225 94
260 13 -137.913568947 287.234702844 0.005 0.406 0.0 0.0557939914163 67 233 94
261 7 -197.068877431 405.545319811 0.02 0.109 0.5 0.352348993289 2 298 94
262 11 -130.172169209 271.751903367 0.005 0.406 0.0416666666667 0.0833333333333 24 276 94
263 8 -106.218869722 223.845304393 0.005 0.604 0.0 0.0395256916996 47 253 94
264 3 -114.472445522 240.352455994 0.005 0.604 0.0 0.0243902439024 54 246 94
1519 17 -176.949093121 365.305751191 0.005 0.109 nan 0.27 0 300 94
1520 4 -142.296815881 296.001196712 0.005 0.703 0.0 0.0103092783505 106 194 94
1521 17 -156.019208196 323.445981341 0.005 0.307 0.0 0.075117370892 87 213 94
1523 14 -135.735446343 282.878457636 0.005 0.604 0.0 0.0146341463415 95 205 94
1524 11 -145.316356717 302.040278384 0.005 0.208 nan 0.16 0 300 94
1525 12 -163.540065204 338.487695358 0.005 0.208 nan 0.223333333333 0 300 94
1526 11 -123.010792675 257.4291503 0.005 0.505 0.0161290322581 0.0420168067227 62 238 94
1527 15 -167.106120743 345.619806434 0.005 0.208 0.0909090909091 0.231833910035 11 289 94
1528 2 -112.220619238 235.848803426 0.005 0.901 0.0 0.0126582278481 63 237 94
1529 2 -149.941157457 311.289879863 0.005 0.505 0.0 0.00584795321637 129 171 94
1530 15 -102.862952196 217.133469342 0.005 0.505 0.0 0.0528301886792 35 265 94
1531 10 -77.2610701602 165.92970527 0.005 1.0 0.0 0.00393700787402 46 254 94
1532 15 -91.2298059201 193.867176789 0.005 1.0 0.0 0.00816326530612 55 245 94
1533 22 -150.765348413 312.938261775 0.005 0.307 0.0 0.13309352518 22 278 94
1534 19 -168.612164609 348.631894167 0.005 0.208 0.0 0.122270742358 71 229 94
1535 15 -133.38465587 278.176876689 0.005 0.604 0.0 0.00502512562814 101 199 94
1536 5 -95.65807127 202.723707489 0.005 1.0 0.0 0.00829875518672 59 241 95
1537 12 -145.371570975 302.1507069 0.005 0.208 nan 0.183333333333 0 300 95
1538 32 -126.82015059 265.047866129 0.005 0.406 0.0 0.0488721804511 34 266 95
1539 24 -151.769624522 314.946813994 0.005 0.307 0.0 0.0604651162791 85 215 95
1540 8 -157.994714267 327.396993483 0.005 0.208 0.025 0.142307692308 40 260 95
1541 11 -176.08076334 363.569091629 0.005 0.109 0.047619047619 0.240143369176 21 279 95
1542 7 -166.377533065 344.162631078 0.005 0.208 0.0 0.137931034483 68 232 95
1543 7 -130.299037347 272.005639643 0.005 0.406 0.0 0.0534979423868 57 243 95
1544 13 -110.721520754 232.850606457 0.005 1.0 0.0 0.0 82 218 95
1545 25 -163.38779201 338.183148969 0.005 0.208 0.0 0.112068965517 68 232 95
1546 12 -88.8120926069 189.031750163 0.005 1.0 0.0 0.01171875 44 256 95
1547 23 -207.320661915 426.04888878 0.005 0.01 nan 0.466666666667 0 300 95
1549 27 -137.539391062 286.486347074 0.005 0.307 0.0833333333333 0.104166666667 12 288 95
1550 4 -146.634761577 304.677088104 0.005 0.505 0.0 0.0280373831776 86 214 95
1553 11 -130.344949535 272.09746402 0.005 0.406 0.0 0.0823529411765 45 255 95
140 11 -150.437865528 312.283296006 0.005 0.406 0.0 0.0344827586207 97 203 95
141 4 -134.050364964 279.508294878 0.005 0.505 0.0 0.0318181818182 80 220 95
142 10 -162.735632663 336.878830276 0.005 0.406 0.0 0.0273224043716 117 183 95
143 21 -188.572445676 388.552456301 0.005 0.109 nan 0.32 0 300 95
144 16 -150.865572071 313.138709092 0.005 0.505 0.0 0.0307692307692 105 195 95
145 10 -97.966784468 207.341133885 0.005 0.802 0.0 0.0200803212851 51 249 95
146 24 -169.168149103 349.743863155 0.005 0.208 0.0909090909091 0.194756554307 33 267 95
147 11 -159.561569278 330.530703506 0.005 0.208 0.0192307692308 0.141129032258 52 248 95
148 3 -159.102314188 329.612193326 0.005 0.208 0.0 0.18661971831 16 284 95
149 5 -166.297209449 344.001983847 0.005 0.208 nan 0.226666666667 0 300 95
150 25 -177.656609755 366.720784459 0.005 0.307 0.0 0.0362694300518 107 193 95
151 21 -119.581379215 250.570323379 0.005 0.802 0.0 0.00896860986547 77 223 95
152 9 -110.376837688 232.161240325 0.005 0.505 0.0212765957447 0.0592885375494 47 253 95
153 15 -189.499117408 390.405799765 0.005 0.109 nan 0.31 0 300 95
154 3 -155.26734567 321.942256289 0.005 0.208 nan 0.2 0 300 95
155 0 -143.448673697 298.304912344 0.005 0.505 0.0 0.0234741784038 87 213 95
157 8 -175.66599981 362.739564568 0.005 0.208 0.0952380952381 0.215053763441 21 279 95
158 9 -121.165926971 253.739418891 0.005 0.703 0.0 0.018018018018 78 222 95
159 15 -178.588365163 368.584295275 0.005 0.307 0.0 0.0129032258065 145 155 95
160 29 -162.304379573 336.016324095 0.005 0.307 0.0 0.0776699029126 94 206 95
161 4 -153.016368116 317.440301181 0.005 0.604 0.0 0.0 130 170 95
162 19 -199.535278295 410.47812154 0.03 0.109 nan 0.373333333333 0 300 95
163 3 -167.914982888 347.237530725 0.005 0.208 0.0 0.161943319838 53 247 95
164 2 -137.918565701 287.24469635 0.005 0.307 0.0227272727273 0.09375 44 256 95
165 12 -193.436305975 398.2801769 0.005 0.109 nan 0.33 0 300 95
166 1 -181.084301122 373.576167193 0.005 0.208 0.0 0.109375 108 192 95
168 37 -137.022706279 285.452977508 0.005 0.406 0.0 0.0524193548387 52 248 95
170 12 -171.539210001 354.485984951 0.005 0.208 0.0 0.229390681004 21 279 95
171 5 -160.464185016 332.33593498 0.005 0.307 0.0 0.0625 108 192 95
172 9 -151.878204791 315.163974531 0.005 0.208 0.5 0.181208053691 2 298 95
173 5 -150.541736048 312.491037045 0.005 0.307 0.0 0.104417670683 51 249 95
174 1 -163.017121931 337.441808812 0.005 0.208 0.0666666666667 0.177777777778 30 270 95
175 12 -148.416874956 308.241314861 0.005 0.505 0.0 0.0144230769231 92 208 95
176 21 -169.80478321 351.01713137 0.005 0.208 0.5 0.238255033557 2 298 95
177 40 -195.126376565 401.66031808 0.025 0.109 1.0 0.354515050167 1 299 95
178 8 -104.129250122 219.666065193 0.005 0.802 0.0 0.0204918032787 56 244 95
179 4 -166.615871181 344.639307312 0.005 0.208 0.0 0.0976744186047 85 215 95
180 8 -156.53700174 324.48156843 0.005 0.208 nan 0.2 0 300 95
181 4 -180.447147414 372.301859778 0.005 0.109 nan 0.276666666667 0 300 95
183 5 -139.509320888 290.426206726 0.005 0.307 0.0222222222222 0.0941176470588 45 255 95
184 3 -165.934089209 343.275743367 0.005 0.307 0.0 0.0742574257426 98 202 95
185 7 -129.662980346 270.733525641 0.005 0.604 0.0 0.00904977375566 79 221 95
186 11 -126.520930285 264.44942552 0.005 0.604 0.0 0.00934579439252 86 214 95
187 8 -127.793659623 266.994884196 0.005 0.406 0.0 0.0643776824034 67 233 95
188 20 -161.134122947 333.675810844 0.005 0.208 0.0 0.179389312977 38 262 95
189 3 -136.220404947 283.848374844 0.005 0.604 0.0 0.010101010101 102 198 95
190 32 -195.075675822 401.558916594 0.02 0.109 nan 0.356666666667 0 300 95
192 7 -188.164477974 387.736520897 0.005 0.208 0.0 0.021897810219 163 137 95
193 2 -166.773179253 344.953923455 0.005 0.208 0.0 0.118721461187 81 219 95
194 9 -137.40855121 286.22466737 0.005 0.406 0.0 0.0912863070539 59 241 95
195 9 -148.692636953 308.792838856 0.005 0.307 0.0 0.0926640926641 41 259 95
196 0 -143.93030867 299.268182288 0.005 0.208 nan 0.176666666667 0 300 95
197 23 -161.147390102 333.702345154 0.005 0.307 0.0 0.0932203389831 64 236 95
198 8 -162.368342083 336.144249116 0.005 0.406 0.0 0.0115606936416 127 173 95
199 11 -158.250022266 327.907609482 0.005 0.208 0.166666666667 0.19387755102 6 294 95
200 22 -141.031819332 293.471203614 0.005 0.406 0.0 0.05 80 220 95
202 17 -149.94965036 311.306865669 0.005 0.406 0.0 0.0616740088106 73 227 95
203 7 -105.564473258 222.536511466 0.005 0.505 0.0 0.0629370629371 14 286 95
204 22 -178.88916514 369.185895229 0.005 0.208 0.0 0.113300492611 97 203 95
206 32 -141.863316078 295.134197105 0.005 0.307 0.0555555555556 0.156028368794 18 282 95
207 6 -105.051349837 221.510264623 0.005 0.802 0.0 0.0362903225806 52 248 95
208 34 -174.242778496 359.893121942 0.005 0.109 nan 0.263333333333 0 300 95
212 1 -132.379268106 276.166101162 0.005 0.307 0.0 0.0876494023904 49 251 95
213 18 -207.851460243 427.110485436 0.205 0.01 0.72 0.509090909091 25 275 95
215 8 -119.325597589 250.058760128 0.005 0.505 0.0 0.056 50 250 95
216 1 -130.399402842 272.206370632 0.005 0.703 0.0 0.0139534883721 85 215 95
217 16 -178.232282183 367.872129316 0.005 0.208 0.0 0.197026022305 31 269 95
218 3 -155.095821843 321.599208635 0.005 0.208 0.0 0.142307692308 40 260 95
220 26 -131.509881895 274.427328739 0.005 0.505 0.013698630137 0.0396475770925 73 227 95
221 3 -94.5799561137 200.567477177 0.005 1.0 0.0 0.0 67 233 95
223 15 -140.33577873 292.07912241 0.005 0.604 0.0 0.00492610837438 97 203 95
225 4 -178.363504444 368.134573838 0.005 0.208 0.0 0.0855614973262 113 187 95
226 22 -157.22351137 325.85458769 0.005 0.307 0.0 0.0883720930233 85 215 95
227 39 -148.341373786 308.090312522 0.005 0.208 0.25 0.172297297297 4 296 95
228 12 -136.450061413 284.307687775 0.005 0.406 0.0 0.0703703703704 30 270 95
229 16 -147.900442071 307.208449091 0.005 0.307 0.0833333333333 0.142361111111 12 288 95
230 8 -110.69305208 232.793669108 0.005 0.901 0.0 0.0165975103734 59 241 95
231 40 -160.584315939 332.576196828 0.005 0.208 0.0 0.115702479339 58 242 95
232 7 -155.06062907 321.528823088 0.005 0.307 0.0114942528736 0.0704225352113 87 213 95
234 8 -145.170160036 301.747885022 0.005 0.406 0.0294117647059 0.0689655172414 68 232 95
235 11 -139.173838266 289.755241481 0.005 0.406 0.0 0.0645161290323 52 248 95
236 12 -178.93324387 369.274052689 0.005 0.109 nan 0.276666666667 0 300 95
237 3 -159.703835317 330.815235583 0.005 0.505 0.00826446280992 0.0167597765363 121 179 95
238 25 -160.764412067 332.936389084 0.005 0.208 nan 0.226666666667 0 300 95
240 3 -154.393491278 320.194547505 0.005 0.406 0.0 0.00584795321637 129 171 95
241 4 -159.914960528 331.237486005 0.005 0.307 0.0 0.101769911504 74 226 95
242 7 -165.312083839 342.031732628 0.005 0.307 0.0 0.0833333333333 96 204 95
243 13 -169.408136279 350.223837506 0.005 0.208 0.0 0.18875502008 51 249 95
244 28 -168.415960011 348.239484971 0.005 0.307 0.0 0.0772946859903 93 207 95
245 9 -165.11513712 341.637839189 0.005 0.208 0.0 0.219931271478 9 291 95
247 15 -155.665805493 322.739175936 0.005 0.406 0.0 0.0398009950249 99 201 95
248 35 -164.81915691 341.04587877 0.005 0.208 0.0 0.164285714286 20 280 95
253 4 -164.467071958 340.341708865 0.005 0.307 0.0 0.101769911504 74 226 95
256 10 -139.130972563 289.669510075 0.005 0.307 0.0 0.0943396226415 35 265 95
257 24 -164.342252828 340.092070604 0.005 0.307 0.0 0.0717703349282 91 209 95
258 8 -181.789246465 374.98605788 0.005 0.208 0.0 0.158798283262 67 233 95
259 14 -154.951066061 321.309697071 0.005 0.406 0.0 0.0285714285714 125 175 95
260 13 -128.319506781 268.046578511 0.005 0.307 0.0 0.106529209622 9 291 95
261 7 -187.520972644 386.449510238 0.005 0.109 nan 0.31 0 300 95
262 11 -104.748349065 220.904263078 0.005 0.505 0.0 0.0622710622711 27 273 95
263 8 -149.507895187 310.423355323 0.005 0.307 0.0 0.0727272727273 80 220 95
264 3 -138.542840737 288.493246424 0.005 0.505 0.0 0.0328638497653 87 213 95
1519 17 -159.464030814 330.335626576 0.005 0.208 0.166666666667 0.200680272109 6 294 95
1520 4 -147.874509628 307.156584205 0.005 0.604 0.0 0.0 129 171 95
1521 17 -114.133893693 239.675352336 0.005 0.604 0.0 0.032 50 250 95
1523 14 -181.087853616 373.583272182 0.005 0.109 0.0 0.2156133829 31 269 95
1524 11 -162.57309973 336.553764409 0.005 0.208 0.0 0.112 50 250 95
1525 12 -143.87759899 299.16276293 0.005 0.307 0.0 0.111969111969 41 259 95
1526 11 -147.354233315 306.116031578 0.005 0.604 0.0 0.0 108 192 95
1527 15 -172.851767748 357.111100445 0.005 0.109 0.333333333333 0.23569023569 3 297 95
1528 2 -169.247279484 349.902123917 0.005 0.208 nan 0.233333333333 0 300 95
1529 2 -136.617199946 284.64196484 0.005 0.604 0.0 0.0188679245283 88 212 95
1530 15 -152.668749896 316.74506474 0.005 0.208 0.0952380952381 0.154121863799 21 279 95
1531 10 -147.09747363 305.602512209 0.005 0.307 0.0 0.120141342756 17 283 95
1532 15 -131.092211572 273.591988093 0.005 0.505 0.0 0.0434782608696 70 230 95
1533 22 -154.500574796 320.408714541 0.005 0.307 0.0 0.126016260163 54 246 95
1534 19 -181.55989401 374.527352969 0.005 0.109 nan 0.283333333333 0 300 95
1535 15 -179.783846742 370.975258432 0.005 0.208 0.0126582278481 0.16742081448 79 221 95
1536 5 -130.872816657 273.153198263 0.005 0.604 0.0128205128205 0.0225225225225 78 222 96
1537 12 -183.324490184 378.056545317 0.005 0.208 0.0 0.127659574468 112 188 96
1538 32 -135.339344649 282.086254247 0.005 0.604 0.0 0.0145631067961 94 206 96
1539 24 -156.965455925 325.338476799 0.005 0.406 0.0172413793103 0.0271739130435 116 184 96
1540 8 -155.419841186 322.247247322 0.005 0.208 1.0 0.210702341137 1 299 96
1541 11 -179.102211057 369.611987064 0.005 0.109 nan 0.28 0 300 96
1542 7 -163.210025201 337.827615351 0.005 0.208 0.0 0.141078838174 59 241 96
1543 7 -127.817460887 267.042486724 0.005 0.505 0.0 0.0343347639485 67 233 96
1544 13 -91.8684732004 195.14451135 0.005 1.0 0.0 0.0 63 237 96
1545 25 -157.756873667 326.921312282 0.005 0.307 0.0172413793103 0.107438016529 58 242 96
1546 12 -105.86403085 223.13562665 0.005 0.901 0.0 0.00806451612903 52 248 96
1547 23 -207.484017662 426.375600274 0.005 0.01 nan 0.47 0 300 96
1549 27 -158.144707214 327.696979378 0.005 0.307 0.0 0.0851063829787 65 235 96
1550 4 -175.901698757 363.210962463 0.005 0.208 0.0 0.0864864864865 115 185 96
1553 11 -149.938896364 311.285357678 0.005 0.307 0.0 0.114503816794 38 262 96
140 11 -135.004793682 281.417152313 0.005 0.604 0.0 0.0 102 198 96
141 4 -153.757909535 318.923384019 0.005 0.505 0.0 0.0169491525424 123 177 96
142 10 -162.467896127 336.343357204 0.005 0.208 0.0181818181818 0.14693877551 55 245 96
143 21 -180.292277624 371.992120197 0.005 0.109 nan 0.273333333333 0 300 96
144 16 -124.719395979 260.846356908 0.005 0.604 0.0 0.0222222222222 75 225 96
145 10 -108.15009995 227.707764849 0.005 0.703 0.0 0.0248962655602 59 241 96
146 24 -138.582758675 288.5730823 0.005 0.307 0.037037037037 0.0989010989011 27 273 96
147 11 -160.002307887 331.412180723 0.005 0.208 0.046511627907 0.124513618677 43 257 96
148 3 -171.468927419 354.345419787 0.005 0.208 0.0 0.185483870968 52 248 96
149 5 -129.913382835 271.23433062 0.005 0.604 0.0 0.0178571428571 76 224 96
150 25 -156.352202412 324.111969774 0.005 0.505 0.0 0.00571428571429 125 175 96
151 21 -139.328866568 290.065298086 0.005 0.604 0.0 0.00947867298578 89 211 96
152 9 -157.999806053 327.407177055 0.005 0.406 0.0 0.044776119403 99 201 96
153 15 -189.990839324 391.389243598 0.005 0.109 nan 0.323333333333 0 300 96
154 3 -158.933718661 329.275002272 0.005 0.208 0.02 0.132 50 250 96
155 0 -117.691981744 246.791528437 0.005 0.406 0.0 0.080985915493 16 284 96
157 8 -165.02072205 341.449009048 0.005 0.208 0.0 0.161290322581 52 248 96
158 9 -132.114341548 275.636248044 0.005 0.604 0.0 0.0226244343891 79 221 96
159 15 -148.238497376 307.884559702 0.005 0.406 0.00980392156863 0.0505050505051 102 198 96
160 29 -159.311016737 330.029598423 0.005 0.307 0.0 0.111111111111 48 252 96
161 4 -111.729556359 234.866677668 0.005 0.703 0.0 0.0184331797235 83 217 96
162 19 -193.567695523 398.542955995 0.015 0.109 nan 0.346666666667 0 300 96
163 3 -130.447993297 272.303551543 0.005 0.604 0.0 0.00975609756098 95 205 96
164 2 -168.360149213 348.127863376 0.005 0.208 0.0 0.153225806452 52 248 96
165 12 -184.657587277 380.722739502 0.005 0.109 nan 0.283333333333 0 300 96
166 1 -168.593412295 348.594389538 0.005 0.208 nan 0.233333333333 0 300 96
168 37 -163.128687996 337.664940942 0.005 0.208 0.0 0.13358778626 38 262 96
170 12 -162.720230019 336.848024987 0.005 0.208 0.0 0.153284671533 26 274 96
171 5 -119.507326083 250.422217115 0.005 0.604 0.0 0.0135746606335 79 221 96
172 9 -138.182158862 287.771882674 0.005 0.505 0.0 0.0319634703196 81 219 96
173 5 -166.81361457 345.034794089 0.005 0.406 0.0 0.0116959064327 129 171 96
174 1 -188.284842301 387.97724955 0.005 0.208 0.0 0.105882352941 130 170 96
175 12 -159.256059025 329.919683 0.005 0.406 0.0 0.0348258706468 99 201 96
176 21 -180.264735235 371.937035419 0.005 0.109 nan 0.29 0 300 96
177 40 -195.339400149 402.086365248 0.02 0.109 1.0 0.351170568562 1 299 96
178 8 -118.012950036 247.433465021 0.005 0.505 0.0 0.0433070866142 46 254 96
179 4 -167.966853189 347.341271327 0.005 0.208 0.0 0.174545454545 25 275 96
180 8 -173.852499673 359.112564295 0.005 0.109 nan 0.253333333333 0 300 96
181 4 -181.175017309 373.757599568 0.005 0.109 0.2 0.267796610169 5 295 96
183 5 -186.873367792 385.154300534 0.005 0.208 0.0 0.0680272108844 153 147 96
184 3 -178.826687017 369.060938983 0.005 0.208 0.0 0.0697674418605 128 172 96
185 7 -142.742100122 296.891765193 0.005 0.604 0.0 0.00515463917526 106 194 96
186 11 -116.374070588 244.155706126 0.005 0.505 0.0 0.0493827160494 57 243 96
187 8 -147.884839227 307.177243404 0.005 0.307 0.0 0.0823529411765 45 255 96
188 20 -170.207216234 351.821997417 0.005 0.208 0.0 0.185873605948 31 269 96
189 3 -169.328143908 350.063852766 0.005 0.208 nan 0.233333333333 0 300 96
190 32 -205.598268038 422.604101025 0.05 0.109 0.2 0.403571428571 20 280 96
192 7 -176.583379585 364.574324118 0.005 0.109 nan 0.27 0 300 96
193 2 -111.754995703 234.917556355 0.005 0.703 0.0 0.017094017094 66 234 96
194 9 -125.529315031 262.466195011 0.005 0.505 0.0 0.0269058295964 77 223 96
195 9 -163.488558377 338.384681703 0.005 0.307 0.0 0.0735294117647 96 204 96
196 0 -141.15585913 293.71928321 0.005 0.703 0.0 0.0 115 185 96
197 23 -183.96645862 379.34048219 0.005 0.109 nan 0.3 0 300 96
198 8 -113.841893326 239.091351601 0.005 0.505 0.0 0.0433070866142 46 254 96
199 11 -113.57810198 238.563768908 0.005 0.802 0.0 0.0134529147982 77 223 96
200 22 -142.690216672 296.787998293 0.005 0.505 0.0 0.0341463414634 95 205 96
202 17 -173.700500674 358.808566298 0.005 0.109 1.0 0.23745819398 1 299 96
203 7 -132.580042756 276.567650462 0.005 0.307 0.08 0.109090909091 25 275 96
204 22 -135.371549831 282.150664612 0.005 0.406 0.0 0.0593220338983 64 236 96
206 32 -137.448700156 286.304965261 0.005 0.505 0.0 0.0185185185185 84 216 96
207 6 -124.49143216 260.390429269 0.005 0.604 0.0133333333333 0.0355555555556 75 225 96
208 34 -107.71062081 226.82880657 0.005 0.802 0.0 0.0130434782609 70 230 96
212 1 -139.506002665 290.41957028 0.005 0.307 0.0 0.0912698412698 48 252 96
213 18 -206.063274039 423.534113027 0.205 0.109 0.52380952381 0.453488372093 42 258 96
215 8 -126.254736332 263.917037614 0.005 0.604 0.0133333333333 0.04 75 225 96
216 1 -170.531679063 352.470923076 0.005 0.307 0.0 0.0829015544041 107 193 96
217 16 -165.481479176 342.370523301 0.005 0.208 0.25 0.219594594595 4 296 96
218 3 -160.874454838 333.156474625 0.005 0.208 0.0 0.18661971831 16 284 96
220 26 -136.748170102 284.903905154 0.005 0.505 0.0121951219512 0.0321100917431 82 218 96
221 3 -175.515602733 362.438770415 0.005 0.109 0.0 0.240418118467 13 287 96
223 15 -125.594734571 262.59703409 0.005 0.505 0.0 0.0264317180617 73 227 96
225 4 -170.293080811 351.993726572 0.005 0.307 0.0 0.0980392156863 96 204 96
226 22 -142.483406162 296.374377273 0.005 0.307 0.0 0.0783582089552 32 268 96
227 39 -153.621768277 318.651101503 0.005 0.406 0.0 0.0168539325843 122 178 96
228 12 -152.288079797 315.983724543 0.005 0.406 0.0 0.0251256281407 101 199 96
229 16 -146.251654114 303.910873177 0.005 0.208 nan 0.173333333333 0 300 96
230 8 -111.062910815 233.53338658 0.005 0.604 0.0 0.0470588235294 45 255 96
231 40 -115.724323157 242.856211262 0.005 0.505 0.0 0.0566801619433 53 247 96
232 7 -160.372033793 332.151632536 0.005 0.307 0.0 0.0526315789474 110 190 96
234 8 -94.2965983907 200.000761731 0.005 0.703 0.0 0.0294117647059 28 272 96
235 11 -126.441229637 264.290024224 0.005 0.307 nan 0.16 0 300 96
236 12 -162.324586448 336.056737845 0.005 0.307 0.0 0.101382488479 83 217 96
237 3 -152.663018264 316.733601477 0.005 0.406 0.0133333333333 0.0622222222222 75 225 96
238 25 -155.228450117 321.864465183 0.005 0.307 0.0140845070423 0.0742358078603 71 229 96
240 3 -139.654884224 290.717333397 0.005 0.406 0.0 0.0535714285714 76 224 96
241 4 -130.943918119 273.295401188 0.005 0.307 nan 0.126666666667 0 300 96
242 7 -134.373379521 280.154323991 0.005 0.604 0.0 0.0231481481481 84 216 96
243 13 -162.70628317 336.820131289 0.005 0.307 0.0 0.0520833333333 108 192 96
244 28 -187.819927894 387.047420737 0.005 0.109 0.0 0.255474452555 26 274 96
245 9 -129.206822452 269.821209852 0.005 0.406 0.0 0.0708955223881 32 268 96
247 15 -136.443515674 284.294596296 0.005 0.406 0.0 0.0363636363636 80 220 96
248 35 -167.726397202 346.860359353 0.01 0.208 nan 0.246666666667 0 300 96
253 4 -134.322428836 280.052422621 0.005 0.703 0.0 0.00487804878049 95 205 96
256 10 -137.587085884 286.581736717 0.005 0.505 0.0 0.037037037037 84 216 96
257 24 -125.573995734 262.555556418 0.005 0.505 0.0 0.0406504065041 54 246 96
258 8 -157.089303817 325.586172583 0.005 0.406 0.0 0.0322580645161 114 186 96
259 14 -126.717162691 264.84189033 0.005 0.703 0.0 0.00492610837438 97 203 96
260 13 -184.90613987 381.219844689 0.005 0.208 0.00862068965517 0.0978260869565 116 184 96
261 7 -190.93086341 393.269291769 0.005 0.109 nan 0.326666666667 0 300 96
