1536 5 -142.435504554 290.574791582 0.1434 1
1537 12 -155.288011907 316.27980629 0.1318 1
1538 32 -173.013517761 351.730817996 0.097 1
1539 24 -143.468840211 292.641462897 0.1434 1
1540 8 -162.713746957 331.131276389 0.1144 1
1541 11 -167.692601881 341.088986236 0.1086 1
1542 7 -150.431758078 306.567298631 0.126 1
1543 7 -128.984904899 263.673592273 0.1608 1
1544 13 -131.64025814 268.984298755 0.1608 1
1545 25 -164.347178859 334.398140192 0.1144 1
1546 12 -132.292196786 270.288176047 0.1434 1
1547 23 -206.450363487 418.60450945 0.0216 1
1549 27 -157.963830392 321.631443258 0.1202 1
1550 4 -163.316221474 332.336225423 0.1086 1
1553 11 -157.164859847 320.033502168 0.1144 1
140 11 -105.164062978 216.03190843 0.1782 1
141 4 -128.405942375 262.515667224 0.1666 1
142 10 -113.96254996 233.628882395 0.1608 1
143 21 -190.280020489 386.263823453 0.068 1
144 16 -103.690410918 213.08460431 0.1898 1
145 10 -140.973892193 287.65156686 0.1376 1
146 24 -153.929567635 313.562917745 0.1202 1
147 11 -162.98596177 331.675706015 0.1202 1
148 3 -165.001746957 335.707276389 0.1144 1
149 5 -142.678586867 291.06095621 0.1376 1
150 25 -162.230221474 330.164225423 0.1086 1
151 21 -156.185996044 318.075774563 0.1144 1
152 9 -111.407458495 228.518699464 0.1956 1
153 15 -188.068971778 381.841726031 0.0738 1
154 3 -153.09727433 311.898331134 0.1318 1
155 0 -127.020051655 259.743885785 0.155 1
157 8 -155.801770064 317.307322602 0.126 1
158 9 -103.522461593 212.748705661 0.1376 1
159 15 -107.103199022 219.910180519 0.1608 1
160 29 -96.0527537529 197.80928998 0.1956 1
161 4 -112.906861236 231.517504947 0.1608 1
162 19 -189.895964901 385.495712276 0.0622 1
163 3 -150.658902647 307.021587769 0.126 1
164 2 -142.156987374 290.017757223 0.1492 1
165 12 -151.340336356 308.384455186 0.126 1
166 1 -152.224536752 310.152855979 0.1318 1
168 37 -133.487819947 272.679422369 0.1434 1
170 12 -169.854223581 345.412229637 0.1028 1
171 5 -121.541567931 248.786918337 0.155 1
172 9 -153.633191786 312.970166047 0.126 1
173 5 -131.704836782 269.113456039 0.1376 1
174 1 -155.286711995 316.277206464 0.1144 1
175 12 -116.862117701 239.428017876 0.1782 1
176 21 -174.219655872 354.143094218 0.097 1
177 40 -207.628956606 420.961695688 0.01 1
178 8 -144.470501067 294.64478461 0.1434 1
179 4 -161.979599106 329.662980686 0.1144 1
180 8 -161.144221474 327.992225423 0.1086 1
181 4 -171.073517761 347.850817996 0.097 1
183 5 -123.243705353 252.19119318 0.1666 1
184 3 -163.4957524 332.695287275 0.1086 1
185 7 -112.347140101 230.398062676 0.1782 1
186 11 -119.876591996 245.456966467 0.1492 1
187 8 -132.864455952 271.432694379 0.155 1
188 20 -165.954683739 337.613149953 0.1028 1
189 3 -161.78396177 329.271706015 0.1202 1
190 32 -187.945848802 381.595480079 0.0738 1
192 7 -154.165589531 314.034961537 0.1202 1
193 2 -149.806721147 305.317224768 0.1318 1
194 9 -97.5516090401 200.807000555 0.1724 1
195 9 -165.08796477 335.879712015 0.1086 1
196 0 -134.381059626 274.465901727 0.1376 1
197 23 -194.905723467 395.515229409 0.0564 1
198 8 -102.68470292 211.073188315 0.1724 1
199 11 -147.788047112 301.279876698 0.126 1
200 22 -128.239557191 262.182896856 0.1666 1
202 17 -173.982419888 353.66862225 0.1028 1
203 7 -131.591478317 268.886739109 0.1492 1
204 22 -136.161857643 278.02749776 0.1434 1
206 32 -124.298585521 254.300953517 0.1724 1
207 6 -103.576702868 212.857188211 0.184 1
208 34 -145.870508413 297.444799302 0.1318 1
212 1 -140.432182841 286.568148157 0.1434 1
213 18 -209.628956606 424.961695688 0.01 1
215 8 -128.289350503 262.282483481 0.1434 1
216 1 -116.805260582 239.314303639 0.155 1
217 16 -152.870196302 311.444175078 0.1318 1
218 3 -148.061245991 301.826274457 0.1318 1
220 26 -101.733136997 209.170056469 0.1608 1
221 3 -150.251983569 306.207749612 0.1318 1
223 15 -114.62773306 234.959248595 0.1782 1
225 4 -147.251734106 300.207250687 0.126 1
226 22 -146.873179719 299.450141913 0.1202 1
227 39 -163.56932766 332.842437794 0.1086 1
228 12 -125.547208248 256.798198972 0.1724 1
229 16 -133.230921296 272.165625067 0.1318 1
230 8 -86.5512517007 178.806285876 0.213 1
231 40 -146.104833239 297.913448952 0.1434 1
232 7 -144.845624941 295.395032356 0.1376 1
234 8 -122.542687072 250.789156618 0.155 1
235 11 -149.379245991 304.462274457 0.1318 1
236 12 -192.320020489 390.343823453 0.068 1
237 3 -165.116421813 335.936626101 0.1028 1
238 25 -145.818135309 297.340053092 0.1376 1
240 3 -120.099969477 245.90372143 0.1608 1
241 4 -162.277896081 330.259574636 0.1202 1
242 7 -102.414745647 210.533273769 0.184 1
243 13 -158.42463748 322.553057435 0.126 1
244 28 -175.325393302 356.354569079 0.097 1
245 9 -160.835599106 327.374980686 0.1144 1
247 15 -152.491545739 310.686873952 0.1202 1
248 35 -184.378233921 374.460250318 0.0738 1
253 4 -119.086398743 243.87657996 0.184 1
256 10 -132.594093766 270.891970006 0.1434 1
257 24 -134.993846875 275.691476225 0.1608 1
258 8 -163.497640487 332.699063448 0.097 1
259 14 -86.4406385346 178.585059544 0.213 1
260 13 -157.727808495 321.159399465 0.1202 1
261 7 -171.926419888 349.55662225 0.1028 1
262 11 -144.87116541 295.446113295 0.1434 1
263 8 -118.810366336 243.324515148 0.1608 1
264 3 -107.210558802 220.124900078 0.2014 1
1519 17 -156.028914633 317.761611741 0.126 1
1520 4 -142.70850485 291.120792175 0.1376 1
1521 17 -164.143536509 333.990855493 0.1028 1
1523 14 -161.650433845 329.004650164 0.1086 1
1524 11 -161.569746957 328.843276389 0.1144 1
1525 12 -158.792690549 323.289163572 0.1086 1
1526 11 -131.217813374 268.139409222 0.155 1
1527 15 -143.066135309 291.836053092 0.1376 1
1528 2 -134.251103964 274.205990403 0.1434 1
1529 2 -120.320609683 246.345001841 0.1608 1
1530 15 -128.654542903 263.01286828 0.1434 1
1531 10 -133.537221506 272.778225487 0.1318 1
1532 15 -101.360011887 208.423806248 0.1376 1
1533 22 -116.1081433 237.920069074 0.1782 1
1534 19 -170.099076352 345.901935178 0.1028 1
1535 15 -164.07554003 333.854862534 0.1086 1
1536 5 -147.17961478 300.063012035 0.1318 2
1537 12 -166.666519967 339.036822408 0.1028 2
1538 32 -171.143272658 347.990327791 0.1028 2
1539 24 -137.245177957 280.194138389 0.155 2
1540 8 -154.188196302 314.080175078 0.1318 2
1541 11 -169.034327206 343.772436887 0.0912 2
1542 7 -152.215643119 310.135068712 0.1318 2
1543 7 -130.730493634 267.164769743 0.1608 2
1544 13 -139.324047233 284.35187694 0.1492 2
1545 25 -164.402221474 334.508225423 0.1086 2
1546 12 -126.906327558 259.516437592 0.1666 2
1547 23 -204.594399624 414.892581723 0.0274 2
1549 27 -157.727808495 321.159399465 0.1202 2
1550 4 -155.90463748 317.513057435 0.126 2
1553 11 -155.801770064 317.307322602 0.126 2
140 11 -102.950434841 211.604652156 0.1956 2
141 4 -138.02361011 281.751002695 0.1492 2
142 10 -115.009903201 235.723588877 0.1608 2
143 21 -194.856290771 395.416364017 0.0622 2
144 16 -106.708914994 219.121612463 0.1724 2
145 10 -126.853228279 259.410239033 0.1608 2
146 24 -154.41527433 314.534331134 0.1318 2
147 11 -156.805611428 319.31500533 0.1202 2
148 3 -167.692601881 341.088986236 0.1086 2
149 5 -154.165589531 314.034961537 0.1202 2
150 25 -150.603370567 306.91052361 0.1202 2
151 21 -153.163848192 312.031478859 0.1144 2
152 9 -121.018845177 247.741472828 0.1608 2
153 15 -195.465926363 396.635635201 0.0564 2
154 3 -148.031032555 301.765847586 0.1376 2
155 0 -134.963336811 275.630456097 0.155 2
157 8 -158.197492911 322.098768296 0.126 2
158 9 -108.284746448 222.27327537 0.184 2
159 15 -102.676992805 211.057768084 0.2072 2
160 29 -98.7144141323 203.132610739 0.184 2
161 4 -98.2190681801 202.141918835 0.2014 2
162 19 -177.054153184 359.812088842 0.0854 2
163 3 -153.633191786 312.970166047 0.126 2
164 2 -139.799511526 285.302805527 0.1434 2
165 12 -171.506767544 348.717317563 0.097 2
166 1 -148.867929802 303.439642079 0.1376 2
168 37 -129.857699267 265.419181008 0.1608 2
170 12 -166.998880045 339.701542565 0.1028 2
171 5 -132.315575093 270.33493266 0.155 2
172 9 -153.963203772 313.630190019 0.126 2
173 5 -133.682614806 273.069012087 0.155 2
174 1 -156.805611428 319.31500533 0.1202 2
175 12 -113.3751657 232.454113875 0.1782 2
176 21 -168.019283325 341.742349126 0.1086 2
177 40 -208.278749528 422.261281532 0.01 2
178 8 -141.83450804 289.372798555 0.1434 2
179 4 -165.326042661 336.355867797 0.1144 2
180 8 -158.073215758 321.850213991 0.126 2
181 4 -169.821830969 345.347444412 0.1028 2
183 5 -126.407172007 258.518126489 0.1666 2
184 3 -162.48332766 330.670437794 0.1086 2
185 7 -117.544275241 240.792332956 0.1434 2
186 11 -119.246164617 244.196111709 0.1666 2
187 8 -130.942022646 267.587827767 0.1608 2
188 20 -151.342905541 308.389593557 0.1318 2
189 3 -154.873655221 315.451092916 0.1202 2
190 32 -193.04054833 391.784879134 0.0622 2
192 7 -160.101451254 325.906684982 0.1144 2
193 2 -148.49761478 302.699012035 0.1318 2
194 9 -90.574117645 186.852017765 0.2304 2
195 9 -166.17396477 338.051712015 0.1086 2
196 0 -143.814462374 293.332707223 0.1376 2
197 23 -187.207848802 380.119480079 0.0738 2
198 8 -108.170905346 222.045593167 0.1782 2
199 11 -136.491107091 278.685996657 0.1492 2
200 22 -126.022585521 257.748953517 0.1724 2
202 17 -168.705026621 343.113835717 0.1086 2
203 7 -137.012100248 279.727982971 0.1492 2
204 22 -131.94965452 269.603091514 0.155 2
206 32 -130.067945847 265.839674168 0.126 2
207 6 -108.043018326 221.789819127 0.155 2
208 34 -160.835599106 327.374980686 0.1144 2
212 1 -141.199172987 288.10212845 0.1492 2
213 18 -208.228956606 422.161695688 0.01 2
215 8 -118.841087224 243.385956924 0.1608 2
216 1 -122.72460183 251.152986135 0.1608 2
217 16 -162.634167204 330.972116883 0.1144 2
218 3 -155.367589531 316.438961537 0.1202 2
220 26 -98.7811685742 203.266119623 0.1782 2
221 3 -155.345699013 316.395180501 0.1202 2
223 15 -102.972843829 211.649470133 0.1898 2
225 4 -148.740826266 303.185435007 0.1434 2
226 22 -157.454536151 320.612854776 0.1144 2
227 39 -163.69261076 333.089003994 0.1144 2
228 12 -129.819298157 265.342378788 0.1608 2
229 16 -124.921170796 255.546124066 0.155 2
230 8 -88.3439929534 182.391768381 0.2014 2
231 40 -145.399686686 296.503155846 0.1376 2
232 7 -138.79785067 283.299483815 0.1434 2
234 8 -111.337784259 228.379350992 0.1782 2
235 11 -146.864256867 299.432296209 0.1376 2
236 12 -193.446868315 392.597519105 0.0564 2
237 3 -132.692861129 271.089504732 0.1434 2
238 25 -155.109677117 315.923136708 0.1202 2
240 3 -121.217532138 248.13884675 0.1492 2
241 4 -156.483203772 318.670190019 0.126 2
242 7 -108.428148627 222.560079728 0.184 2
243 13 -154.188196302 314.080175078 0.1318 2
244 28 -170.604978198 346.913738872 0.1028 2
245 9 -151.567480925 308.838744325 0.126 2
247 15 -151.561089935 308.825962345 0.1318 2
248 35 -191.947321005 389.598424484 0.0622 2
253 4 -109.258450831 224.220684137 0.155 2
256 10 -146.743245991 299.190274457 0.1318 2
257 24 -129.554751311 264.813285096 0.1434 2
258 8 -165.246462908 336.196708291 0.1144 2
259 14 -95.4537056204 196.611193715 0.2014 2
260 13 -154.087480925 313.878744325 0.126 2
261 7 -192.283449784 390.270682043 0.0622 2
262 11 -142.977565128 291.65891273 0.1376 2
263 8 -117.20602643 240.115835334 0.1724 2
264 3 -100.682121884 207.068026242 0.1724 2
1519 17 -159.367303402 324.438389279 0.1144 2
1520 4 -126.268109883 258.24000224 0.1608 2
1521 17 -155.677492911 317.058768296 0.126 2
1523 14 -153.751827513 313.207437501 0.1318 2
1524 11 -155.677492911 317.058768296 0.126 2
1525 12 -167.688141786 341.080066047 0.097 2
1526 11 -143.025217652 291.75421778 0.1318 2
1527 15 -156.311677117 318.327136708 0.1202 2
1528 2 -119.660007459 245.023797392 0.184 2
1529 2 -120.745779433 247.195341341 0.1666 2
1530 15 -108.381291643 222.466365761 0.1492 2
1531 10 -130.730493634 267.164769743 0.1608 2
1532 15 -101.655923014 209.015628502 0.1956 2
1533 22 -113.708558827 233.120900128 0.155 2
1534 19 -173.460321735 352.624425944 0.1028 2
1535 15 -155.450348341 316.604479158 0.126 2
1536 5 -151.788167963 309.280118401 0.1318 3
1537 12 -142.39499407 290.493770614 0.1318 3
1538 32 -162.224315056 330.152412587 0.1144 3
1539 24 -127.020051655 259.743885785 0.155 3
1540 8 -150.603370567 306.91052361 0.1202 3
1541 11 -167.956516894 341.616816263 0.097 3
1542 7 -152.870196302 311.444175078 0.1318 3
1543 7 -125.680339682 257.064461838 0.1492 3
1544 13 -130.736860686 267.177503848 0.1492 3
1545 25 -155.506196302 316.716175078 0.1318 3
1546 12 -137.384994946 280.473772367 0.1376 3
1547 23 -206.109911262 417.923604999 0.0216 3
1549 27 -157.041633324 319.787049123 0.1202 3
1550 4 -150.906536752 307.516855979 0.1318 3
1553 11 -156.78372091 319.271224294 0.1202 3
140 11 -109.58937947 224.882541415 0.1666 3
141 4 -138.365511526 282.434805527 0.1434 3
142 10 -111.271963879 228.247710234 0.184 3
143 21 -187.32274405 380.349270575 0.0796 3
144 16 -101.216231721 208.136245916 0.2014 3
145 10 -133.752202924 273.208188323 0.1376 3
146 24 -148.841746092 303.387274659 0.126 3
147 11 -153.09727433 311.898331134 0.1318 3
148 3 -167.243732816 340.191248106 0.1028 3
149 5 -148.65870549 303.021193455 0.1376 3
150 25 -138.598298742 282.900379959 0.1492 3
151 21 -163.195418929 332.094620333 0.1086 3
152 9 -108.027495485 221.758773445 0.1956 3
153 15 -193.763063446 393.229909367 0.0622 3
154 3 -146.655032555 299.013847586 0.1376 3
155 0 -124.966102897 255.635988269 0.1318 3
157 8 -154.569305171 314.842392816 0.1086 3
158 9 -106.153602435 218.010987344 0.1608 3
159 15 -105.62106845 216.945919375 0.1782 3
160 29 -105.659945443 217.02367336 0.1724 3
161 4 -96.4201349682 198.544052411 0.2072 3
162 19 -178.454926491 362.613635456 0.0912 3
163 3 -155.131567635 315.966917745 0.1202 3
164 2 -149.495602737 304.694987948 0.1376 3
165 12 -165.920858585 337.545499645 0.1086 3
166 1 -144.230701447 294.165185368 0.1202 3
168 37 -139.388667881 284.481118237 0.1376 3
170 12 -164.182042661 334.067867797 0.1144 3
171 5 -136.696297098 279.09637667 0.155 3
172 9 -158.457764702 322.61931188 0.1202 3
173 5 -126.181044612 258.065871699 0.1724 3
174 1 -135.360528958 276.42484039 0.1434 3
175 12 -114.62773306 234.959248595 0.1782 3
176 21 -177.905643952 361.515070378 0.097 3
177 40 -208.818998022 423.341778519 0.01 3
178 8 -139.892939676 285.489661827 0.155 3
179 4 -166.346266245 338.396314964 0.097 3
180 8 -155.603611428 316.91100533 0.1202 3
181 4 -167.439495696 340.582773866 0.1086 3
183 5 -135.501976141 276.707734758 0.1376 3
184 3 -166.353495696 338.410773866 0.1086 3
185 7 -115.668974774 237.041732023 0.184 3
186 11 -113.678732344 233.061247164 0.1724 3
187 8 -125.104131082 255.912044639 0.155 3
188 20 -142.460288412 290.624359299 0.126 3
189 3 -160.756019353 327.21582118 0.1144 3
190 32 -184.592733062 374.889248599 0.0796 3
192 7 -158.073215758 321.850213991 0.126 3
193 2 -148.119602737 301.942987948 0.1376 3
194 9 -90.7405245405 187.184831556 0.1898 3
195 9 -163.615377043 332.93453656 0.1086 3
196 0 -143.468840211 292.641462897 0.1434 3
197 23 -190.960020489 387.623823453 0.068 3
198 8 -102.3209596 210.345701674 0.1782 3
199 11 -142.034840211 289.773462897 0.1434 3
200 22 -134.858160448 275.420103371 0.1376 3
202 17 -173.117018194 351.937818862 0.097 3
203 7 -135.621446505 276.946675484 0.1376 3
204 22 -127.020051655 259.743885785 0.155 3
206 32 -129.667813374 265.039409222 0.155 3
207 6 -97.0323891102 199.768560695 0.1898 3
208 34 -159.401852288 324.507487051 0.1202 3
212 1 -131.902179397 269.508141268 0.1666 3
213 18 -208.048873775 421.801530025 0.01 3
215 8 -120.626766499 246.957315472 0.155 3
216 1 -116.082697963 237.8691784 0.1666 3
217 16 -140.632515013 286.9688125 0.1434 3
218 3 -155.611007698 316.925797871 0.1144 3
220 26 -113.429526914 232.562836303 0.1492 3
221 3 -150.080224335 305.864231144 0.126 3
223 15 -117.657871499 241.019525473 0.1666 3
225 4 -156.483203772 318.670190019 0.126 3
226 22 -153.963203772 313.630190019 0.126 3
227 39 -143.89795523 293.499692935 0.1318 3
228 12 -132.06440805 269.832598575 0.1318 3
229 16 -125.631316165 256.966414804 0.1608 3
230 8 -90.8545458111 187.412874097 0.1956 3
231 40 -157.513677117 320.731136708 0.1202 3
232 7 -140.555443569 286.814669613 0.1376 3
234 8 -128.565839954 262.835462383 0.1666 3
235 11 -148.031032555 301.765847586 0.1376 3
236 12 -193.090805888 391.885394251 0.0622 3
237 3 -148.031032555 301.765847586 0.1376 3
238 25 -158.951699013 323.607180501 0.1202 3
240 3 -117.032912759 239.769607994 0.1492 3
241 4 -166.427070955 338.557924385 0.1086 3
242 7 -102.310311584 210.324405643 0.184 3
243 13 -154.768914633 315.241611741 0.126 3
244 28 -150.886047217 307.475876908 0.126 3
245 9 -159.699159623 325.102101721 0.1086 3
247 15 -152.985480049 311.674742573 0.1202 3
248 35 -184.650241303 375.004265081 0.0796 3
253 4 -112.482659268 230.669101011 0.1666 3
256 10 -140.394577551 286.492937576 0.126 3
257 24 -140.555443569 286.814669613 0.1376 3
258 8 -156.937492911 319.578768296 0.126 3
259 14 -87.3024451549 180.308672784 0.2072 3
260 13 -154.633458724 314.970699923 0.1318 3
261 7 -190.753578563 387.210939601 0.0622 3
262 11 -142.435504554 290.574791582 0.1434 3
263 8 -120.413009066 246.529800606 0.1666 3
264 3 -116.550283126 238.804348727 0.1724 3
1519 17 -156.813215758 319.330213991 0.126 3
1520 4 -131.281785395 268.267353264 0.1492 3
1521 17 -148.942877202 303.589536879 0.1318 3
1523 14 -157.39178205 320.487346574 0.126 3
1524 11 -157.733871501 321.171525476 0.1144 3
1525 12 -154.41527433 314.534331134 0.1318 3
1526 11 -127.90058152 261.504945514 0.1608 3
1527 15 -159.092789709 323.889361892 0.1202 3
1528 2 -137.261560622 280.226903718 0.126 3
1529 2 -115.148282775 236.000348025 0.155 3
1530 15 -117.839862794 241.383508062 0.1724 3
1531 10 -134.780376525 275.264535525 0.155 3
1532 15 -100.347178927 206.398140329 0.1956 3
1533 22 -106.091936418 217.887655311 0.1782 3
1534 19 -173.922143518 353.548069512 0.097 3
1535 15 -157.963830392 321.631443258 0.1202 3
1536 5 -149.370352358 304.44448719 0.1318 4
1537 12 -155.450348341 316.604479158 0.126 4
1538 32 -170.604978198 346.913738872 0.1028 4
1539 24 -131.783041195 269.269864864 0.1492 4
1540 8 -149.419522156 304.542826786 0.126 4
1541 11 -165.246462908 336.196708291 0.1144 4
1542 7 -150.251983569 306.207749612 0.1318 4
1543 7 -126.953567042 259.610916559 0.1492 4
1544 13 -133.466604072 272.636990619 0.1492 4
1545 25 -150.033799174 305.771380823 0.1318 4
1546 12 -129.50858152 264.720945514 0.1608 4
1547 23 -206.018363487 417.74050945 0.0216 4
1549 27 -163.316221474 332.336225423 0.1086 4
1550 4 -149.588536752 304.880855979 0.1318 4
1553 11 -157.963830392 321.631443258 0.1202 4
140 11 -107.632712209 220.969206893 0.1898 4
141 4 -134.041292704 273.786367883 0.1492 4
142 10 -112.739870915 231.183524306 0.1666 4
143 21 -187.248643842 380.201070159 0.0738 4
144 16 -112.452016557 230.607815589 0.1724 4
145 10 -121.148453703 248.00068988 0.1724 4
146 24 -153.783849989 313.271482452 0.1144 4
147 11 -154.314625494 314.333033463 0.126 4
148 3 -164.102462908 333.908708291 0.1144 4
149 5 -152.668386502 311.04055548 0.1144 4
150 25 -157.491786599 320.687355672 0.1202 4
151 21 -158.073215758 321.850213991 0.126 4
152 9 -110.621006231 226.945794937 0.1898 4
153 15 -190.699030931 387.101844338 0.068 4
154 3 -144.470501067 294.64478461 0.1434 4
155 0 -134.597416238 274.898614952 0.155 4
157 8 -164.402221474 334.508225423 0.1086 4
158 9 -107.713899874 221.131582223 0.1782 4
159 15 -100.838403649 207.380589772 0.1898 4
160 29 -102.152599777 210.008982029 0.1782 4
161 4 -108.571550806 222.846884086 0.184 4
162 19 -169.593174505 344.890131484 0.1028 4
163 3 -153.963203772 313.630190019 0.126 4
164 2 -147.188508413 300.080799302 0.1318 4
165 12 -173.281892869 352.267568212 0.097 4
166 1 -141.582298742 288.868379959 0.1492 4
168 37 -123.347830976 252.399444426 0.1724 4
170 12 -161.78396177 329.271706015 0.1202 4
171 5 -139.961742497 285.627267469 0.1318 4
172 9 -163.254169001 332.212120476 0.1144 4
173 5 -130.326054609 266.355891692 0.1318 4
174 1 -167.243732816 340.191248106 0.1028 4
175 12 -108.985565198 223.674912871 0.1898 4
176 21 -175.428893735 356.561569945 0.097 4
177 40 -207.928956606 421.561695688 0.01 4
178 8 -140.346219258 286.39622099 0.1376 4
179 4 -171.143272658 347.990327791 0.1028 4
180 8 -153.315458724 312.334699923 0.1318 4
181 4 -169.791026621 345.285835717 0.1086 4
183 5 -130.730493634 267.164769743 0.1608 4
184 3 -160.756019353 327.21582118 0.1144 4
185 7 -107.742078973 221.18794042 0.1608 4
186 11 -116.291170859 238.286124193 0.1608 4
187 8 -131.217813374 268.139409222 0.155 4
188 20 -146.743245991 299.190274457 0.1318 4
189 3 -154.513442476 314.730667427 0.1202 4
190 32 -191.661449784 389.026682043 0.0622 4
192 7 -159.637874184 324.979530843 0.1202 4
193 2 -145.330129678 296.36404183 0.126 4
194 9 -96.9390977595 199.581977994 0.1782 4
195 9 -170.623920436 346.951623347 0.1086 4
196 0 -135.765358601 277.234499676 0.1492 4
197 23 -196.877824915 399.459432305 0.0564 4
198 8 -99.9052884814 205.514359437 0.2072 4
199 11 -140.664987374 287.033757223 0.1492 4
200 22 -146.961430386 299.626643246 0.1318 4
202 17 -175.718926491 357.141635456 0.0912 4
203 7 -134.7684065 275.240595474 0.1376 4
204 22 -125.741631272 257.187045018 0.1666 4
206 32 -134.544424765 274.792632004 0.1376 4
207 6 -102.303178927 210.310140329 0.1956 4
208 34 -159.367303402 324.438389279 0.1144 4
212 1 -137.764515013 281.2328125 0.1434 4
213 18 -207.448873775 420.601530025 0.01 4
215 8 -106.964767917 219.633318308 0.2014 4
216 1 -122.713994612 251.131771699 0.1724 4
217 16 -154.711670552 315.127123578 0.1144 4
218 3 -158.42463748 322.553057435 0.126 4
220 26 -107.860073922 221.423930319 0.1782 4
221 3 -152.019501946 309.742786366 0.1202 4
223 15 -116.185733984 238.075250442 0.1608 4
225 4 -142.923238884 291.550260242 0.1492 4
226 22 -151.206120587 308.11602365 0.1144 4
227 39 -159.372478179 324.448738832 0.1086 4
228 12 -123.848757291 253.401297057 0.1608 4
229 16 -132.740855582 271.185493638 0.1492 4
230 8 -92.8082200265 191.320222528 0.1666 4
231 40 -160.346167204 326.396116883 0.1144 4
232 7 -135.878138244 277.460058962 0.155 4
234 8 -108.141344269 221.986471012 0.184 4
235 11 -165.16154003 336.026862534 0.1086 4
236 12 -190.777149405 387.258081285 0.068 4
237 3 -161.544478179 328.792738832 0.1086 4
238 25 -147.354601523 300.41298552 0.126 4
240 3 -113.425657718 232.55509791 0.155 4
241 4 -148.449481179 302.602744832 0.1376 4
242 7 -99.1639388458 204.031660166 0.213 4
243 13 -157.749699013 321.203180501 0.1202 4
244 28 -171.127076352 347.957935178 0.1028 4
245 9 -164.347178859 334.398140192 0.1144 4
247 15 -150.123275672 305.950333818 0.1376 4
248 35 -181.552704289 368.809191053 0.0854 4
253 4 -116.572190066 238.848162607 0.1724 4
256 10 -132.687611381 271.079005237 0.1608 4
257 24 -135.328854156 276.361490787 0.1434 4
258 8 -159.659764702 325.02331188 0.1202 4
259 14 -94.2153618236 194.134506122 0.1782 4
260 13 -154.314625494 314.333033463 0.126 4
261 7 -181.552704289 368.809191053 0.0854 4
262 11 -149.588536752 304.880855979 0.1318 4
263 8 -102.907295077 211.518372629 0.155 4
264 3 -113.685572595 233.074927665 0.184 4
1519 17 -162.041874184 329.787530843 0.1202 4
1520 4 -122.571677013 250.8471365 0.1666 4
1521 17 -148.740826266 303.185435007 0.1434 4
1523 14 -158.877871501 323.459525476 0.1144 4
1524 11 -167.112814251 339.929410977 0.1086 4
1525 12 -172.163146626 350.030075726 0.097 4
1526 11 -118.747009066 243.197800606 0.1666 4
1527 15 -163.857746957 333.419276389 0.1144 4
1528 2 -135.052432649 275.808647773 0.1434 4
1529 2 -111.373577377 228.450937229 0.1492 4
1530 15 -114.055894611 233.815571698 0.1724 4
1531 10 -124.116645415 253.937073305 0.155 4
1532 15 -109.240332003 224.18444648 0.1782 4
1533 22 -123.582889019 252.869560513 0.1434 4
1534 19 -166.998880045 339.701542565 0.1028 4
1535 15 -151.499275672 308.702333818 0.1376 4
1536 5 -153.693545739 313.090873952 0.1202 5
1537 12 -161.650433845 329.004650164 0.1086 5
1538 32 -161.805852288 329.315487051 0.1202 5
1539 24 -135.724855582 277.153493638 0.1492 5
1540 8 -148.172567297 302.048917068 0.1202 5
1541 11 -168.287929122 342.279640718 0.1028 5
1542 7 -150.688352358 307.08048719 0.1318 5
1543 7 -129.118932515 263.941647504 0.155 5
1544 13 -132.338493634 270.380769743 0.1608 5
1545 25 -155.175628698 316.05503987 0.1086 5
1546 12 -121.056835783 247.81745404 0.1782 5
1547 23 -206.234363487 418.17250945 0.0216 5
1549 27 -161.979599106 329.662980686 0.1144 5
1550 4 -150.123275672 305.950333818 0.1376 5
1553 11 -154.768914633 315.241611741 0.126 5
140 11 -106.146276186 217.996334846 0.1724 5
141 4 -138.215172987 282.13412845 0.1492 5
142 10 -120.18864356 246.081069595 0.1434 5
143 21 -188.841902016 383.387586506 0.068 5
144 16 -103.709700876 213.123184228 0.1666 5
145 10 -127.072712742 259.849207959 0.1666 5
146 24 -144.997770836 295.699324146 0.1318 5
147 11 -159.895786599 325.495355672 0.1202 5
148 3 -160.590883155 326.885548785 0.1144 5
149 5 -149.81561478 305.335012035 0.1318 5
150 25 -159.612019353 324.92782118 0.1144 5
151 21 -145.904501067 297.51278461 0.1434 5
152 9 -126.419214218 258.54221091 0.1434 5
153 15 -197.157926363 400.019635201 0.0564 5
154 3 -143.43716541 292.578113295 0.1434 5
155 0 -123.347830976 252.399444426 0.1724 5
157 8 -147.397799174 300.499380823 0.1318 5
158 9 -115.204045651 236.111873776 0.155 5
159 15 -105.291753698 216.287289871 0.1782 5
160 29 -108.804600526 223.312983527 0.1724 5
161 4 -108.804202581 223.312187637 0.1956 5
162 19 -180.44020834 366.584199154 0.0796 5
163 3 -156.805611428 319.31500533 0.1202 5
164 2 -153.315458724 312.334699923 0.1318 5
165 12 -161.734883155 329.173548785 0.1144 5
166 1 -149.977468939 305.658720353 0.126 5
168 37 -131.644018618 268.99181971 0.1376 5
170 12 -158.197492911 322.098768296 0.126 5
171 5 -131.913078895 269.529940265 0.1376 5
172 9 -151.124721147 307.953224768 0.1318 5
173 5 -122.238617339 250.181017153 0.1724 5
174 1 -155.345699013 316.395180501 0.1202 5
175 12 -116.3626048 238.428992074 0.184 5
176 21 -177.817812171 361.339406817 0.0912 5
177 40 -207.728956606 421.161695688 0.01 5
178 8 -146.864256867 299.432296209 0.1376 5
179 4 -160.638009104 326.979800683 0.1086 5
180 8 -160.590883155 326.885548785 0.1144 5
181 4 -160.131808495 325.967399465 0.1202 5
183 5 -124.482565988 254.668914451 0.155 5
184 3 -166.966487433 339.63675734 0.1028 5
185 7 -113.052785454 231.809353383 0.1608 5
186 11 -110.0848269 225.873436274 0.2014 5
187 8 -125.86412643 257.432035335 0.1724 5
188 20 -148.614601523 302.93298552 0.126 5
189 3 -159.122587451 323.948957377 0.1144 5
190 32 -185.895766818 377.495316111 0.0738 5
192 7 -160.58196177 326.867706015 0.1202 5
193 2 -146.315770836 298.335324146 0.1318 5
194 9 -89.3435903012 184.390963077 0.1318 5
195 9 -167.692601881 341.088986236 0.1086 5
196 0 -144.552508413 294.808799302 0.1318 5
197 23 -194.234290771 394.172364017 0.0622 5
198 8 -100.525978044 206.755738563 0.1724 5
199 11 -143.236833239 292.177448952 0.1434 5
200 22 -130.330716884 266.365216242 0.1434 5
202 17 -171.127076352 347.957935178 0.1028 5
203 7 -124.574786823 254.853356121 0.1666 5
204 22 -134.597416238 274.898614952 0.155 5
206 32 -136.330376525 278.364535525 0.155 5
207 6 -103.338788389 212.381359252 0.1956 5
208 34 -166.353495696 338.410773866 0.1086 5
212 1 -144.552508413 294.808799302 0.1318 5
213 18 -208.128956606 421.961695688 0.01 5
215 8 -117.811281474 241.326345423 0.1666 5
216 1 -113.52559854 232.754979555 0.155 5
217 16 -149.379245991 304.462274457 0.1318 5
218 3 -148.061245991 301.826274457 0.1318 5
220 26 -99.2880228481 204.279828171 0.184 5
221 3 -151.77927433 309.262331134 0.1318 5
223 15 -116.75038686 239.204556194 0.1666 5
225 4 -143.321218794 292.346220062 0.1376 5
226 22 -144.232910997 294.169604469 0.1376 5
227 39 -153.736059203 313.17590088 0.126 5
228 12 -123.457488504 252.618759483 0.155 5
229 16 -133.211288002 272.126358478 0.1608 5
230 8 -98.7494854366 203.202753348 0.184 5
231 40 -151.333326775 308.370436024 0.1202 5
232 7 -152.041392464 309.786567402 0.1202 5
234 8 -122.555535521 250.814853517 0.1724 5
235 11 -153.929567635 313.562917745 0.1202 5
236 12 -184.114704289 373.933191053 0.0854 5
237 3 -155.839633324 317.383049123 0.1202 5
238 25 -155.288011907 316.27980629 0.1318 5
240 3 -114.47693818 234.657658835 0.1782 5
241 4 -153.736059203 313.17590088 0.126 5
242 7 -96.9003493838 199.504481242 0.2072 5
243 13 -155.677492911 317.058768296 0.126 5
244 28 -162.277896081 330.259574636 0.1202 5
245 9 -156.020859847 317.745502168 0.1144 5
247 15 -150.871602737 307.446987948 0.1376 5
248 35 -192.990290771 391.684364017 0.0622 5
253 4 -117.681403703 241.06658988 0.1724 5
256 10 -137.441698149 280.587178772 0.126 5
257 24 -135.328854156 276.361490787 0.1434 5
258 8 -161.39732766 328.498437794 0.1086 5
259 14 -91.3585854568 188.420953388 0.1898 5
260 13 -156.937492911 319.578768296 0.126 5
261 7 -184.114704289 373.933191053 0.0854 5
262 11 -143.066135309 291.836053092 0.1376 5
263 8 -110.689199712 227.082181898 0.1666 5
264 3 -123.499639544 252.703061563 0.1608 5
1519 17 -162.303796734 330.311375943 0.1086 5
1520 4 -130.250538176 266.204858826 0.1492 5
1521 17 -153.653280094 313.010342662 0.1144 5
1523 14 -160.603852288 326.911487051 0.1202 5
1524 11 -156.586071189 318.875924852 0.126 5
1525 12 -154.996059203 315.69590088 0.126 5
1526 11 -127.385972228 260.475726931 0.155 5
1527 15 -155.131567635 315.966917745 0.1202 5
1528 2 -131.583733947 268.871250368 0.155 5
1529 2 -121.588177964 248.880138403 0.1492 5
1530 15 -123.628117086 252.960016646 0.1608 5
1531 10 -127.072712742 259.849207959 0.1666 5
1532 15 -110.362916948 226.429616372 0.1666 5
1533 22 -111.1285617 227.960905876 0.184 5
1534 19 -170.882223581 347.468229637 0.1028 5
1535 15 -161.979599106 329.662980686 0.1144 5
1536 5 -155.345699013 316.395180501 0.1202 6
1537 12 -151.567480925 308.838744325 0.126 6
1538 32 -156.586071189 318.875924852 0.126 6
1539 24 -141.084032355 287.871847185 0.126 6
1540 8 -151.311436257 308.326654988 0.1202 6
1541 11 -175.652402758 357.008587991 0.0854 6
1542 7 -151.561089935 308.825962345 0.1318 6
1543 7 -129.118932515 263.941647504 0.155 6
1544 13 -129.334022646 264.371827767 0.1608 6
1545 25 -161.716258041 329.136298556 0.1028 6
1546 12 -138.406735865 282.517254204 0.1492 6
1547 23 -204.94122888 415.586240234 0.0274 6
1549 27 -158.693786599 323.091355672 0.1202 6
1550 4 -154.41527433 314.534331134 0.1318 6
1553 11 -165.693634662 337.091051799 0.1028 6
140 11 -115.766084202 237.235950878 0.1724 6
141 4 -137.61109853 280.925979535 0.155 6
142 10 -116.774461951 239.252706376 0.1492 6
143 21 -189.339030931 384.381844338 0.068 6
144 16 -115.733223792 237.170230058 0.1724 6
145 10 -126.288210509 258.280203493 0.155 6
146 24 -149.286378425 304.276539325 0.1376 6
147 11 -153.09727433 311.898331134 0.1318 6
148 3 -161.39732766 328.498437794 0.1086 6
149 5 -146.30516541 298.314113295 0.1434 6
150 25 -156.805611428 319.31500533 0.1202 6
151 21 -149.379245991 304.462274457 0.1318 6
152 9 -120.66972743 247.043237334 0.1608 6
153 15 -188.519930786 382.743644047 0.0738 6
154 3 -149.806721147 305.317224768 0.1318 6
155 0 -131.94965452 269.603091514 0.155 6
157 8 -160.590883155 326.885548785 0.1144 6
158 9 -110.885399618 227.474581712 0.1782 6
159 15 -105.556253702 216.816289878 0.1724 6
160 29 -100.47663011 206.657042694 0.1956 6
161 4 -97.6045909673 200.912964409 0.2014 6
162 19 -184.250722075 374.205226624 0.0796 6
163 3 -157.513677117 320.731136708 0.1202 6
164 2 -141.270848864 288.245480202 0.1318 6
165 12 -171.073517761 347.850817996 0.097 6
166 1 -148.328827048 302.361436572 0.1376 6
168 37 -135.382232846 276.468248166 0.1492 6
170 12 -161.78396177 329.271706015 0.1202 6
171 5 -135.190669968 276.085122412 0.1492 6
172 9 -155.366291748 316.43636597 0.1144 6
173 5 -132.953160975 271.610104425 0.1318 6
174 1 -152.724613509 311.153009492 0.126 6
175 12 -107.398447618 220.500677711 0.1782 6
176 21 -173.724849741 353.153481957 0.0912 6
177 40 -207.618998022 420.941778519 0.01 6
178 8 -138.165179355 282.034141185 0.1434 6
179 4 -170.082880045 345.869542565 0.1028 6
180 8 -159.5324396 324.768661674 0.1144 6
181 4 -169.791026621 345.285835717 0.1086 6
183 5 -128.112110532 261.928003539 0.1608 6
184 3 -163.69261076 333.089003994 0.1144 6
185 7 -116.730649157 239.165080789 0.1724 6
186 11 -121.724528218 249.15283891 0.155 6
187 8 -143.605238062 292.914258599 0.1376 6
188 20 -160.698946325 327.101675124 0.1144 6
189 3 -155.506196302 316.716175078 0.1318 6
190 32 -195.185824915 396.075432305 0.0564 6
192 7 -151.124721147 307.953224768 0.1318 6
193 2 -156.675427945 319.054638365 0.1144 6
194 9 -89.5785577591 184.860897993 0.1724 6
195 9 -160.839874184 327.383530843 0.1202 6
196 0 -143.066135309 291.836053092 0.1376 6
197 23 -191.325321005 388.354424484 0.0622 6
198 8 -98.7937647345 203.291311944 0.1956 6
199 11 -142.152480075 290.008742624 0.1318 6
200 22 -131.291140393 268.286063261 0.1608 6
202 17 -173.982419888 353.66862225 0.1028 6
203 7 -136.244058817 278.191900108 0.155 6
204 22 -131.070253478 267.84428943 0.1666 6
206 32 -134.231495666 274.166773806 0.155 6
207 6 -108.765389862 223.2345622 0.1724 6
208 34 -153.533643119 312.771068712 0.1318 6
212 1 -136.286100478 278.27598343 0.1434 6
213 18 -207.848873775 421.401530025 0.01 6
215 8 -114.918001676 235.539785827 0.1666 6
216 1 -118.363113806 242.430010087 0.1492 6
217 16 -163.00945305 331.722688575 0.1144 6
218 3 -153.970011907 313.64380629 0.1318 6
220 26 -110.268148627 226.240079728 0.184 6
221 3 -151.561089935 308.825962345 0.1318 6
223 15 -102.862835858 211.429454191 0.1898 6
225 4 -144.470501067 294.64478461 0.1434 6
226 22 -157.491786599 320.687355672 0.1202 6
227 39 -142.034840211 289.773462897 0.1434 6
228 12 -142.055470626 289.814723726 0.1318 6
229 16 -125.86412643 257.432035335 0.1724 6
230 8 -85.1735470304 176.050876535 0.2362 6
231 40 -155.776143896 317.256070267 0.1144 6
232 7 -143.26850804 292.240798555 0.1434 6
234 8 -108.651014978 223.005812431 0.1782 6
235 11 -152.827480925 311.358744325 0.126 6
236 12 -185.608725826 376.921234127 0.0738 6
237 3 -150.906536752 307.516855979 0.1318 6
238 25 -166.100389511 337.904561496 0.1086 6
240 3 -111.925263226 229.554308926 0.1956 6
241 4 -161.490167204 328.684116883 0.1144 6
242 7 -100.070381394 205.844545263 0.1898 6
243 13 -159.895786599 325.495355672 0.1202 6
244 28 -164.182042661 334.067867797 0.1144 6
245 9 -157.978587451 321.660957377 0.1144 6
247 15 -144.415238884 294.534260242 0.1492 6
248 35 -184.114704289 373.933191053 0.0854 6
253 4 -118.747009066 243.197800606 0.1666 6
256 10 -121.358607645 248.420997764 0.155 6
257 24 -133.682614806 273.069012087 0.155 6
258 8 -166.100389511 337.904561496 0.1086 6
259 14 -89.2725930472 184.248968569 0.1724 6
260 13 -157.491786599 320.687355672 0.1202 6
261 7 -184.114704289 373.933191053 0.0854 6
262 11 -143.43716541 292.578113295 0.1434 6
263 8 -112.087152039 229.878086552 0.1898 6
264 3 -119.236286303 244.176355081 0.1608 6
1519 17 -160.839874184 327.383530843 0.1202 6
1520 4 -117.163707461 240.031197396 0.1782 6
1521 17 -144.87116541 295.446113295 0.1434 6
1523 14 -150.123275672 305.950333818 0.1376 6
1524 11 -154.41527433 314.534331134 0.1318 6
1525 12 -153.715436257 313.134654988 0.1202 6
1526 11 -111.862409637 229.428601749 0.1782 6
1527 15 -149.077154114 303.858090702 0.1376 6
1528 2 -127.904638661 261.513059797 0.1666 6
1529 2 -127.042758013 259.789298501 0.1492 6
1530 15 -114.3261433 234.356069074 0.1782 6
1531 10 -134.807544214 275.318870902 0.1492 6
1532 15 -105.294788389 216.293359252 0.1956 6
1533 22 -114.62773306 234.959248595 0.1782 6
1534 19 -170.805142652 347.314067779 0.097 6
1535 15 -163.621438356 332.946659187 0.1028 6
1536 5 -152.006352358 309.71648719 0.1318 7
1537 12 -173.818643085 353.341068645 0.097 7
1538 32 -166.353495696 338.410773866 0.1086 7
1539 24 -126.636410363 258.976603201 0.1376 7
1540 8 -157.67665833 321.057099135 0.1202 7
1541 11 -172.580267977 350.864318429 0.097 7
1542 7 -136.491107091 278.685996657 0.1492 7
1543 7 -128.073172007 261.850126489 0.1666 7
1544 13 -124.408401639 254.520585753 0.1666 7
1545 25 -154.165589531 314.034961537 0.1202 7
1546 12 -134.232855582 274.169493638 0.1492 7
1547 23 -206.064137375 417.832057224 0.0216 7
1549 27 -157.095211441 319.894205358 0.1028 7
1550 4 -139.999843698 285.70346987 0.1434 7
1553 11 -158.42463748 322.553057435 0.126 7
140 11 -102.310311584 210.324405643 0.184 7
141 4 -144.670833239 295.045448952 0.1434 7
142 10 -116.845169985 239.394122445 0.1434 7
143 21 -187.494889794 380.693562063 0.0738 7
144 16 -102.406121884 210.516026242 0.1724 7
145 10 -137.448921478 280.601625431 0.1492 7
146 24 -150.101746092 305.907274659 0.126 7
147 11 -162.634167204 330.972116883 0.1144 7
148 3 -159.637874184 324.979530843 0.1202 7
149 5 -153.693545739 313.090873952 0.1202 7
150 25 -162.130110318 329.96400311 0.1086 7
151 21 -151.499275672 308.702333818 0.1376 7
152 9 -101.880105047 209.463992569 0.184 7
153 15 -184.911520866 375.526824206 0.0738 7
154 3 -147.701154114 301.106090702 0.1376 7
155 0 -135.711663125 277.127108726 0.1492 7
157 8 -159.401852288 324.507487051 0.1202 7
158 9 -101.874114176 209.452010827 0.1782 7
159 15 -99.2783539239 204.260490323 0.1956 7
160 29 -104.508131434 214.720045343 0.1898 7
161 4 -107.360138704 220.424059882 0.1898 7
162 19 -183.512230315 372.728243105 0.0796 7
163 3 -155.839633324 317.383049123 0.1202 7
164 2 -146.525061597 298.753905668 0.1318 7
165 12 -163.368315056 332.440412587 0.1144 7
166 1 -149.495602737 304.694987948 0.1376 7
168 37 -124.197875038 254.099532551 0.1608 7
170 12 -167.692601881 341.088986236 0.1086 7
171 5 -126.181044612 258.065871699 0.1724 7
172 9 -158.42463748 322.553057435 0.126 7
173 5 -137.065795723 279.835373921 0.1492 7
174 1 -150.906536752 307.516855979 0.1318 7
175 12 -125.705667339 257.115117153 0.1724 7
176 21 -177.908153184 361.520088842 0.0854 7
177 40 -208.018998022 421.741778519 0.01 7
178 8 -146.236583932 298.176950339 0.1376 7
179 4 -166.833172169 339.370126812 0.1086 7
180 8 -155.121575797 315.946934069 0.1144 7
181 4 -167.614042661 340.931867797 0.1144 7
183 5 -133.49965452 272.703091514 0.155 7
184 3 -165.16154003 336.026862534 0.1086 7
185 7 -118.945707461 243.595197396 0.1782 7
186 11 -117.20602643 240.115835334 0.1724 7
187 8 -134.727857643 275.15949776 0.1434 7
188 20 -152.224536752 310.152855979 0.1318 7
189 3 -162.736433845 331.176650164 0.1086 7
190 32 -194.856290771 395.416364017 0.0622 7
192 7 -157.16463748 320.033057435 0.126 7
193 2 -162.277896081 330.259574636 0.1202 7
194 9 -94.8823708731 195.468524221 0.184 7
195 9 -147.910378425 301.524539325 0.1376 7
196 0 -142.923238884 291.550260242 0.1492 7
197 23 -197.669465887 401.042714249 0.0506 7
198 8 -96.848373694 199.400529863 0.1782 7
199 11 -150.886047217 307.475876908 0.126 7
200 22 -134.414455952 274.532694379 0.155 7
202 17 -172.432321735 350.568425944 0.1028 7
203 7 -130.930876925 267.565536325 0.1492 7
204 22 -123.823208248 253.350198972 0.1724 7
206 32 -134.560365955 274.824514385 0.1376 7
207 6 -102.023507226 209.750796927 0.184 7
208 34 -151.124721147 307.953224768 0.1318 7
212 1 -139.736103746 285.175989967 0.1434 7
213 18 -207.828956606 421.361695688 0.01 7
215 8 -110.740304182 227.184390838 0.155 7
216 1 -105.059476417 215.822735308 0.1782 7
217 16 -161.470902919 328.645588313 0.1086 7
218 3 -153.163848192 312.031478859 0.1144 7
220 26 -109.42748342 224.558749314 0.1724 7
221 3 -152.391701785 310.487186044 0.1202 7
223 15 -117.063694414 239.831171302 0.1666 7
225 4 -140.40050804 286.504798555 0.1434 7
226 22 -149.423261086 304.550304646 0.1202 7
227 39 -155.131567635 315.966917745 0.1202 7
228 12 -131.902179397 269.508141268 0.1666 7
229 16 -122.80140405 251.306590575 0.1608 7
230 8 -81.1667055855 168.037193646 0.2478 7
231 40 -163.071764246 331.847310967 0.1028 7
232 7 -145.472161924 296.648106322 0.1434 7
234 8 -117.020183664 239.744149802 0.1724 7
235 11 -158.13769386 321.979170195 0.1144 7
236 12 -182.658722075 371.021226624 0.0796 7
237 3 -159.5324396 324.768661674 0.1144 7
238 25 -158.286478179 322.276738832 0.1086 7
240 3 -119.398092101 244.499966677 0.1782 7
241 4 -158.539584364 322.782951202 0.1086 7
242 7 -106.542418187 218.788618849 0.1898 7
243 13 -157.019742806 319.743268087 0.1202 7
244 28 -154.637633324 314.979049123 0.1202 7
245 9 -154.41527433 314.534331134 0.1318 7
247 15 -153.054625494 311.813033463 0.126 7
248 35 -188.659030931 383.021844338 0.068 7
253 4 -119.394673229 244.493128932 0.1318 7
256 10 -129.50858152 264.720945514 0.1608 7
257 24 -140.28186162 286.267505714 0.1492 7
258 8 -159.895786599 325.495355672 0.1202 7
259 14 -84.9870223354 175.677827146 0.1318 7
260 13 -160.101451254 325.906684982 0.1144 7
261 7 -182.980354204 371.664490883 0.0854 7
262 11 -137.062217671 279.828217816 0.155 7
263 8 -117.814160511 241.332103497 0.1898 7
264 3 -107.293861057 220.291504588 0.1782 7
1519 17 -159.18772091 324.079224294 0.1202 7
1520 4 -129.50858152 264.720945514 0.1608 7
1521 17 -159.165830392 324.035443258 0.1202 7
1523 14 -153.567670552 312.839123578 0.1144 7
1524 11 -158.985890451 323.675563377 0.1086 7
1525 12 -169.537920436 344.779623347 0.1086 7
1526 11 -127.726022646 261.155827767 0.1608 7
1527 15 -150.871602737 307.446987948 0.1376 7
1528 2 -127.027787152 259.75935678 0.1608 7
1529 2 -109.659468606 225.022719688 0.184 7
1530 15 -120.443806212 246.5913949 0.155 7
1531 10 -123.506290067 252.716362608 0.1724 7
1532 15 -110.885399618 227.474581712 0.1782 7
1533 22 -115.098439995 235.900662464 0.1898 7
1534 19 -165.001746957 335.707276389 0.1144 7
1535 15 -154.768914633 315.241611741 0.126 7
1536 5 -146.743245991 299.190274457 0.1318 8
1537 12 -143.89795523 293.499692935 0.1318 8
1538 32 -156.13178205 317.967346574 0.126 8
1539 24 -133.682614806 273.069012087 0.155 8
1540 8 -151.319604827 308.342992128 0.126 8
1541 11 -175.59376841 356.891319295 0.097 8
1542 7 -142.349892193 290.40356686 0.1376 8
1543 7 -125.24247572 256.188733915 0.1666 8
1544 13 -122.090448791 249.884680056 0.155 8
1545 25 -159.423742806 324.551268087 0.1202 8
1546 12 -128.758538176 263.220858826 0.1492 8
1547 23 -208.518998022 422.741778519 0.01 8
1549 27 -148.387456953 302.478696381 0.126 8
1550 4 -161.547939874 328.799662222 0.1202 8
1553 11 -152.442721147 310.589224768 0.1318 8
140 11 -108.066822409 221.837427293 0.1434 8
141 4 -139.807116504 285.318015483 0.1376 8
142 10 -117.523924338 240.751631151 0.1666 8
143 21 -197.586816768 400.87741601 0.0506 8
144 16 -105.964245697 217.632273869 0.1782 8
145 10 -128.935972228 263.575726931 0.155 8
146 24 -158.951699013 323.607180501 0.1202 8
147 11 -149.379245991 304.462274457 0.1318 8
148 3 -159.18772091 324.079224294 0.1202 8
149 5 -146.864256867 299.432296209 0.1376 8
150 25 -159.5324396 324.768661674 0.1144 8
151 21 -159.163374015 324.030530505 0.1202 8
152 9 -115.916160511 237.536103497 0.1898 8
153 15 -193.94841955 393.600621576 0.0622 8
154 3 -150.243089935 306.189962345 0.1318 8
155 0 -122.975962924 251.655708322 0.1608 8
157 8 -156.510291748 318.72436597 0.1144 8
158 9 -103.595216529 212.894215532 0.1666 8
159 15 -108.449390947 222.602564369 0.1782 8
160 29 -102.064841565 209.833465605 0.2014 8
161 4 -97.5260436001 200.755869675 0.2188 8
162 19 -192.468805888 390.641394251 0.0622 8
163 3 -170.115272658 345.934327791 0.1028 8
164 2 -133.596297098 272.89637667 0.155 8
165 12 -158.42463748 322.553057435 0.126 8
166 1 -153.693545739 313.090873952 0.1202 8
168 37 -135.328854156 276.361490787 0.1434 8
170 12 -164.328646215 334.361074904 0.1086 8
171 5 -145.186023245 296.075828965 0.126 8
172 9 -159.117136603 323.93805568 0.1202 8
173 5 -123.909246088 253.52227465 0.1666 8
174 1 -149.50931457 304.722411615 0.1318 8
175 12 -128.461228279 262.626239033 0.1608 8
176 21 -167.816091791 341.335966057 0.1028 8
177 40 -207.898666697 421.501115869 0.01 8
178 8 -144.87116541 295.446113295 0.1434 8
179 4 -160.839874184 327.383530843 0.1202 8
180 8 -164.347178859 334.398140192 0.1144 8
181 4 -168.026880045 341.757542565 0.1028 8
183 5 -120.34813302 246.400048516 0.1666 8
184 3 -174.892143518 355.488069512 0.097 8
185 7 -120.259717751 246.223217976 0.1492 8
186 11 -115.916312779 237.536408033 0.1666 8
187 8 -134.048535379 273.800853233 0.155 8
188 20 -154.873655221 315.451092916 0.1202 8
189 3 -159.401852288 324.507487051 0.1202 8
190 32 -194.234290771 394.172364017 0.0622 8
192 7 -155.934947253 317.573676981 0.1086 8
193 2 -133.91675183 273.537286134 0.1376 8
194 9 -86.4805766956 178.664935866 0.2304 8
195 9 -163.203178859 332.110140192 0.1144 8
196 0 -132.681495666 271.066773806 0.155 8
197 23 -188.683848802 383.071480079 0.0738 8
198 8 -100.780336889 207.264456253 0.1724 8
199 11 -140.200175869 286.104134212 0.1434 8
200 22 -127.239097926 260.181978327 0.1666 8
202 17 -172.420298328 350.544379131 0.0912 8
203 7 -127.838210509 261.380203493 0.155 8
204 22 -134.527525471 274.758833417 0.1434 8
206 32 -124.075631272 253.855045018 0.1666 8
207 6 -101.886813129 209.477408732 0.1956 8
208 34 -162.634167204 330.972116883 0.1144 8
212 1 -135.168405748 276.040593972 0.1608 8
213 18 -208.428956606 422.561695688 0.01 8
215 8 -111.1285617 227.960905876 0.184 8
216 1 -111.698058248 229.09989897 0.1724 8
217 16 -154.633458724 314.970699923 0.1318 8
218 3 -153.860336356 313.424455186 0.126 8
220 26 -99.5369948189 204.777772112 0.1666 8
221 3 -146.104833239 297.913448952 0.1434 8
223 15 -116.037284731 237.778351937 0.1666 8
225 4 -150.123275672 305.950333818 0.1376 8
226 22 -148.715799174 303.135380823 0.1318 8
227 39 -146.445808244 298.595398962 0.1376 8
228 12 -144.277444967 294.258672409 0.126 8
229 16 -127.074975298 259.853733071 0.1492 8
230 8 -92.760466422 191.224715319 0.155 8
231 40 -167.513070955 340.729924385 0.1086 8
232 7 -135.924704193 277.55319086 0.1492 8
234 8 -117.580774 240.865330475 0.1608 8
235 11 -166.215732816 338.135248106 0.1028 8
236 12 -194.334805888 394.373394251 0.0622 8
237 3 -140.28186162 286.267505714 0.1492 8
238 25 -135.956921478 277.617625431 0.1492 8
240 3 -119.74746833 245.198719136 0.1666 8
241 4 -145.434139625 296.572061724 0.1318 8
242 7 -114.765440843 235.234664161 0.155 8
243 13 -153.736059203 313.17590088 0.126 8
244 28 -151.124721147 307.953224768 0.1318 8
245 9 -156.78372091 319.271224294 0.1202 8
247 15 -153.533643119 312.771068712 0.1318 8
248 35 -176.543583531 358.790949537 0.0912 8
253 4 -116.71132282 239.126428115 0.1782 8
256 10 -127.992286666 261.688355807 0.1492 8
257 24 -146.027359621 297.758501716 0.1376 8
258 8 -154.637633324 314.979049123 0.1202 8
259 14 -87.1992029124 180.1021883 0.1666 8
260 13 -153.860336356 313.424455186 0.126 8
261 7 -179.883553524 365.470889522 0.0854 8
262 11 -150.453154114 306.610090702 0.1376 8
263 8 -122.838835783 251.38145404 0.1782 8
264 3 -115.250772044 236.205326562 0.1666 8
1519 17 -161.79409482 329.291972115 0.1028 8
1520 4 -132.681495666 271.066773806 0.155 8
1521 17 -154.768914633 315.241611741 0.126 8
1523 14 -159.659764702 325.02331188 0.1202 8
1524 11 -149.370352358 304.44448719 0.1318 8
1525 12 -165.08796477 335.879712015 0.1086 8
1526 11 -132.166166949 270.036116374 0.1492 8
1527 15 -161.805852288 329.315487051 0.1202 8
1528 2 -124.574786823 254.853356121 0.1666 8
1529 2 -105.662655937 217.029094349 0.1782 8
1530 15 -114.047222812 233.798228098 0.155 8
1531 10 -127.800723789 261.305230052 0.1492 8
1532 15 -100.838403649 207.380589772 0.1898 8
1533 22 -114.77852794 235.260838355 0.1782 8
1534 19 -170.621174505 346.946131484 0.1028 8
1535 15 -157.48915555 320.682093575 0.1144 8
1536 5 -151.113191786 307.930166047 0.126 9
1537 12 -154.190348341 314.084479158 0.126 9
1538 32 -163.868483228 333.44074893 0.1086 9
1539 24 -117.421038391 240.545859258 0.155 9
1540 8 -144.552508413 294.808799302 0.1318 9
1541 11 -174.190518627 354.084819728 0.097 9
1542 7 -149.152167963 304.008118401 0.1318 9
1543 7 -130.588254189 266.880290853 0.1492 9
1544 13 -128.935972228 263.575726931 0.155 9
1545 25 -156.256059203 318.21590088 0.126 9
1546 12 -126.218882047 258.141546568 0.1434 9
1547 23 -205.270741113 416.245264701 0.0274 9
1549 27 -156.813215758 319.330213991 0.126 9
1550 4 -149.659282982 305.022348438 0.1202 9
1553 11 -160.58196177 326.867706015 0.1202 9
140 11 -102.406121884 210.516026242 0.1724 9
141 4 -127.871254382 261.446291239 0.155 9
142 10 -116.099181311 237.902145097 0.184 9
143 21 -185.73074405 377.165270575 0.0796 9
144 16 -104.150311584 214.004405643 0.184 9
145 10 -133.325532444 272.354847363 0.1434 9
146 24 -153.406047217 312.515876908 0.126 9
147 11 -151.561089935 308.825962345 0.1318 9
148 3 -170.21659935 346.136981174 0.0912 9
149 5 -153.951458153 313.606698781 0.1202 9
150 25 -145.163085741 296.029953956 0.1318 9
151 21 -144.561402047 294.826586568 0.1318 9
152 9 -115.95734842 237.618479314 0.1782 9
153 15 -188.109766818 381.923316111 0.0738 9
154 3 -156.510291748 318.72436597 0.1144 9
155 0 -118.363491936 242.430766347 0.1608 9
157 8 -158.792690549 323.289163572 0.1086 9
158 9 -107.137529016 219.978840507 0.184 9
159 15 -101.44989851 208.603579496 0.184 9
160 29 -107.404849316 220.513481106 0.184 9
161 4 -103.513609638 212.731001751 0.1608 9
162 19 -181.805213834 369.314210142 0.0796 9
163 3 -156.799968052 319.303718578 0.1144 9
164 2 -139.707172987 285.11812845 0.1492 9
165 12 -160.756019353 327.21582118 0.1144 9
166 1 -154.873655221 315.451092916 0.1202 9
168 37 -132.338493634 270.380769743 0.1608 9
170 12 -164.328646215 334.361074904 0.1086 9
171 5 -134.232855582 274.169493638 0.1492 9
172 9 -151.464613509 308.633009492 0.126 9
173 5 -132.924868101 271.553518678 0.1434 9
174 1 -169.576978198 344.857738872 0.1028 9
175 12 -123.931153501 253.566089476 0.1608 9
176 21 -180.654011932 367.01180634 0.0912 9
177 40 -207.618998022 420.941778519 0.01 9
178 8 -147.933167814 301.570118104 0.126 9
179 4 -165.246462908 336.196708291 0.1144 9
180 8 -158.221742806 322.147268087 0.1202 9
181 4 -168.548978198 342.801738872 0.1028 9
183 5 -128.570051655 262.843885785 0.155 9
184 3 -165.954683739 337.613149953 0.1028 9
185 7 -111.337425795 228.378634065 0.1666 9
186 11 -122.901095015 251.505972505 0.1492 9
187 8 -127.385972228 260.475726931 0.155 9
188 20 -152.146047217 309.995876908 0.126 9
189 3 -154.637633324 314.979049123 0.1202 9
190 32 -190.097149405 385.898081285 0.068 9
192 7 -144.232910997 294.169604469 0.1376 9
193 2 -140.664987374 287.033757223 0.1492 9
194 9 -93.7787928989 193.261368273 0.2072 9
195 9 -160.590883155 326.885548785 0.1144 9
196 0 -138.747124446 283.198031367 0.1434 9
197 23 -185.446241303 376.596265081 0.0796 9
198 8 -101.777241556 209.258265587 0.1434 9
199 11 -146.027359621 297.758501716 0.1376 9
200 22 -127.90058152 261.504945514 0.1608 9
202 17 -178.830011932 363.36380634 0.0912 9
203 7 -126.041651518 257.78708551 0.155 9
204 22 -134.807544214 275.318870902 0.1492 9
206 32 -125.741631272 257.187045018 0.1666 9
207 6 -103.145263907 211.994310288 0.1898 9
208 34 -148.279430386 302.262643246 0.1318 9
212 1 -140.973892193 287.65156686 0.1376 9
213 18 -208.828956606 423.361695688 0.01 9
215 8 -111.1285617 227.960905876 0.184 9
216 1 -115.48202643 236.667835334 0.1724 9
217 16 -152.913102453 311.529987381 0.1144 9
218 3 -153.736059203 313.17590088 0.126 9
220 26 -102.406952024 210.517686523 0.184 9
221 3 -142.923238884 291.550260242 0.1492 9
223 15 -122.235656262 250.175094999 0.1782 9
225 4 -144.116139625 293.936061724 0.1318 9
226 22 -157.727808495 321.159399465 0.1202 9
227 39 -161.271996667 328.247775808 0.1028 9
228 12 -135.382232846 276.468248166 0.1492 9
229 16 -131.070253478 267.84428943 0.1666 9
230 8 -92.9399969938 191.583776462 0.1956 9
231 40 -152.870196302 311.444175078 0.1318 9
232 7 -141.431238884 288.566260242 0.1492 9
234 8 -118.014374189 241.732530853 0.1608 9
235 11 -152.433827513 310.571437501 0.1318 9
236 12 -182.431727568 370.567237612 0.0796 9
237 3 -148.65870549 303.021193455 0.1376 9
238 25 -145.472161924 296.648106322 0.1434 9
240 3 -121.408395389 248.520573253 0.1434 9
241 4 -150.10697988 305.917742235 0.1202 9
242 7 -96.1490335171 198.001849509 0.213 9
243 13 -153.281770064 312.267322602 0.126 9
244 28 -167.259929122 340.223640718 0.1028 9
245 9 -153.736059203 313.17590088 0.126 9
247 15 -152.870196302 311.444175078 0.1318 9
248 35 -179.055453013 363.814688502 0.0854 9
253 4 -115.981314443 237.666411361 0.155 9
256 10 -125.73932965 257.182441775 0.155 9
257 24 -140.136994946 285.977772367 0.1376 9
258 8 -157.16463748 320.033057435 0.126 9
259 14 -91.3644730011 188.432728477 0.2014 9
260 13 -149.91405136 305.531885195 0.1376 9
261 7 -187.945848802 381.595480079 0.0738 9
262 11 -145.564034023 296.831850521 0.1376 9
263 8 -110.0848269 225.873436274 0.2014 9
264 3 -119.079779433 243.863341341 0.1666 9
1519 17 -158.613159623 322.930101721 0.1086 9
1520 4 -136.371566587 278.446915648 0.1318 9
1521 17 -154.314625494 314.333033463 0.126 9
1523 14 -156.333567635 318.370917745 0.1202 9
1524 11 -163.857746957 333.419276389 0.1144 9
1525 12 -153.406047217 312.515876908 0.126 9
1526 11 -128.572327558 262.848437592 0.1666 9
1527 15 -154.41527433 314.534331134 0.1318 9
1528 2 -137.796189814 281.296162102 0.1434 9
1529 2 -116.1081433 237.920069074 0.1782 9
1530 15 -119.748601663 245.200985801 0.1492 9
1531 10 -126.074401639 257.852585753 0.1666 9
1532 15 -104.090499819 213.884782112 0.2014 9
1533 22 -118.156780975 242.017344426 0.1724 9
1534 19 -171.649174505 349.002131484 0.1028 9
1535 15 -161.650433845 329.004650164 0.1086 9
1536 5 -149.077154114 303.858090702 0.1376 10
1537 12 -154.314625494 314.333033463 0.126 10
1538 32 -166.077891137 337.859564748 0.097 10
1539 24 -129.333226808 264.37023609 0.1492 10
1540 8 -158.693786599 323.091355672 0.1202 10
1541 11 -171.073517761 347.850817996 0.097 10
1542 7 -151.124721147 307.953224768 0.1318 10
1543 7 -130.866957337 267.437697148 0.1376 10
1544 13 -114.92932282 235.562428115 0.1782 10
1545 25 -147.397799174 300.499380823 0.1318 10
1546 12 -123.410090536 252.523963547 0.1666 10
1547 23 -206.541911262 418.787604999 0.0216 10
1549 27 -158.878926619 323.461635713 0.126 10
1550 4 -156.311677117 318.327136708 0.1202 10
1553 11 -162.958462908 331.620708291 0.1144 10
140 11 -110.402923882 226.509630238 0.1434 10
141 4 -145.127839415 295.959461304 0.1318 10
142 10 -113.73897643 233.181735334 0.1724 10
143 21 -190.280020489 386.263823453 0.068 10
144 16 -102.180324769 210.064432012 0.1782 10
145 10 -130.942022646 267.587827767 0.1608 10
146 24 -154.087480925 313.878744325 0.126 10
147 11 -161.797584364 329.298951202 0.1086 10
148 3 -170.882223581 347.468229637 0.1028 10
149 5 -144.343217652 294.39021778 0.1318 10
150 25 -149.041157823 303.786098121 0.1202 10
151 21 -165.341070955 336.385924385 0.1086 10
152 9 -115.189325094 236.082432662 0.1782 10
153 15 -188.371407237 382.446596948 0.068 10
154 3 -145.399686686 296.503155846 0.1376 10
155 0 -122.452286303 250.608355081 0.1608 10
157 8 -159.423742806 324.551268087 0.1202 10
158 9 -114.3261433 234.356069074 0.1782 10
159 15 -99.5458364207 204.795455316 0.1492 10
160 29 -102.310311584 210.324405643 0.184 10
161 4 -105.154126837 216.012036149 0.184 10
162 19 -184.308230315 374.320243105 0.0796 10
163 3 -153.693545739 313.090873952 0.1202 10
164 2 -143.036501067 291.77678461 0.1434 10
165 12 -160.590883155 326.885548785 0.1144 10
166 1 -148.4791735 302.662129475 0.1202 10
168 37 -133.315544214 272.334870902 0.1492 10
170 12 -158.197492911 322.098768296 0.126 10
171 5 -131.389917332 268.483617138 0.1376 10
172 9 -156.265575797 318.234934069 0.1144 10
173 5 -132.24177357 270.187329614 0.1376 10
174 1 -160.603852288 326.911487051 0.1202 10
175 12 -118.38828828 242.480359035 0.1666 10
176 21 -171.143272658 347.990327791 0.1028 10
177 40 -207.848873775 421.401530025 0.01 10
178 8 -142.438462374 290.580707223 0.1376 10
179 4 -168.525495696 342.754773866 0.1086 10
180 8 -159.18772091 324.079224294 0.1202 10
181 4 -170.000017327 345.70381713 0.097 10
183 5 -121.085880942 247.875544359 0.1608 10
184 3 -158.63315555 322.970093575 0.1144 10
185 7 -121.983783647 249.671349769 0.1492 10
186 11 -118.893806212 243.4913949 0.155 10
187 8 -120.039240066 245.782262607 0.1724 10
188 20 -160.101451254 325.906684982 0.1144 10
189 3 -163.857746957 333.419276389 0.1144 10
190 32 -183.886479874 373.476742222 0.0738 10
192 7 -155.574625494 316.853033463 0.126 10
193 2 -156.262983328 318.229749131 0.1202 10
194 9 -95.2737273808 196.251237236 0.1144 10
195 9 -154.375315271 314.454413017 0.1144 10
196 0 -141.433843698 288.57146987 0.1434 10
197 23 -192.132677109 389.969136692 0.0622 10
198 8 -97.9436933592 201.591169193 0.1898 10
199 11 -136.394455236 278.492692946 0.1492 10
200 22 -134.819288002 275.342358478 0.1608 10
202 17 -177.905643952 361.515070378 0.097 10
203 7 -133.315544214 272.334870902 0.1492 10
204 22 -131.902179397 269.508141268 0.1666 10
206 32 -126.329551659 258.362885792 0.1608 10
207 6 -96.0140022879 197.73178705 0.1956 10
208 34 -148.942877202 303.589536879 0.1318 10
212 1 -137.428138244 280.560058962 0.155 10
213 18 -209.348873775 424.401530025 0.01 10
215 8 -122.744549801 251.192882077 0.1666 10
216 1 -117.67660528 241.056993034 0.184 10
217 16 -152.513436257 310.730654988 0.1202 10
218 3 -149.588536752 304.880855979 0.1318 10
220 26 -118.312480786 242.328744047 0.1318 10
221 3 -151.567480925 308.838744325 0.126 10
223 15 -120.107826379 245.919435233 0.1666 10
225 4 -137.500775061 280.705332597 0.1434 10
226 22 -147.406692808 300.51716809 0.1318 10
227 39 -147.073481179 299.850744832 0.1376 10
228 12 -137.384994946 280.473772367 0.1376 10
229 16 -129.301892801 264.307568077 0.155 10
230 8 -83.4207737591 172.545329993 0.213 10
231 40 -152.827480925 311.358744325 0.126 10
232 7 -138.196854156 282.097490787 0.1434 10
234 8 -108.849278445 223.402339365 0.1898 10
235 11 -153.666742468 313.037267411 0.1202 10
236 12 -194.905723467 395.515229409 0.0564 10
237 3 -139.49413192 284.692046315 0.1492 10
238 25 -153.570997199 312.845776873 0.126 10
240 3 -115.955779132 237.615340739 0.184 10
241 4 -157.39178205 320.487346574 0.126 10
242 7 -107.210558802 220.124900078 0.2014 10
243 13 -154.41527433 314.534331134 0.1318 10
244 28 -156.028914633 317.761611741 0.126 10
245 9 -164.00196477 333.707712015 0.1086 10
247 15 -150.431758078 306.567298631 0.126 10
248 35 -187.508536153 380.72085478 0.068 10
253 4 -113.700639285 233.105061044 0.1724 10
256 10 -125.556369363 256.816521202 0.155 10
257 24 -144.116139625 293.936061724 0.1318 10
258 8 -163.360389279 332.424561034 0.1028 10
259 14 -86.2824635111 178.268709497 0.1666 10
260 13 -149.370352358 304.44448719 0.1318 10
261 7 -188.109766818 381.923316111 0.0738 10
262 11 -146.610973228 298.92572893 0.126 10
263 8 -106.994126837 219.692036149 0.184 10
264 3 -121.887131792 249.478046059 0.1492 10
1519 17 -158.325336783 322.354456041 0.1144 10
1520 4 -135.146297098 275.99637667 0.155 10
1521 17 -143.468840211 292.641462897 0.1434 10
1523 14 -152.442721147 310.589224768 0.1318 10
1524 11 -154.314625494 314.333033463 0.126 10
1525 12 -157.899007698 321.501797871 0.1144 10
1526 11 -141.990095768 289.683974011 0.1376 10
1527 15 -152.660905541 311.025593557 0.1318 10
1528 2 -134.807544214 275.318870902 0.1492 10
1529 2 -118.945707461 243.595197396 0.1782 10
1530 15 -122.707791305 251.119365084 0.1492 10
1531 10 -127.568932515 260.841647504 0.155 10
1532 15 -103.721813491 213.147409456 0.2014 10
1533 22 -123.107287481 251.918357437 0.155 10
1534 19 -174.190518627 354.084819728 0.097 10
1535 15 -156.569589531 318.842961537 0.1202 10