1536 5 -121.325625171 254.058815291 0.045 0.604
1537 12 -139.160345855 289.728256659 0.005 0.208
1538 32 -152.874949585 317.157464119 0.035 0.307       
1539 24 -121.922870631 255.253306212 0.005 0.307
1540 8 -148.853145584 309.113856118 0.005 0.208
1541 11 -132.383877446 276.175319842 0.11 0.703
1542 7 -137.583097497 286.573759944 0.015 0.307
1543 7 -105.512863396 222.433291742 0.015 0.505
1544 13 -125.391728143 262.191021236 0.005 0.307
1545 25 -169.451078985 350.309722919 0.005 0.208
1546 12 -157.805548151 327.018661252 0.005 0.307
1547 23 -202.448939245 416.305443438 0.205 0.109
1549 27 -145.705429435 302.81842382 0.005 0.208
1550 4 -142.108178321 295.623921592 0.015 0.307
1553 11 -129.643728859 270.695022668 0.065 0.604
140 11 -108.198461696 227.804488341 0.005 0.505
141 4 -115.121884055 241.651333059 0.015 0.406
142 10 -105.486010047 222.379585043 0.005 0.406
143 21 -170.280860412 351.969285773 0.145 0.406
144 16 -104.352104328 220.111773606 0.005 0.505
145 10 -106.790840021 224.989244992 0.005 0.307
146 24 -140.233882367 291.875329683 0.005 0.208
147 11 -126.7704075 264.94837995 0.06 0.604
148 3 -142.330730565 296.06902608 0.045 0.406
149 5 -124.355679426 260.118923801 0.035 0.505
150 25 -140.022476052 291.452517054 0.005 0.208
151 21 -143.642193406 298.691951761 0.005 0.208
152 9 -123.691323828 258.790212605 0.005 0.406
153 15 -173.836973803 359.081512556 0.125 0.307
154 3 -119.408803325 250.2251716 0.035 0.505
155 0 -141.460951536 294.329468021 0.005 0.307
157 8 -159.90058597 331.208736889 0.005 0.208
158 9 -110.330648698 232.068862345 0.005 0.505
159 15 -91.0728974915 193.553359932 0.005 0.505
160 29 -122.606183566 256.61993208 0.005 0.505
161 4 -102.530964876 216.469494702 0.005 0.505
162 19 -191.913308305 395.234181559 0.005 0.109
163 3 -144.676576998 300.760718946 0.005 0.208
164 2 -120.626151935 252.65986882 0.02 0.406
165 12 -144.931401842 301.270368634 0.05 0.406
166 1 -110.071020083 231.549605115 0.065 0.901
168 37 -128.036267606 267.480100161 0.005 0.307
170 12 -141.467146188 294.341857326 0.045 0.406
171 5 -116.041920518 243.491405986 0.005 0.307
172 9 -134.772481038 280.952527026 0.02 0.307
173 5 -110.678854866 232.765274682 0.01 0.406
174 1 -145.135121011 301.677806972 0.005 0.208
175 12 -100.167962506 211.743489961 0.005 0.406
176 21 -136.527129139 284.461823227 0.145 0.802
177 40 -206.694605451 424.79677585 0.005 0.01
178 8 -130.183925366 271.775415681 0.02 0.406
179 4 -134.590598799 280.588762547 0.07 0.505
180 8 -118.863197315 249.13395958 0.07 0.703
181 4 -126.88487604 265.177317029 0.125 0.901
183 5 -132.160126955 275.727818859 0.005 0.307
184 3 -153.536076561 318.479718071 0.01 0.208
185 7 -115.454918521 242.317401992 0.005 0.406
186 11 -110.533817721 232.475200391 0.005 0.406
187 8 -106.403895285 224.21535552 0.01 0.406
188 20 -150.163619599 311.734804148 0.005 0.208
189 3 -126.200654977 263.808874903 0.08 0.703
190 32 -194.486809826 400.381184602 0.01 0.109
192 7 -139.551872475 290.5113099 0.02 0.307
193 2 -134.861804609 281.131174166 0.015 0.307
194 9 -127.12179459 265.651154129 0.005 0.703
195 9 -150.116903807 311.641372563 0.01 0.208
196 0 -109.19105321 229.789671369 0.025 0.505
197 23 -183.833604437 379.074773823 0.015 0.109
198 8 -139.683874635 290.775314219 0.005 0.604
199 11 -118.299234541 248.006034031 0.025 0.505
200 22 -129.163192736 269.733950422 0.005 0.307
202 17 -151.230753146 313.869071242 0.1 0.505
203 7 -142.745108598 296.897782146 0.005 0.307
204 22 -128.383923979 268.175412908 0.005 0.307
206 32 -127.490718602 266.389002152 0.005 0.307
207 6 -81.7587039121 174.924972773 0.005 0.505
208 34 -172.235717982 355.879000912 0.005 0.208
212 1 -104.843418896 221.094402741 0.03 0.604
213 18 -209.449668345 430.306901639 0.205 0.01
215 8 -105.924010726 223.2555864 0.005 0.406
216 1 -107.091740532 225.591046013 0.005 0.406
217 16 -168.182902849 347.773370648 0.005 0.208
218 3 -146.539197403 304.485959756 0.015 0.307
220 26 -134.750580444 280.908725838 0.005 0.505
221 3 -101.584188281 214.575941512 0.07 1.0
223 15 -125.473805003 262.355174955 0.005 0.406
225 4 -128.54425557 268.496076089 0.025 0.406
226 22 -132.282348889 275.972262726 0.015 0.307
227 39 -149.262729776 309.933024501 0.005 0.208
228 12 -112.996739096 237.401043142 0.005 0.307
229 16 -115.257513148 241.922591246 0.005 0.307
230 8 -122.707744365 256.823053679 0.005 0.802
231 40 -137.082368582 285.572302114 0.005 0.208
232 7 -122.037075927 255.481716802 0.01 0.307
234 8 -105.004068796 221.415702541 0.005 0.406
235 11 -155.629125591 322.665816132 0.005 0.208
236 12 -173.338617426 358.084799802 0.005 0.109
237 3 -139.340498991 290.08856293 0.005 0.208
238 25 -146.72639003 304.86034501 0.005 0.208
240 3 -97.7981104412 207.003785832 0.005 0.406
241 4 -144.795878136 300.999321221 0.005 0.208
242 7 -89.3165034257 190.040571801 0.005 0.505
243 13 -105.924777416 223.257119781 0.09 1.0
244 28 -170.968783854 353.345132657 0.01 0.208
245 9 -124.734176879 260.875918708 0.07 0.703
247 15 -119.488626487 250.384817924 0.05 0.604
248 35 -183.811359762 379.030284474 0.005 0.109
253 4 -115.36803199 242.14362893 0.005 0.406
256 10 -120.046671082 251.500907114 0.005 0.307
257 24 -115.252399831 241.912364612 0.015 0.406
258 8 -123.006797488 257.421159926 0.08 0.703
259 14 -95.8802891488 203.168143247 0.005 0.802
260 13 -140.208037141 291.823639232 0.035 0.406
261 7 -195.571675473 402.550915896 0.005 0.109
262 11 -133.302752336 278.013069622 0.01 0.307
263 8 -105.568778605 222.545122159 0.005 0.406
264 3 -130.378651469 272.164867887 0.005 0.406
1519 17 -116.942435522 245.292435993 0.08 0.802
1520 4 -123.389252657 258.186070263 0.005 0.307
1521 17 -132.534046594 276.475658138 0.015 0.307
1523 14 -134.928767247 281.265099444 0.035 0.406
1524 11 -135.360984697 282.129534343 0.02 0.307
1525 12 -147.161089681 305.729744311 0.025 0.307
1526 11 -115.328055825 242.063676599 0.005 0.307
1527 15 -143.296734761 298.001034472 0.02 0.307
1528 2 -131.113393779 273.634352507 0.005 0.307
1529 2 -114.88516584 241.17789663 0.005 0.406
1530 15 -131.689069623 274.785704194 0.005 0.406
1531 10 -115.710035037 242.827635022 0.01 0.406
1532 15 -128.035974498 267.479513946 0.005 0.505
1533 22 -112.013793888 235.435152726 0.005 0.406
1534 19 -136.956863031 285.32129101 0.1 0.604
1535 15 -127.866630462 267.140825873 0.05 0.505