1536 5 -150.658902647 307.021587769 0.126
1537 12 -148.841746092 303.387274659 0.126
1538 32 -165.08796477 335.879712015 0.1086
1539 24 -130.555934761 266.815651996 0.1608
1540 8 -151.77927433 309.262331134 0.1318
1541 11 -173.460321735 352.624425944 0.1028
1542 7 -156.311677117 318.327136708 0.1202
1543 7 -132.687611381 271.079005237 0.1608
1544 13 -138.215172987 282.13412845 0.1492
1545 25 -154.401611428 314.50700533 0.1202
1546 12 -101.707813491 209.119409456 0.2014
1547 23 -207.299332033 420.302446542 0.0158
1549 27 -155.574625494 316.853033463 0.126
1550 4 -161.325031007 328.353844488 0.1144
1553 11 -161.805852288 329.315487051 0.1202
140 11 -92.3429732402 190.389728955 0.2014
141 4 -141.582298742 288.868379959 0.1492
142 10 -116.816192206 239.336166887 0.184
143 21 -188.683848802 383.071480079 0.0738
144 16 -103.376697128 212.45717673 0.2072
145 10 -132.681495666 271.066773806 0.155
146 24 -129.779874659 265.263531793 0.126
147 11 -155.288011907 316.27980629 0.1318
148 3 -162.041874184 329.787530843 0.1202
149 5 -148.449481179 302.602744832 0.1376
150 25 -139.16109853 284.025979535 0.155
151 21 -135.878138244 277.460058962 0.155
152 9 -99.4388189326 204.58142034 0.2072
153 15 -191.640020489 388.983823453 0.068
154 3 -148.160312384 302.024407242 0.126
155 0 -115.668974774 237.041732023 0.184
157 8 -124.020815885 253.745414245 0.1028
158 9 -103.869598456 213.442979386 0.1666
159 15 -105.297529016 216.298840507 0.184
160 29 -80.0227688535 165.749320182 0.1318
161 4 -112.382719478 230.469221431 0.1898
162 19 -194.048934667 393.801651809 0.0622
163 3 -155.345699013 316.395180501 0.1202
164 2 -145.190462374 296.084707223 0.1376
165 12 -170.701642219 347.107066913 0.097
166 1 -152.006352358 309.71648719 0.1318
168 37 -118.531202654 242.766187783 0.1202
170 12 -162.749939874 331.203662222 0.1202
171 5 -133.771934761 273.247651996 0.1608
172 9 -153.178902647 312.061587769 0.126
173 5 -132.924868101 271.553518678 0.1434
174 1 -151.340336356 308.384455186 0.126
175 12 -124.075631272 253.855045018 0.1666
176 21 -175.965643952 357.635070378 0.097
177 40 -199.083347499 403.870477473 0.0448
178 8 -144.032113129 293.768008733 0.1492
179 4 -169.593174505 344.890131484 0.1028
180 8 -159.637874184 324.979530843 0.1202
181 4 -174.087018194 353.877818862 0.097
183 5 -145.434139625 296.572061724 0.1318
184 3 -162.513917977 330.731618429 0.1202
185 7 -122.626845177 250.957472828 0.1608
186 11 -124.056168458 253.816119391 0.1666
187 8 -130.825226808 267.35423609 0.1492
188 20 -156.483203772 318.670190019 0.126
189 3 -163.368315056 332.440412587 0.1144
190 32 -193.612290771 392.928364017 0.0622
192 7 -154.851643119 315.407068712 0.1318
193 2 -142.156987374 290.017757223 0.1492
194 9 -23.5384486912 52.7806798571 0.1608
195 9 -157.48915555 320.682093575 0.1144
196 0 -140.40050804 286.504798555 0.1434
197 23 -187.494889794 380.693562063 0.0738
198 8 -72.4291401163 150.562062707 0.2246
199 11 -141.001504554 287.706791582 0.1434
200 22 -134.295611381 274.295005237 0.1608
202 17 -173.385393302 352.474569079 0.097
203 7 -123.823208248 253.350198972 0.1724
204 22 -135.146297098 275.99637667 0.155
206 32 -128.935972228 263.575726931 0.155
207 6 -106.589300216 218.882382906 0.1956
208 34 -162.469031007 330.641844488 0.1144
212 1 -137.832047233 281.36787694 0.1492
213 18 -210.238915191 426.181612856 0.01
215 8 -125.230290067 256.164362608 0.1724
216 1 -127.90058152 261.504945514 0.1608
217 16 -161.110851089 327.925484652 0.1086
218 3 -156.937492911 319.578768296 0.126
220 26 -79.4976788214 164.699140118 0.213
221 3 -153.653280094 313.010342662 0.1144
223 15 -114.825866489 235.355515453 0.1898
225 4 -153.281770064 312.267322602 0.126
226 22 -151.997458724 309.698699923 0.1318
227 39 -151.567480925 308.838744325 0.126
228 12 -127.726022646 261.155827767 0.1608
229 16 -142.647686686 290.999155846 0.1376
230 8 -46.2310076771 98.1657978289 0.184
231 40 -148.449481179 302.602744832 0.1376
232 7 -144.069836725 293.843455925 0.1434
234 8 -116.916772044 239.537326562 0.1666
235 11 -116.194423057 238.092628588 0.1318
236 12 -174.62376841 354.951319295 0.097
237 3 -146.864256867 299.432296209 0.1376
238 25 -156.547699013 318.799180501 0.1202
240 3 -116.529387848 238.762558171 0.184
241 4 -150.243089935 306.189962345 0.1318
242 7 -109.657140066 225.018062606 0.1724
243 13 -158.42463748 322.553057435 0.126
244 28 -169.576978198 344.857738872 0.1028
245 9 -157.618926619 320.941635713 0.126
247 15 -153.09727433 311.898331134 0.1318
248 35 -180.104240572 365.912263619 0.0912
253 4 -124.574786823 254.853356121 0.1666
256 10 -129.404253478 264.51228943 0.1666
257 24 -133.211288002 272.126358478 0.1608
258 8 -164.07554003 333.854862534 0.1086
259 14 -48.4857669022 102.675316279 0.1608
260 13 -159.423742806 324.551268087 0.1202
261 7 -189.234278321 384.172339116 0.068
262 11 -145.069808244 295.843398962 0.1376
263 8 -109.580909678 224.86560183 0.1956
264 3 -117.917681861 241.539146198 0.1782
1519 17 -163.4957524 332.695287275 0.1086
1520 4 -126.022585521 257.748953517 0.1724
1521 17 -150.243089935 306.189962345 0.1318
1523 14 -159.102483551 323.908749576 0.1028
1524 11 -152.224536752 310.152855979 0.1318
1525 12 -160.603852288 326.911487051 0.1202
1526 11 -135.512217671 276.728217816 0.155
1527 15 -159.122587451 323.948957377 0.1144
1528 2 -143.36886669 292.441515854 0.126
1529 2 -116.672790027 239.049362529 0.184
1530 15 -115.009903201 235.723588877 0.1608
1531 10 -137.163518499 280.030819472 0.1434
1532 15 -82.2195750759 170.142932626 0.1492
1533 22 -127.072712742 259.849207959 0.1666
1534 19 -169.315929122 344.335640718 0.1028
1535 15 -159.895786599 325.495355672 0.1202